14166
32011
11565
2420
7498
23475
5862
5492
3849
29053
4025
2735
25981
19449
26111
22763
225
31685
5108
19778
1655
11113
2829
38
9854
7552
18828
25763
32351
22041
28241
23780
27431
29532
16115
30713
24633
31089
21519
15575
5701
5533
24544
9888
9844
7342
17168
13861
26085
18586
25550
15530
5469
31075
31521
17385
14650
32061
19580
14169
11689
9203
31634
12975
19225
8583
29803
6565
12016
1049
6584
23803
31868
16649
11620
4284
10796
7520
10091
14275
12032
30060
28399
26749
9278
10155
10633
12017
12135
9963
5341
20477
18537
30638
7793
20962
12310
7379
11711
28163
10965
14195
21640
20457
21399
24074
22892
17803
6925
28375
20664
17612
18201
24965
14207
27206
1666
23562
17644
21830
27883
3792
26070
1303
27398
7186
5781
7044
5893
3722
3860
10392
22865
9033
29992
25512
20863
27366
2336
30100
1920
1498
158
14409
15639
43
933
3978
29584
4168
32754
16113
31152
15668
18064
24880
5608
12263
10151
25757
8397
13298
149
12526
9165
11105
28735
23104
20506
31205
9641
1375
25067
11059
31941
24897
17380
22695
23945
22995
1746
4653
4420
26617
412
20065
562
8911
11639
9717
6478
30262
4696
24147
11879
8844
22447
1924
15990
27066
19794
12625
23599
3444
183
31656
3798
700
12903
1601
4948
32424
16303
896
13194
16486
21657
29342
10213
15485
31259
17668
14131
3413
21645
29431
2229
19706
9824
17274
23669
15389
27406
19312
7641
23132
7757
26626
1145
21443
904
14400
14126
26514
399
23051
9579
11328
26254
28210
2769
21697
10300
10203
20733
23301
29780
27429
17317
13249
9545
16139
19171
28529
28470
5772
8144
27806
22803
13576
12117
32604
22063
12782
7998
12824
5082
24468
10640
912
20322
6502
16925
17955
18498
15683
14933
1099
8853
21540
22367
3688
19921
11775
3689
5567
17329
29931
23356
30914
13171
31620
25875
9362
27972
19089
26029
12226
8697
12772
1697
4702
19199
24706
10482
7979
20117
18436
19171
8753
13368
20285
12
18551
32095
6173
12206
13582
30313
23765
3396
26448
5076
10300
32602
22122
12207
28018
26786
26136
15186
17091
1861
6320
14668
17358
24183
8802
5021
24294
24142
16830
8742
4536
15828
374
30045
22830
15195
18278
14661
22676
14096
21713
17566
31738
23507
7150
10328
6617
19014
3747
21326
22521
31268
19088
7729
22417
17877
17999
21442
27825
21567
25594
2373
25821
21726
3310
23346
8442
16919
15055
25133
1647
7625
4557
29752
2948
23590
28709
1576
25357
28865
5866
16725
2893
12775
20485
8598
17429
1587
13691
12141
12332
4189
32238
10878
9715
19795
29287
14406
29513
22667
29010
27401
6317
19095
8906
13580
16290
26106
16919
7173
28760
1594
8309
16592
19080
1334
17687
3939
17824
2746
20076
11012
15392
31313
30881
27322
17988
29530
28007
31233
10211
5982
16630
29121
21911
2721
16466
32129
21790
25335
29901
24792
32000
30937
205
28965
22386
20152
14799
22400
11387
657
9132
12017
30549
32194
12571
21215
19222
22300
28024
29131
27280
6969
29636
14398
6005
28432
22252
10239
23743
16582
24398
28554
22606
31432
16761
21950
18387
27926
12852
3542
23790
24802
31683
1946
7315
2649
30821
4054
19890
19649
5665
21772
15127
1220
18370
9318
19599
19723
1825
29422
15180
28943
19618
1793
25994
556
8193
22017
1395
17144
9807
27211
20288
23762
20791
25961
15010
5054
4998
29320
31584
27760
16107
15660
27969
30886
28410
16418
30508
15803
9591
183
10638
27001
31698
2599
7164
18736
3566
15704
19994
14084
550
18632
4027
29067
21138
23748
13385
4504
15238
28636
5480
4689
29532
10131
10454
8072
3956
14683
11669
7752
14968
22464
13389
9133
8165
32739
1772
19961
12487
15146
13199
13285
9668
10550
16037
24117
25179
26133
16465
32655
7534
8377
28945
24205
29438
30121
27038
9745
17207
25079
6675
4057
684
25202
15440
7507
24547
4892
17825
21170
25108
25311
7067
10305
25902
12155
4167
9719
5915
24003
27011
23884
23109
16905
30628
13644
12633
27863
32608
15594
6219
12256
31468
30614
28314
28469
30305
22546
22229
4796
2916
23937
12126
11231
16390
1729
2158
9089
19689
4090
15193
1078
3749
11895
1811
13491
9833
16053
22003
13955
3558
6330
4280
15612
8808
32424
8906
12402
27462
22930
5058
29098
8061
14478
23083
29073
11928
17932
19338
28974
20691
10086
19869
32214
25215
31416
11489
32159
3752
26353
15446
24599
3318
29226
8838
18229
30417
4663
30660
15503
30664
11132
6578
18126
23860
29186
22534
29535
18712
24779
24205
10348
3148
15202
112
21259
27611
19893
18614
17845
21929
24103
29706
23289
18521
1506
14270
12401
29293
25450
31249
3574
19631
23416
24493
19728
13264
23557
21108
21680
17744
21925
25980
32034
925
24342
14936
28733
1407
14105
19354
23005
13491
6272
16533
31891
24535
5257
11880
32410
9094
26474
27192
781
28355
31533
20668
25432
9883
3262
9983
7405
11526
10051
30817
18232
20239
27051
5599
9684
24116
19082
6805
11007
30992
20004
6529
32331
18231
25287
22666
23447
11362
22367
15553
24126
14028
8260
19430
3214
19675
24150
26414
14204
24067
23628
9027
661
6888
30281
24973
10296
30914
8112
3760
19971
1030
31546
10838
32139
17987
14662
31790
5456
17225
12400
6709
17904
20881
25700
9268
28570
20953
28405
22665
29638
2575
32617
26155
20259
10096
25623
8169
4049
11249
21045
29938
31697
19166
24555
21146
31674
30913
25771
21339
7597
12933
13253
24346
17546
16347
25910
8364
22372
29917
8385
29849
1331
14065
8002
13600
28873
18673
22078
1915
22792
8841
446
3684
4433
22240
94
9687
24127
20090
13729
3098
2710
22621
26247
7163
18550
22130
17506
31833
13013
2351
6629
26853
812
15987
20094
30762
20335
26545
13286
715
25667
23377
20982
4108
3948
17747
9404
27540
28292
2870
206
18546
5619
10008
4574
5469
9243
15902
10127
26176
5331
30230
17543
5878
26903
20059
9157
2897
30461
32761
10293
12386
30187
10514
27266
8948
6920
18305
22828
8026
23024
18108
7898
7787
7596
9471
17137
17354
3553
29607
14437
363
13383
14044
20176
5202
5725
26738
14785
16030
5980
8721
8790
25287
13929
12948
30477
25636
32014
8880
28119
28848
12779
27862
27758
6157
9129
27738
19177
21449
8240
18388
9358
25825
27674
23239
10983
10883
20071
25216
12056
22040
1138
29249
21871
8322
12835
29343
10045
25762
8807
12329
30436
17182
27613
15690
18994
13153
19923
11121
16109
9699
22896
24430
7599
7082
15154
1312
3828
22289
14492
26189
9842
2504
13864
10449
14505
9244
22915
14331
11962
10616
7161
23860
19580
11820
24878
19425
7373
25198
26128
9355
30758
20126
7177
13117
22899
9423
17529
27950
29985
19330
24675
29088
18040
1460
18535
4616
1835
23580
240
9583
17709
11182
7854
11032
2759
32099
20295
99
19688
2876
23113
11761
5052
5765
11876
4105
4479
29527
20182
24123
7060
28000
13606
22083
14801
27110
31509
3632
16414
27402
24786
12741
9790
22602
877
12063
4588
12362
22414
5784
18218
2004
15463
12780
29398
31261
15079
5786
894
28234
17712
14221
1141
22066
2636
14844
12070
19046
12827
4495
9897
10095
5520
10179
4500
4182
18205
4751
1556
31338
32620
7752
31804
9789
16976
11970
15004
10736
20475
15288
28950
28848
13937
27757
30189
21377
5949
5780
22815
12090
30050
9325
16885
7121
8084
9778
19160
10457
2728
4785
20326
17225
12362
31546
24773
10367
17902
14011
21559
2693
24585
18474
8175
18834
21888
1059
31268
26324
30560
14803
28259
5228
28881
25364
23849
1723
25413
8153
6577
27356
4853
205
6667
9841
14222
25911
28014
17571
17703
28705
27855
13412
16759
22713
22962
15351
31045
6647
24385
17843
10783
17792
10651
27140
29775
32203
1902
23218
10507
23426
18888
4966
18668
16939
22058
29546
18082
26631
7903
9392
25061
5434
30091
29718
11950
24109
27655
32488
7336
23857
14188
22950
4833
12133
18798
5128
29638
14553
5100
15936
7502
29683
10948
21375
14709
20498
14316
11706
29420
25458
30143
26286
25103
29776
9108
18978
17943
7502
10389
15724
24209
4376
22735
16438
30991
16712
4229
27266
1821
27783
6602
3052
20598
22517
4175
20527
5496
14284
14201
3307
13782
2880
30390
7334
12173
28585
28690
27408
2585
12003
25861
5771
488
3317
23951
19178
2063
6386
17799
14713
27196
1309
29745
21054
14059
19024
21006
8831
12765
6815
4344
31877
27846
26424
10862
19615
22599
32141
6188
16233
24859
32694
31486
7501
28053
15376
9175
32587
20298
10283
13085
16630
32011
739
16968
21439
10518
25036
19371
22390
1932
11732
17553
7182
22822
21283
7564
28833
3620
10310
7434
25523
5511
20621
18473
22715
11392
7601
19917
5856
16936
13498
10223
13568
17265
31264
26424
1782
25437
2353
23758
28701
13166
15026
5742
16144
8285
32457
24763
30388
9999
3611
17365
10361
21956
13873
11822
17372
28050
17696
16793
32561
14354
22633
30372
15775
25945
4894
2600
5740
1577
32582
26910
24954
30313
7811
3764
27922
19411
28146
2209
16609
7405
24915
5557
4672
13370
6506
4788
19897
945
22948
10596
22982
27758
254
30181
30427
11944
2595
5697
24743
5603
22228
22596
5272
13670
19085
31118
24989
18672
30822
11750
9519
3495
26679
24529
22930
10065
14079
24419
22872
26054
5767
29526
31784
32421
28738
89
28861
3911
12152
15018
30769
31473
30371
5607
26236
31054
17434
26402
3128
26908
18924
27955
28071
15141
32015
13138
27382
2417
8122
485
15811
11962
19215
20886
28638
29216
15357
29865
12108
6942
26469
27276
9106
445
6523
4528
10288
28423
9328
11160
4203
25023
25166
26416
22607
2895
3619
25951
26357
6402
14433
27615
17922
7539
23173
14925
29296
11846
19959
13692
10897
2581
10801
23823
23888
23213
20004
16199
7867
26491
6359
24345
17854
19521
5458
16516
5937
2061
7610
3873
8726
30828
14781
4860
12571
5339
15409
26530
30055
32382
25591
10619
20114
14357
1062
3418
21493
6699
30565
5715
805
22416
25241
24013
14266
9738
2753
8663
20565
24392
16925
3520
9441
11799
12438
28897
12824
7129
31578
22462
7753
4658
4039
15182
31577
9476
5514
14998
27145
14494
19464
4733
630
22576
22269
18395
9702
20610
15970
14291
7617
25318
9621
611
11230
9324
32180
825
28672
23892
14153
19656
18081
31945
14125
22940
1262
29900
4774
26602
13842
4718
22227
13164
15799
9794
24394
363
970
4370
32767
13086
3455
2257
1640
21042
10134
10705
21982
19370
1500
10294
9031
19689
31732
13739
5106
30477
13143
28499
17346
23679
666
26626
30351
31944
18928
8878
30921
12967
30959
4384
29534
18528
8599
27375
14046
9814
15504
28847
16862
20444
691
28518
1690
8777
32716
6207
13278
2634
17054
131
1318
9085
20008
24004
24068
30267
12327
21084
13506
18357
24796
24086
4168
12354
20495
18218
7489
27639
17236
3951
7802
6521
27021
18892
15498
23311
18352
25583
30904
3579
25291
14402
18201
3083
19269
31771
5113
11115
28006
24116
14460
28861
19225
26970
8837
10091
753
32617
13271
21564
18539
119
7291
13862
12659
29264
13409
18788
32041
15395
6218
200
14308
19066
3556
10577
24695
12143
29495
11264
29364
4893
15681
8680
31535
2134
18909
28293
6213
6548
2282
21582
3164
8753
16552
14221
17771
18394
29029
879
32190
10305
7258
25943
23027
3858
29136
21112
10313
18473
10887
2979
9498
25090
4183
4957
26789
29808
31256
18997
25105
16274
16064
9557
943
14083
25547
13142
1152
19794
2784
25433
23287
5042
25265
16979
21759
498
7971
8872
28992
31407
15535
25084
23966
24520
4871
16709
16131
19218
31485
805
9823
16205
2977
17528
22253
25943
12970
17193
16823
10656
11288
1865
23132
19934
7447
8802
10513
17154
22053
30984
15846
24426
119
19122
26955
17752
15001
27592
24018
3491
26710
26109
7990
2732
14807
29407
25245
14228
11791
1196
17434
10156
5206
20840
30070
2605
20819
5164
18992
5674
27424
30913
17602
29378
8361
25966
2342
28570
4181
5901
22681
8587
12777
17252
31391
14231
10153
13747
14151
7202
10944
6538
18096
13918
5857
26589
22988
24584
22831
10842
8292
25426
18010
2298
28764
5408
7179
21975
29241
24438
12675
2877
30432
20529
7039
28675
23200
32758
18270
22044
6515
25961
20869
10089
30849
26783
6915
13521
26854
19157
25201
31636
1973
13922
25628
21724
24381
2794
17767
17302
19851
14805
20330
21631
13360
18175
15583
17538
21828
16817
7999
24897
426
18897
7976
22514
31894
30037
7170
26220
14413
10749
28386
8833
20524
16194
21678
19343
25580
31882
17283
23122
14372
18333
12115
17148
16399
5980
467
7560
29840
32433
18836
10315
7283
25538
25711
22732
27126
14186
10535
28373
4488
16617
21578
15818
15824
20954
15448
8250
1265
30310
4391
18868
17165
30136
10886
27356
32264
14000
10785
23485
13966
23772
29861
16481
19031
12708
17956
23455
19369
11716
26042
1077
29215
14080
15473
28695
2218
26130
21346
18950
31957
26856
32029
17763
29517
21772
11851
9286
1440
32356
18834
25547
3397
9755
25273
684
8157
5599
15629
5653
8376
31565
2307
8371
2971
6057
9502
24591
23744
6099
26131
1050
14879
10358
10796
1288
16876
6787
15338
2914
8801
11230
18414
7767
24253
18519
27161
3156
25997
22235
5619
16852
23594
26347
24137
632
17283
21070
24603
14426
23068
9987
21685
19871
24407
28026
3867
17483
7155
7940
26794
89
21458
24711
24829
30732
1279
21878
29966
16000
6127
7936
29085
7300
25863
23432
17622
11180
13151
14934
4910
10145
5318
30604
5006
27068
17158
21595
30387
17107
25193
24438
24021
10067
19835
8647
9350
24975
19986
866
478
15960
26508
31927
17621
26574
5720
26635
12272
25205
10424
1833
14368
24716
5316
4436
10983
24474
28595
23937
32700
17481
27222
31939
22705
26743
30437
22791
30291
20363
31742
11265
8913
29957
14571
25190
22625
26970
16164
16220
9952
12542
9492
21551
7352
6594
22048
8261
14087
31328
9190
27988
7422
4180
31938
15314
10887
28654
27543
21421
3626
15014
17612
19773
32305
4015
9364
9847
18698
27343
8819
14435
17646
25965
24062
8400
25280
3564
18658
29766
26680
18743
21031
19516
5440
29341
22198
1419
14494
11744
31513
17187
30676
8072
21123
2300
20036
32637
30480
848
1944
14805
30541
19976
14689
4587
15611
20596
32766
31665
20752
318
704
8007
8447
9889
844
15052
10553
26326
31808
22132
10484
15567
4889
32474
17195
9512
24916
31128
12518
5979
22739
10262
26811
7987
18307
3231
24469
10883
15932
9658
18100
24343
24296
5047
27381
3307
21992
15496
6484
4251
691
25042
11439
14875
5056
23876
10445
2984
6567
30504
1694
25854
21891
2871
5572
28364
18074
28594
5971
23141
15168
21166
30165
18872
26872
432
16018
29570
20445
20345
16398
22466
27968
3107
29138
6254
403
17261
2415
19044
28037
13652
24769
21155
27247
15587
4465
9147
8687
6475
27069
28546
26834
19766
7804
8457
8504
2137
24156
13006
2034
20296
10863
13619
28975
21903
6118
6447
14424
15870
24348
4932
26424
13636
23510
10929
22624
6848
25289
18664
22730
11155
4188
23874
3260
25594
29872
26866
7151
2779
16605
1848
26865
7069
22911
17879
22472
573
29298
25032
26584
23966
6105
15408
9479
15393
18533
7056
13342
1654
1236
3387
32370
3250
30903
31502
16581
27041
8313
18779
359
12381
4253
4390
12704
6175
16967
19092
32339
6742
2302
31648
5083
14070
5552
16144
22841
21267
10998
14247
26225
26030
26266
17309
14897
26319
17495
1100
29364
13524
15839
3628
3558
25608
11299
21761
29897
11383
19918
10323
22039
27137
5906
21535
5161
25262
11944
14796
18967
18241
15378
30048
11297
8720
27428
25332
18253
10258
18626
6246
25682
8250
23787
10061
4533
21763
9719
15154
6450
17485
22812
26621
25693
359
3127
15533
5257
32109
11465
28236
20969
10708
26688
12066
5621
10563
27001
1578
29967
676
3970
15042
11111
2684
420
10406
28956
30327
17569
4127
22948
20296
13626
13944
17005
13487
3060
27314
5316
10203
19996
17017
24311
20467
20489
9046
2230
27888
11425
27685
9919
27821
22047
21194
12731
22081
9235
18976
9314
32652
681
1074
17638
16656
10031
25774
7567
7170
28114
30614
26786
1697
17576
16441
29576
21191
18420
29794
15660
25278
29605
30671
21413
8276
3615
11236
13589
27186
12350
26529
14289
27497
3736
11218
15810
4430
26627
26501
14091
5000
15704
24769
14315
16999
13942
5493
9701
3960
22665
10415
16415
1110
29068
12302
1801
7106
23820
30074
18238
12534
1583
274
19375
31031
19190
32614
31486
15274
9407
22503
25640
15208
14862
1948
32359
2004
15756
5142
8279
10029
15952
10917
29271
20319
19806
16332
24626
8479
7277
17139
19967
6454
31214
14940
5189
11293
20041
23384
1891
16331
32362
29371
3631
30667
22396
12685
3038
1937
26612
12802
8484
32526
27090
18604
2203
17794
8739
30192
4713
13970
22987
2999
798
5530
21377
23397
23003
19268
25371
15
16825
8538
2572
6377
12904
28888
15659
2045
1047
30278
14262
2339
31380
16452
32662
13613
2997
27751
32484
17762
25846
9795
22189
11054
29795
7369
20210
20503
30905
25044
2035
4595
23752
26622
20654
20312
25115
4792
18082
6229
24283
3226
8920
22367
4849
22519
22564
1678
22635
19893
26281
17674
13089
32347
2203
24768
920
10604
7241
10329
24870
16116
28506
6508
24407
8032
20310
16114
17040
3474
873
21499
26610
1845
4964
32416
25729
30542
5
14137
8070
30484
20600
12240
27698
4354
6429
20437
26243
14890
24460
6162
5996
30156
32727
738
9264
22311
30479
13470
3343
21903
14089
4185
16164
9920
26465
1229
32142
4978
14272
9620
26062
31278
10075
25756
4976
29791
26044
32725
9966
20908
12485
30508
13265
23941
21490
7869
23065
8956
11486
8516
3807
8919
22793
1749
22585
12259
28888
5070
94
25995
29661
5129
1034
27816
19033
26198
16420
667
32767
23592
8863
30362
7163
16782
25246
4423
14899
8549
987
6791
18893
6605
10569
29073
5361
21721
31480
27461
30160
31115
9017
27328
23781
10495
9988
26669
3194
23526
7574
23005
11631
13366
2910
13211
8503
5920
25626
28729
13603
9027
30782
22895
6883
22303
20885
486
19018
31692
17194
9615
12369
10219
12393
25657
20319
28382
20354
2659
13511
4148
27406
23630
26514
15207
26357
5975
13440
15306
3215
7556
31561
8381
25097
32605
24872
13859
4363
22525
3226
24854
8343
12136
20068
13529
1589
22303
23507
21517
21069
29938
32327
29224
31700
12310
23539
2340
3882
13431
15838
6004
17475
79
30509
31292
16390
12280
20901
14273
1266
15359
9068
19999
22279
23929
29199
23098
5860
3226
18121
10998
22573
19843
6147
5291
14127
16220
27671
6355
12743
8611
6489
13830
1919
17347
18264
29737
25851
4841
5473
226
24212
14867
2629
28750
32322
2154
12636
30199
26815
4561
2250
10752
24041
15806
9473
11939
6249
14408
11656
18910
20626
31106
5882
18280
26251
22280
15953
14058
30641
21463
18788
23148
25399
8802
28847
22797
527
3298
5715
2552
5646
14317
20061
27539
13387
29514
15435
6906
11976
3332
27085
24491
16724
23229
31432
8067
1455
27973
25248
20201
29424
8811
32439
12617
27684
2323
14897
32196
8760
19337
7931
15397
19737
5141
30731
28183
25
8144
26857
22678
7573
29621
7790
420
11732
26619
31947
13885
7475
32163
28366
11404
9599
12877
14945
5727
26275
17999
32340
14297
29315
10504
15708
22118
20519
32626
6747
5108
14876
30967
10721
2657
7191
26246
31987
15151
5084
18405
18700
10111
31070
17225
20834
9277
12840
15140
30058
16024
21499
30270
2206
17589
23225
3591
22398
18084
30081
5932
32213
9107
12060
14440
29245
30529
30104
9117
27365
31670
17714
9507
32658
13106
31354
15711
11492
28259
4017
30872
7387
730
18806
30983
22681
17856
5794
26413
18282
7877
10096
15466
7937
18266
32737
7114
10501
2592
2398
11554
460
5792
26527
11868
13414
15676
5325
12047
22493
10085
2275
10835
4539
24591
28762
29395
8653
16482
13829
9507
23335
5299
25658
5204
11880
3506
8498
25798
10559
20965
19122
18750
3886
17237
29931
5688
28558
19847
20640
8063
23764
20397
15494
5114
10514
30494
1520
19401
19393
7684
7339
15505
21693
596
15911
2067
4241
26884
23512
22788
16885
376
16604
536
5269
7485
15070
4961
11540
4089
19002
22999
31313
19362
7522
32056
11241
3311
23424
12306
29181
11276
605
9757
27189
26002
23425
17615
24068
12214
19612
16939
13870
28609
1828
9690
18312
9152
23360
24700
23807
21628
12773
27968
8924
25516
29246
12722
22343
2666
22098
4053
25609
7140
29409
24178
17814
24660
30350
15279
25418
7218
25668
28131
15603
6055
19666
18089
4496
14918
19416
15412
25432
3831
19431
11490
31998
17459
21988
275
23604
31863
28589
7995
9582
754
19967
26166
1256
14465
23960
8668
8426
19678
26520
11734
331
6165
21805
15024
4148
10295
22127
26926
6182
22353
28809
12260
25406
32159
14106
16129
24504
5118
13531
22124
28083
23200
18305
16914
14899
22531
29413
28798
19308
17444
28514
22442
8766
13296
30590
7188
5372
6395
6349
11797
18289
26996
3091
20846
25637
1113
22697
17188
31452
9703
18210
29071
10336
85
26413
31405
27520
19649
11453
25788
19289
26731
26728
17671
13012
21025
7949
18688
9584
7162
1210
21903
12610
9543
7885
12458
16954
12487
20825
26918
15015
11034
23499
28876
29949
13688
2253
7344
4822
18595
5482
32702
15672
1050
4979
21398
14870
32144
19234
25498
31513
9372
24574
11844
2464
3762
15614
12478
29701
16210
3057
4268
8226
16511
15389
6220
10003
8051
23591
14530
7742
8593
19251
1709
29073
17819
1355
25854
13067
25893
3845
21002
894
2634
17504
2782
30867
19869
3824
30930
9230
20578
18235
7521
8275
9983
17762
28727
17961
18349
25860
25484
28607
20851
95
689
27885
16213
9912
24296
3259
23497
4605
15993
24615
2154
8106
16898
6691
11760
20713
29711
12510
26720
5629
30442
9284
17280
26848
17589
3528
7054
31531
13749
23905
30257
31543
16625
26578
26544
13442
11004
10799
22626
3924
5903
26269
15974
13218
11866
32345
8083
21298
20892
11516
28594
24320
2290
2301
7915
11233
9708
28023
27774
19046
19430
12588
20916
5635
21142
20171
6420
16240
14049
25198
30169
22096
3571
8295
12196
5649
11918
10556
13935
31251
1186
24304
12994
23820
17183
8068
26153
10155
26631
2238
28645
21115
18119
10537
18914
16139
3271
16989
4585
11340
29760
128
29463
19002
6478
19213
17294
12478
9542
4820
10858
15827
17481
16707
25079
7913
6425
11491
27169
2438
9004
14117
16171
26419
19199
30559
26788
30870
2221
5906
29847
13276
22720
17262
13059
25178
29511
22552
17802
16755
31017
10026
22381
10940
3000
636
4536
1886
649
27170
8122
4796
13188
1077
22456
12374
311
16855
23523
22765
9071
21873
18310
25321
24074
24127
15492
10743
6663
27919
25858
23030
5343
17989
15713
24852
6680
1315
14959
19764
31511
1095
8158
6292
14646
12149
6901
10668
5654
8855
30085
2649
32311
14850
29983
6714
453
30715
14980
16474
20405
25466
13661
24592
26385
17454
44
5412
29328
24512
14467
31539
618
7260
10100
1109
6250
11374
20040
8956
14917
10153
11123
19232
32298
13646
19400
3737
17818
11179
31722
22732
6778
18658
11779
3465
25191
26859
26552
3892
23625
23772
19548
28707
7211
18280
5987
21320
31050
8870
6938
16400
8811
21268
6038
28042
19570
27612
32234
18636
12081
2134
29598
14995
17534
24269
10844
28713
32136
28806
24555
11148
25195
31486
6754
24268
20481
3700
29845
5813
18427
28071
3796
30894
1841
6881
30677
22497
22071
13876
8686
9628
18481
4356
14471
16631
23528
6854
27088
27064
13085
2822
30895
23155
21533
27823
11005
19958
10645
28295
26609
29668
13480
7417
6876
6303
9535
26903
11799
1131
19616
8415
12858
21969
7747
15549
1423
23362
13024
9810
4039
12285
461
23668
26091
8243
17543
6262
27285
6248
14479
22697
15967
9244
13175
29730
5276
16299
15676
7102
16454
370
9430
27748
3384
24115
17166
30346
14749
3258
24464
24315
9129
19649
27713
31959
32647
5394
2770
6363
10642
27883
4246
12770
26823
29862
31888
27308
13690
24985
5073
1247
22601
28988
6145
3403
30031
6025
19515
7538
22426
27817
15390
22088
4318
7628
31008
30775
16746
25945
16934
15462
7260
20039
18770
21307
31761
18122
3100
11295
6880
17971
29093
27265
17416
2577
9031
11293
4326
11933
21361
1150
1644
9813
26290
20929
9934
21734
13075
20125
19326
20815
18858
1440
23387
4932
32364
2491
12582
4048
8771
6145
17973
2367
9057
1708
30059
5691
2003
9569
27239
9269
30297
29365
4348
30983
16757
19183
6369
30679
10434
29711
25002
11582
17543
11024
25335
26281
20364
5739
25836
22784
17196
16860
7393
6790
31148
1896
602
29697
19147
2463
28729
19738
22170
8991
26162
14342
29326
28505
32384
24678
27860
20632
27606
24940
6628
5951
5017
18240
24665
11857
6220
16290
14080
28983
26700
15824
18735
3774
9405
5546
13656
7520
29892
21012
6621
17604
6390
19100
25638
8328
21265
15453
5618
16445
30186
27170
29930
26803
12711
1999
22652
31351
28718
29949
2534
8603
21982
2789
27281
12981
14972
383
21665
22826
11888
12267
27082
31405
24625
11279
17509
29698
30206
3458
16067
4872
12239
22440
17601
29174
25995
20255
25500
6117
13691
15962
3079
655
30463
28044
14971
32086
17791
20936
31183
27016
14245
14182
29704
23521
5833
27560
1394
13137
10925
10654
1520
3328
28011
20038
15504
14736
15275
6136
12642
6050
21785
29953
20875
30619
16663
9615
6549
27816
27566
13517
14857
12031
3787
3406
27200
29544
15272
11439
23926
23548
6280
14968
3616
26157
9895
1604
21375
31239
9329
12578
30070
32438
24562
1594
12953
6215
3470
18100
27782
29363
30450
27861
28280
15897
5706
10859
537
16459
29108
9836
18072
8076
19189
15834
32252
19096
30572
19433
17592
8677
29764
15716
26495
17961
2797
29517
19289
12316
6604
14532
7159
30079
21809
20521
13379
24413
5258
23429
30012
13713
32727
9254
32513
25480
12638
1418
43
23112
8096
32639
3936
21425
25483
13191
17190
23299
12017
20865
31732
16033
1849
14214
5263
20245
6229
18706
27796
3923
13300
16740
336
14914
20728
1319
2264
16760
7978
14161
17238
10565
812
5452
30370
26100
3760
24148
18450
7757
18664
18976
26770
30559
23357
21188
18167
19836
30276
21974
15504
32388
750
20687
26622
10599
29695
15541
10822
1765
19393
19703
31269
16280
10745
5529
420
25397
30234
23696
14827
25871
31161
6768
31066
16860
32577
28228
10198
12988
18664
2237
3425
4471
29665
21136
28398
20998
7123
21017
28019
13654
21131
5188
23359
6472
16366
7341
31630
2556
32305
8454
24667
30799
1612
5050
23157
14754
16555
16847
12245
13534
3623
2065
3119
24756
23862
25453
24519
30506
8030
24731
8326
595
13040
12032
8525
9821
5362
23250
29577
19666
28509
29309
1800
5399
22409
6981
31755
11833
20709
22829
23452
32232
26603
3608
10785
14532
31059
29743
2098
20440
31111
6018
21928
22372
20568
4850
2806
19168
7407
5198
15549
21053
30214
27580
32154
27758
31320
10843
4675
8999
17749
5158
11218
11237
7195
26908
7264
6702
26274
18846
14806
1818
18742
14872
25344
21010
29227
2531
23267
24280
28620
8554
28241
29895
8852
31628
6074
9053
8097
20034
5445
20470
5989
9858
9503
20698
5279
31587
23571
14714
10121
31873
19036
15351
20819
8099
25271
17380
17361
12699
22460
11853
18801
28270
25453
17144
26991
25781
11536
21226
7244
10307
16698
8237
9340
6152
20525
29393
24415
15157
9827
32561
8818
31137
4971
376
30919
13164
13044
12899
21682
31714
19496
31048
2502
31650
15163
32599
8959
15871
6467
2080
26945
28070
5706
13141
11777
17537
14753
3025
11842
13020
31864
2010
8644
455
29356
24227
19064
29883
30176
22293
6198
11904
1743
29647
13490
23885
22752
8300
2989
29234
15356
17412
9064
26547
22684
23797
22878
23478
29222
2531
22322
159
9081
9213
21479
10681
18886
20098
30031
30424
4515
8068
26054
25404
23130
17901
29216
15289
25479
20671
17375
16405
30946
31648
2985
29618
4185
9365
12282
24940
3682
20238
21527
22213
9359
22563
19267
23104
32354
16413
19508
24842
12388
11576
30920
2015
7537
2983
3573
21292
18006
28377
20478
14961
14238
6139
1773
746
2472
17854
7997
11630
9981
12634
17111
31639
19681
23763
32320
20515
31272
5754
17936
28314
16459
21944
28838
24113
10939
21767
30746
29679
12405
3393
6259
18446
25559
30237
7706
6820
21682
12278
30863
27523
22688
31439
25947
18781
11672
7829
18246
7212
10943
10403
32201
28368
29569
8844
20678
31738
24801
9748
17527
586
5389
29311
27045
9140
27958
26383
32282
21544
17822
1736
29016
7026
17395
26998
8587
11871
7131
15857
25789
8993
464
16800
12873
17652
16430
20796
146
19202
8842
30422
10996
30340
11078
6428
29691
23595
18274
12248
30675
23742
29845
8633
8960
4356
3485
12118
335
11492
12499
3952
30989
7627
29954
8311
18038
26702
24697
21328
19312
2321
22111
13142
1914
23783
28231
12191
19423
21562
27140
2432
47
30126
15807
3155
2799
29697
24135
29303
12944
23350
18855
7065
2718
6386
32254
30770
16698
25638
21131
20049
24778
18414
26376
15259
23023
21945
7481
6288
27064
17067
20676
8464
12309
29759
16707
1565
2702
16433
25240
19682
1844
25499
1920
7924
984
30046
6764
28633
19836
22467
22668
7111
21511
28002
17196
25517
17981
5443
15171
27256
10733
12868
31561
6031
17516
16826
25418
671
26435
17755
19257
19614
29989
1116
20358
2570
13092
26582
19442
8818
14884
30318
30883
18744
7311
13109
23923
29589
5194
25549
3982
28637
19688
462
27964
517
7710
23399
19451
10594
19063
10057
19665
29619
5705
4032
19168
354
19176
31011
6203
7943
31257
1903
31992
6190
5578
10031
11399
10074
12288
7583
9538
10058
30480
25616
11844
27002
16914
21134
26495
21997
16787
24001
8201
14378
10378
27665
26295
23941
24973
1549
2285
26783
9285
26126
29620
32304
32544
11031
11021
12036
10565
13056
19334
17220
12493
24532
18954
19191
22832
19575
26109
6088
15869
13452
393
1034
3535
5013
21554
11001
29052
16220
11185
30275
29583
403
12031
9415
31737
29879
22448
11932
13315
10298
5506
10837
26247
20448
20534
6019
12384
618
15262
12924
5407
19314
12792
13659
19455
5270
2170
10824
22812
10712
4654
13050
18143
23877
17664
27001
5053
3541
13590
15913
10273
5523
23135
30468
26790
25341
21615
13351
14474
16814
8330
7568
96
5690
30206
7718
3332
4442
15542
20473
23252
7753
21005
32204
8477
4205
4064
24017
12756
21562
18919
27059
391
10068
13637
30681
27538
7155
28253
31210
1686
27532
4328
1164
7463
23726
5700
1138
7877
16426
28175
17557
7438
18806
1269
10689
10545
18003
11718
18260
9638
31150
8396
12611
24605
7620
1371
12125
1972
20874
14761
13780
21356
30028
19680
18169
27870
14996
24434
8775
29482
27469
23981
25763
10801
11304
18575
32226
10756
15935
219
8076
8859
1017
18540
2271
1995
19757
28106
21527
14706
11914
22011
10477
31733
26678
22684
30814
21740
8117
8752
9645
8219
28941
4279
16555
28837
6951
16003
13622
4732
19321
12103
5120
16412
19682
21361
22674
24697
7637
21945
20624
24885
12730
26362
2110
279
24977
31809
24643
7865
20441
13092
12461
24448
17328
20566
7478
17105
16187
3192
32453
30082
21832
9009
1592
31119
562
22656
31841
30223
3077
26705
17230
17254
11747
5199
31950
1979
4775
17402
31280
30637
25287
27385
22862
3905
27007
10673
29387
22303
5420
23574
32152
2559
22262
2753
3005
11870
9649
29252
17494
30837
10245
5306
32475
2155
18893
2466
9125
22730
16574
32749
30126
28976
17481
9813
10649
12615
31938
28145
28146
18422
28097
23302
18614
10969
24521
22561
28182
8687
3367
16226
29816
15251
5661
3611
2495
15534
64
30362
3532
24874
17695
17474
13892
170
13349
17889
8084
27512
11201
12861
28467
5054
28099
15088
27431
22266
4874
16758
10955
31660
25180
25221
17615
14161
3733
19356
7808
20629
8196
3807
16458
12741
3346
26914
21371
32643
17956
11844
11593
1981
14531
20414
2839
7392
3579
12667
25588
12616
10240
16619
29541
18172
8984
595
24932
1944
23988
2151
11176
6282
19424
2586
13351
32641
6622
2741
6362
11043
25102
18470
14528
29695
31250
25499
2597
10690
6958
30800
9764
173
27125
5285
11627
29510
8482
18804
27198
27726
25540
17313
21439
19700
31390
9203
22124
9032
205
2338
1513
9458
17323
49
7168
16932
23028
20221
26854
25805
13863
19735
6335
12304
14383
16079
29285
21492
579
26257
29541
18781
5387
16501
27979
2619
30468
7185
2080
6657
27429
2194
20016
29273
31427
18187
9489
10261
22194
14092
22496
23657
21421
29047
5838
20056
1527
1423
4059
8301
16451
3154
1250
9899
31186
1545
726
20678
24539
13853
7755
1172
5679
28972
22840
31934
27421
4444
5627
32699
659
1263
15261
767
15495
11032
28504
3695
23189
29453
1878
29721
10474
29022
6844
12322
11872
24453
21223
1279
10218
14782
25077
10216
21299
28441
17032
4490
19586
22477
9414
18173
993
26063
11429
12021
3454
17315
25957
18236
20817
21875
3678
20064
24063
20574
9467
13737
25343
23570
20487
28493
5627
29341
4135
27879
1913
29312
22952
25126
10938
5893
31611
8130
5346
19155
30590
6837
14170
2240
12286
29607
6515
16102
3705
4778
21836
26617
1960
11047
23541
20184
8380
15384
17620
12385
23017
24696
11336
12170
8737
1016
25997
20397
14370
20468
992
26916
7346
25765
32483
19478
31273
12952
30274
1424
9521
2143
22679
31448
6858
10374
29067
20222
8081
31689
9022
18099
25665
13187
20202
7774
21370
28778
12483
1645
27841
16762
13089
14825
20681
3887
31968
25422
25328
18167
16135
17305
9229
23271
1449
20386
10857
27053
4105
14252
23307
8902
29697
3387
18489
15089
4261
31526
22843
1251
5155
17388
8034
572
6382
31307
31817
186
7707
10255
32091
6060
24331
22313
4245
6570
20042
12544
30349
20100
14263
10252
5556
2424
19941
24480
4824
28584
9922
17927
21229
715
27510
5331
18956
17442
16270
11122
15292
941
9050
30722
20593
12192
21907
25190
9298
14353
30785
28058
13119
23283
31964
835
17939
27719
7090
7563
17702
28305
23176
17195
5143
3977
26244
2505
23240
23828
17739
4741
24489
18034
8550
13519
22330
15801
13802
19323
19659
3458
7512
22551
2182
14050
1986
28796
5808
27548
7215
10915
21548
30868
2369
31418
9281
13447
2325
14199
13213
18170
23659
14509
27801
23408
263
17437
190
5344
10071
15502
11144
21862
11093
18208
4715
11833
5295
23261
26132
3037
25125
28305
10481
29338
9267
14555
16115
24364
10993
13957
10899
8124
19255
27409
6931
14607
32516
3988
12294
11262
25889
9160
5650
12070
25601
5468
24821
12512
29676
29070
18118
13684
21597
21756
8317
25993
12456
3511
21430
24800
30687
9114
2482
10562
27639
15066
22431
14775
11303
1245
15385
7673
16017
13136
5616
7720
23844
8564
30764
21183
2497
10168
32590
13511
11676
19853
3033
32331
18406
19830
1553
28427
28585
8030
3843
18804
11507
32047
17093
7120
27958
5536
28671
10683
5871
24911
26794
2518
134
19983
20504
19391
20085
13443
2613
14912
31917
19436
12300
3526
5941
4159
11661
8981
26133
20091
27789
2619
4210
19257
12558
450
31482
14212
2753
12842
25987
26604
32713
15767
3054
470
21698
30662
20050
4886
5634
23109
9303
18368
17950
2276
24543
12858
21936
31335
748
22934
18520
6525
11454
543
11009
29174
25147
25650
16230
15920
13716
17744
212
26834
4390
10096
26161
22205
10654
666
1341
3392
23393
15537
31512
2187
30507
21393
15877
22119
16885
27994
15469
18724
11293
17162
27943
22226
961
6482
13558
30900
9835
15266
17747
7921
30196
11655
22637
3213
5282
1590
28271
12184
11412
10857
28673
18853
18016
22633
23057
31870
29434
14956
22227
3862
19672
29474
26630
32447
5203
22667
1658
12445
27473
20747
23247
22363
29729
1728
29567
24860
22438
25875
7199
437
30392
5261
14817
11545
19143
26861
20830
5652
14785
30071
6546
1341
24886
15246
16424
7206
7355
10117
17144
22741
19340
20403
719
28024
6517
10693
29550
16468
20210
10840
3285
10239
27797
712
25025
14287
5544
28994
32627
12434
3604
22305
31411
27007
20353
2423
19989
17773
31167
4073
28027
2115
8804
17857
13019
8368
18359
4414
2114
14876
27341
9518
29465
10974
5362
191
25768
4783
19531
8595
29656
15710
15289
7186
25661
7622
4607
3588
7763
29950
23592
8031
32008
31183
24355
1373
5243
5227
13489
15314
22020
603
12161
26813
13684
30394
19096
7709
13214
2721
10231
28166
29206
4578
25208
1267
13368
10233
14074
15966
29036
2367
18621
26510
23721
3169
1295
9393
1336
20497
27177
11306
29883
28923
13652
19500
28269
23547
15440
28296
13227
4237
30197
3779
29108
26501
30235
22124
15533
12800
24760
21420
15336
17562
6216
32287
27493
17121
11122
32226
5785
16138
17896
26862
28783
483
10383
27300
27789
3849
27872
2472
15832
14683
6030
32755
7738
23470
15976
22820
17315
2499
17794
19223
9805
19830
30607
31929
31813
17463
32146
12059
3623
12478
31158
31941
18728
21755
18809
9036
12890
10316
13072
2855
7980
15859
519
446
22320
28615
22313
22980
802
8489
12191
26055
3365
11834
26460
261
22095
23372
15032
6786
25960
22678
2906
30295
29423
11819
27740
6477
30302
9261
14762
4778
6320
31549
16043
6219
12319
2359
12324
10483
10546
3612
32089
10467
247
21840
15477
11435
13453
30470
13867
26175
18918
19960
21662
26701
21963
30043
31102
13262
8993
25362
32628
17372
24426
29218
27329
3011
28815
29030
3362
7002
22492
2692
8438
23956
17996
5407
8098
9554
17927
10830
22325
31867
7465
3149
840
26959
19909
13939
27945
7672
22314
10596
22328
18018
7268
18312
14224
26701
5126
21948
1514
2465
9511
29767
8383
4353
21931
9231
3501
5282
11716
11277
6428
2910
29879
29438
6433
5124
10980
8539
22435
18163
25857
8076
26556
17895
27814
17497
27233
32274
18958
18337
1606
20591
6940
19790
5884
5203
23452
7304
22364
10309
716
22313
2857
1295
6682
17777
27633
1813
12592
2556
23860
25062
21294
20976
11209
29201
24886
21883
23676
24890
30254
15485
19964
20588
14273
15233
12789
31921
14503
31986
8569
4576
20519
10892
20644
8119
2778
11024
9600
25897
6321
26684
13862
26105
23609
12538
29222
32392
32542
3032
31529
27116
12271
3512
28885
28225
27936
2248
13297
9028
341
10165
25802
1822
5342
18716
8405
21885
30845
12098
17301
21737
3440
22532
11967
3670
28331
4369
23965
8949
16230
7254
18352
13392
17111
30906
22169
4758
8513
8972
29498
9523
32301
25401
28184
16804
17399
31171
18179
25738
18573
16750
6138
253
12148
6461
10057
23074
11532
10908
25844
6912
3860
24543
22360
8335
11888
7915
15120
10770
11818
7219
23062
25511
11192
23015
24106
32541
17533
10087
8824
20229
5266
13566
18549
6156
4805
4045
5130
3208
28130
6661
21236
9808
20274
21338
21355
21201
9794
1460
11777
9566
25061
10791
26318
968
14972
6693
10698
303
29045
24818
9850
23319
10770
16729
20175
19646
16236
17310
32075
11438
15287
24499
18021
2190
21703
6062
31023
13117
4563
5755
4918
31010
32378
9934
11177
28349
3843
5724
6590
3458
6633
22859
23122
4840
2711
487
30928
21949
12656
24726
32595
1468
21778
24590
12815
2401
26844
29125
6637
28156
3246
7849
8821
7685
14831
4114
20209
20911
16853
9461
19151
28095
224
26458
22856
17567
27560
30224
26687
28078
22745
13983
19052
9947
11388
25470
23737
29810
18552
19078
6892
29493
26200
20391
26503
4271
15950
2010
2796
7621
8056
86
11717
28558
23907
1543
21155
613
14030
316
4837
21308
6576
14752
8924
25395
26748
5739
24877
6505
9379
11993
30070
30481
8794
16092
16948
20937
10655
21517
11748
2088
10358
18153
1896
25750
23161
21562
2477
8801
2447
27347
17035
18701
19452
384
24812
20971
25498
2365
11825
19437
8805
20390
14033
29112
30781
26031
26179
26107
3560
24213
6687
2559
4439
31509
28800
8832
5930
5339
21932
16060
13686
24125
5367
5577
15301
18985
28900
20011
11358
12380
1678
25510
23239
469
70
8017
21385
8586
23422
21996
28979
13657
17894
24691
17057
833
21972
755
9854
11986
8681
13725
16392
27362
31730
1049
10515
29570
21260
30493
1361
25649
268
15421
23248
15951
1821
5
21444
13268
32171
11845
19847
2625
15232
3244
22750
10711
30765
25496
3966
11527
28076
10541
25295
1067
15683
25253
18415
371
7083
12262
25850
24866
2162
13658
9097
8698
5278
22523
19576
16884
31891
32685
4333
13109
6455
21457
9365
7486
27731
9751
19761
15971
19517
32659
2898
382
29364
1044
16480
7140
29451
8113
30177
18328
23434
12964
10744
28095
1553
12124
17708
21844
23550
24269
7531
10781
4433
16139
10831
28638
6926
12311
20128
13772
25827
25336
23321
7748
2571
16142
11887
3773
5490
12708
5775
7164
3354
7108
22311
1671
19645
21071
31081
23387
29620
25677
18700
3297
27159
7041
8851
6175
16678
27456
30417
2603
29415
16772
10157
31206
17681
28221
8739
18918
21289
5351
22923
18100
1003
23649
2078
30008
28139
20733
22710
9585
28540
11476
24021
7530
32209
31324
31209
28777
28514
17724
7374
22121
17809
19806
31381
6090
14734
28742
8068
24904
4216
15523
1373
5162
31429
25636
3556
26299
739
32653
1691
26878
20255
22794
6608
16798
15047
12483
20697
14116
2699
12208
2975
22892
16425
31919
4441
24410
20810
10196
7834
3273
17830
24576
5262
13508
111
9909
11648
11257
14573
30248
23200
16234
26214
3480
12036
870
9024
22495
31724
3768
19305
8263
586
30238
23031
2462
23938
7165
18956
31629
2926
10322
32509
31269
13733
15596
30643
7099
8189
14809
20817
4342
24654
9758
23830
29478
17273
4267
19846
19671
937
32141
16068
4263
13273
13158
7747
29268
1175
32026
13725
22041
17927
13260
23747
19003
19242
9481
5975
16095
4704
10562
8534
28702
22316
32384
12026
13915
28984
15187
25567
12500
9369
28171
17764
32376
18259
15403
11348
30969
24608
5659
31174
9761
8813
21277
4929
21353
27558
18818
27172
4040
9651
14110
4677
30665
12995
3577
11225
2016
17992
31047
9364
26878
20290
11931
5137
27491
22465
24407
14195
9140
32165
24167
20557
24141
26793
20015
27327
23768
24992
27329
20194
4638
28414
17492
8550
20510
6809
32242
30586
7260
17585
25712
25068
7804
10286
29091
13202
23823
29738
4049
1768
15533
7855
12646
18170
30020
21698
4328
16261
29103
11168
11565
30809
19851
30535
21964
24577
25926
27192
23505
2470
11384
25212
15029
561
15991
2021
19853
176
23846
8086
25729
30203
21005
14533
20096
16279
26031
5824
11058
474
24855
31790
6446
27984
19893
15256
5230
29534
26472
12584
6399
11813
29916
2480
24061
32681
31254
31469
15551
11315
31053
20750
6223
29684
13820
30064
22813
28650
11829
21164
20724
13832
15928
14803
6956
2193
8772
11512
19746
5317
19117
13039
2789
1215
13871
6229
21554
26782
18050
16848
7587
15075
17198
29592
2595
1050
32417
12855
22693
25021
20863
8333
23062
29781
24633
32534
911
30946
24289
12400
28880
4477
18237
26391
27370
316
13594
24692
18235
24406
23778
20758
12959
1415
20593
26175
15589
15798
1573
162
14464
29398
22068
3179
17023
26890
25155
6784
1728
16652
6964
7942
5216
19151
22847
31016
22133
27491
14916
10259
1280
6682
14943
20805
8733
14569
15038
31752
22397
19472
27311
9785
18454
21757
18173
5710
10777
21614
9085
3736
15653
14295
29412
17860
28858
13827
16603
18600
20208
24317
4694
10557
32617
25393
8225
7911
30340
21967
8123
31741
9427
28272
3688
7301
15056
3580
12930
12863
21707
2763
18192
4582
8999
2058
1434
26034
25286
23649
571
26913
14786
19410
3575
4599
19550
6373
4943
19075
7740
12546
8467
8485
5072
30750
6008
4365
10260
30618
11114
18501
10877
29799
13347
3826
6446
12399
30461
13271
27501
23344
25988
8730
24659
30122
464
1099
9671
11644
23826
6306
27565
29514
25708
6792
14170
20577
28678
25945
2891
16286
18526
13417
14103
3468
5599
9285
25507
972
28342
22843
12181
25530
30433
28444
28683
29773
18056
5696
27020
10047
2705
459
5439
6510
4975
2863
18010
29315
17978
12018
17374
26577
9221
18098
10882
26240
23404
9318
10988
10474
6252
29414
30759
15173
1656
32686
31314
13187
14536
20958
6549
8310
27893
12934
13658
29752
23491
2593
7097
28106
3133
14175
5427
17915
23816
17192
22692
9099
14321
5597
31603
6801
9160
4577
12812
15130
10353
14168
29840
29459
14648
13614
23498
18281
6501
2907
19046
10350
28432
8806
13917
25983
30775
31784
9908
996
5646
25043
14694
31991
8854
13107
17823
10120
17521
15155
28202
20609
13557
11682
14381
18118
11391
12855
31252
24159
26890
8403
14027
11993
768
21255
14640
4329
1103
11990
968
8019
30144
20156
26800
16138
22149
27375
24023
29337
12816
26596
24939
31937
18476
11797
657
5732
31558
12034
25177
15266
30987
15221
16625
21569
20793
3851
27417
15186
28334
13552
7126
27153
9926
10730
9835
18958
21219
24473
31877
29322
10317
1277
25782
21796
16957
14392
29988
7605
4660
1429
9859
18808
10897
22474
4928
14702
5987
15738
14079
17408
14716
10238
16968
2535
22471
1893
22141
4681
23259
26553
15888
29220
26319
29572
29938
752
18256
32659
5455
27776
25074
1018
31864
1578
8900
9817
15393
21287
5927
14685
11212
7740
10976
21897
11909
30874
15211
28470
208
8196
30098
3544
8928
4143
12607
2180
13065
17262
16271
27567
19576
26255
24359
27705
15906
1023
19147
2986
11770
27189
5677
20923
31847
20814
19714
16152
31733
1013
2139
23908
20811
3974
28211
4221
3933
16243
20292
3330
25570
26598
22304
6163
26633
17320
636
29784
26983
26945
20431
8261
16180
7009
24092
18844
32696
30846
28171
6707
10752
19903
31039
16887
6101
4377
21476
25137
19439
18104
3207
15880
28773
21920
32299
21575
6504
3988
18585
18017
8241
28726
8951
12467
10808
22385
15516
22536
12455
17172
8227
20578
7182
19391
19646
248
18520
26883
31181
10619
1278
16581
14512
19613
25978
1507
26841
9172
30207
10779
12837
91
10343
26408
31084
15739
3437
25389
855
10248
11804
29783
14705
32558
6535
18366
17793
29294
31419
28557
30488
16611
19186
7267
10086
24010
29705
1529
3921
15937
30516
18180
17353
13391
27633
12381
19541
31525
27450
22367
2034
22691
15103
25488
21534
30750
19923
24452
10800
25185
27366
4351
9962
14065
4659
7258
12369
2710
28922
30504
11708
3862
31345
28185
1580
26692
30903
16926
22747
21049
10761
8397
9240
31970
15928
31752
20049
16571
18522
1241
17778
4313
30912
19873
10350
20014
13097
22386
12058
24585
21813
3769
17474
13788
16669
31520
1527
5698
160
9906
8230
24384
5185
64
13679
7115
17071
15620
18995
4747
31877
32133
26095
12767
10291
14778
24265
32033
27196
14450
873
24363
15779
5620
5898
1562
28831
7650
21457
11346
22934
31843
26461
29378
22601
2688
7583
12393
30541
14799
11756
23320
16826
25423
24144
28026
8487
32148
28966
28243
22485
32292
4325
32005
27434
27168
11837
1880
4705
23079
1123
3194
32129
30071
14249
4421
2187
10325
16977
10689
12024
6576
9123
15338
21346
9217
1341
24499
12162
21877
19115
74
90
15182
16183
8862
17075
31878
22018
29983
5066
1974
12372
3268
2631
22583
24113
29523
7022
5767
3373
27357
24729
6126
6529
2695
20710
353
13661
6289
17197
4518
6784
17808
19509
22201
31239
11518
19751
21103
7810
16117
17986
21081
29773
30520
16849
32491
27678
1395
27482
26077
27610
19140
10009
978
16813
20601
15788
4408
19801
7196
28688
5743
21454
1197
1996
2861
12540
27950
14188
1313
23525
2149
24369
14806
28918
2525
2567
22491
13975
26670
14007
31521
20481
5246
16734
16548
4687
19272
286
15693
12248
25180
28179
23575
11709
14375
25481
26482
22462
10293
21100
16869
9810
10484
30719
4598
19190
30395
27857
25934
22213
28682
8174
3865
12105
1812
4690
17836
17809
27770
26275
17258
17283
22362
6431
28392
9076
3720
29651
20047
26102
5915
4877
18946
23025
11308
3605
641
10998
25562
6168
15758
10703
9617
11621
11918
859
21901
8412
7729
22937
22937
7586
13653
29442
23325
28954
28456
29724
27223
12561
30349
22348
26345
4665
29378
5867
20884
729
1855
15773
27459
24002
2785
20702
17739
18821
14919
18910
9969
6115
27005
4239
27693
14725
30935
11516
16813
6638
4384
8924
25117
30637
27380
11111
14502
3287
9579
16744
3252
7092
28664
13204
6909
13241
2960
12570
16319
17078
26382
1147
5704
18001
23254
28828
12732
12723
18360
25626
21267
23425
7448
30429
16481
2062
2636
26096
8538
25551
24390
399
1301
527
24691
16770
29968
13283
4578
29610
14709
19297
15785
14554
12955
7949
14725
17384
27600
24980
12224
3843
19286
8637
28504
31558
939
1692
1885
3726
10765
7177
12699
17289
5694
17232
20601
8208
28549
7210
1057
1463
2805
31212
6881
28834
32497
14591
24785
6298
4080
2192
4791
10335
23166
31880
30759
32576
24196
31679
26863
12522
20424
24172
16818
14206
20407
20705
3026
3046
29795
20085
23699
6248
16584
18625
12158
14715
29267
20239
16388
16602
18341
18959
9828
11992
9364
8140
15311
5619
14194
21471
2505
23723
914
30690
18642
20885
29961
40
12870
17835
25010
20651
10626
8422
7029
5702
72
9487
30664
16421
23141
21202
28789
11641
29840
9492
16798
25456
21142
5766
10495
24420
6324
9594
10868
22867
5188
18934
32187
2703
14237
4615
2426
19638
3380
22616
3972
9445
26119
18691
28248
3881
18235
10407
7147
7734
23299
4539
15783
17244
26821
7202
435
21174
6264
8959
7541
6053
1361
7370
5461
3452
25502
14756
12740
4221
15858
15335
17789
6917
3458
16130
10507
25347
12751
24708
3980
27566
2949
32630
6324
24440
16035
1518
17429
17981
24541
28897
10653
27585
4415
2617
7008
2649
21010
2343
5271
3560
1539
3259
6633
781
30594
9394
28394
1691
22889
23695
17634
18762
3038
31981
18127
31660
10362
30483
9901
13922
6571
11977
4084
12943
16726
5738
9059
26253
29377
20795
24572
23263
17329
20475
7504
19303
30927
7099
31484
26841
4432
17136
26996
20080
13781
7367
12287
32736
3728
22200
5123
907
17577
94
1411
27895
13024
2438
29926
27520
2419
26246
13818
12618
26946
20176
5176
18042
14897
18886
31818
7334
16590
32208
24266
30345
14132
30124
12365
30716
27951
20486
10912
29218
13216
3401
13137
16354
5923
28596
2929
18074
11760
8624
11417
28433
31999
5729
30507
10926
14448
22651
5594
22760
25385
15191
14957
8446
4545
8774
6079
5096
21661
21029
15627
10893
3416
305
13926
29750
13160
6429
5773
2371
19455
24418
19937
5661
6448
30679
29360
4715
17491
30081
24246
30857
1962
28076
17892
4405
6981
16698
10848
10124
26914
4156
20940
14646
19609
3007
8139
30429
24823
6632
31169
10467
9066
68
6107
19540
27677
2137
26448
31769
675
21121
25062
31343
20889
19192
32439
28312
32135
30003
8245
10960
25352
371
9068
3715
16427
24731
29831
22717
3352
19006
19606
32482
18423
26877
31886
23455
14349
8464
27025
18976
27688
9506
7792
388
30782
19810
5743
17550
13905
25815
9544
14749
3733
24819
8306
32478
2773
14188
11682
20160
14611
17991
23187
18600
8559
566
25091
12775
21322
24355
16894
17129
19882
9997
1886
21678
18144
13075
29331
638
5993
15054
22944
5081
19475
11748
27494
17070
9056
19418
14373
12749
31279
28202
9024
10141
27545
14486
8768
24850
10266
9147
27932
4314
18417
5609
952
24279
7369
32306
11435
31698
18072
9665
20805
7534
4040
11118
23249
30298
21653
23951
29975
32459
31158
26128
23077
8490
13887
31942
2895
7945
13510
5120
7029
16988
20420
13151
28292
12006
27967
29928
4671
26609
15782
22616
5184
24130
25085
24759
31033
6732
15673
12336
14720
22180
29934
5664
26315
7861
25895
17261
24376
17845
2965
6425
12688
18904
11757
17687
5836
30659
16267
8541
9432
25155
19035
2362
7832
575
24313
6378
1321
4843
20503
2920
20073
32319
15648
10883
25785
28072
12314
1332
21505
21245
21201
24623
18421
32180
32562
5304
16279
4182
12021
20920
6653
27184
3711
29456
24661
22860
14086
25389
28966
10399
21494
15068
28889
24196
14227
4960
9079
16233
8928
16067
5044
26824
17600
23145
11053
6234
13404
28651
8174
29575
27332
6178
23351
25376
32729
21633
15744
22352
11882
4776
25530
2000
25501
3639
20952
1115
23953
1248
9870
10594
7489
28865
15448
19712
12204
15600
23487
14384
4659
10327
25304
16446
13890
19138
1549
5243
26674
28726
3615
5173
7534
16005
14188
16614
28117
22815
5742
8364
15456
30507
9605
9465
21253
8150
24566
27020
30171
235
3635
24480
12670
5029
10077
14691
26805
961
27655
10665
25938
3286
7741
19426
28762
16873
31428
18505
13670
29500
22436
2143
30025
9832
3044
3992
19443
21675
1173
19540
3478
25475
11026
29968
32519
2940
133
17886
28006
8518
4781
12818
26881
29962
11743
24127
10102
15358
28747
30306
20760
14392
8833
13404
15764
4800
31028
10918
25557
7144
9277
10048
292
26080
20194
17130
15252
28037
30041
28823
17309
17786
13192
8479
14599
30586
28943
20276
22281
4076
3720
1943
11187
1976
30733
16779
24201
90
16635
7051
19057
1589
11510
20536
28367
19753
18990
30613
31726
7015
224
26742
32418
22148
15391
20022
28459
26317
4052
18089
10077
25819
4
7249
1022
17767
19793
28885
13680
30559
27332
27566
911
10296
201
16676
2269
8839
8571
9593
10461
31435
4642
100
17852
32397
19962
29889
31030
6572
9783
4230
21688
9714
9029
14585
27842
22762
2900
10016
13200
17398
12820
2169
26361
6812
30141
6124
5527
13089
3411
17150
32552
30041
3112
12103
21556
11197
16034
13350
6385
27326
17470
7347
12131
601
2773
17909
19655
11756
3871
27990
24114
30280
1653
17235
8310
31239
21979
5752
28485
4128
31293
10892
3993
30904
17913
4105
31058
4155
6046
4047
25633
14508
28147
32536
7078
27961
32060
4015
24277
13331
10680
28765
20126
25212
2926
20900
12237
26402
24362
8880
1071
3755
2242
6795
16118
30353
2717
24976
6238
8752
5750
28450
17553
26141
7006
28574
4552
7610
29952
18061
12724
24327
8233
287
12828
8379
6280
19669
26823
1684
17330
18045
22172
18411
3432
13667
17928
25739
6429
1734
10400
7107
11443
7561
30728
22970
14470
18987
7699
3843
8363
32505
10283
9841
11130
5250
18932
3373
14665
12876
29484
261
10619
12229
31958
6407
4282
380
12695
15439
9344
1681
13664
31517
32732
19051
4173
32299
9587
3752
24781
61
25285
12634
30980
1529
30897
17264
27501
18425
11579
25458
19140
799
10894
12402
8483
9000
20285
26943
25195
31620
21454
3035
24037
613
27001
2351
29481
16919
13869
24830
3647
29839
20948
14872
12037
32070
10456
19152
32720
13640
26598
9647
16214
15751
21746
15978
460
19318
14715
15122
3403
9171
16912
25995
21880
14276
30483
20799
23140
6182
12989
2323
28337
13090
14434
22939
10487
4097
20726
2953
1125
32065
4305
8812
29868
25832
10927
29591
28952
15128
29691
10590
15104
15076
32333
1673
25441
25954
27185
32258
21446
30465
22314
29393
24171
18205
5366
13386
6561
17873
31252
2693
2676
3085
900
26383
25228
12776
8654
3551
21841
24375
22341
19084
18515
19038
2957
1469
25320
6502
14427
20192
16663
22864
21372
11807
19892
32681
6681
21135
1997
10847
8505
28843
14149
4563
20359
25858
21695
24879
9302
28460
10429
26874
28642
6402
26121
24554
24792
7695
17237
9721
2841
26433
22558
15802
19387
28388
16598
28654
11857
8401
20033
19795
14189
2787
17440
700
14435
29099
27405
13158
4175
7525
31142
19850
32345
29482
6381
3375
26935
11879
2031
8514
16372
20109
8868
9960
22512
3338
20503
28435
27689
28537
7110
16980
8632
18965
32332
5872
13727
18036
6461
27957
14273
17010
27218
17934
30514
7019
14790
26582
945
14765
18431
25962
26739
28716
32369
7042
1059
1144
10176
6209
8742
29421
29476
8458
14627
17193
18194
19094
29379
196
10009
22339
24757
11323
12554
20399
758
14380
30043
2438
847
26313
11981
4248
18975
7047
7501
9775
20570
29974
2072
19103
21202
17302
11043
1310
19125
12040
5050
24022
20311
8706
12391
15929
17714
19623
6165
11157
32300
21463
19573
4072
12056
163
31649
1269
24190
1028
1280
21911
12447
8908
17769
10582
13492
24028
28299
3640
6007
27288
28044
21721
24292
3992
9456
29374
4929
14752
32189
24295
31068
23763
5084
7331
16916
30243
451
26793
21274
16652
3921
15459
3321
30082
18425
7053
12884
8744
15395
24575
21615
30402
29135
30663
26866
4845
18556
18811
27881
11534
21576
13006
14606
9608
29784
21856
27467
23090
10362
9691
2427
19976
27145
28987
16753
31008
3090
19565
27195
21728
26292
8732
10919
30831
20941
21192
26887
22889
13011
6936
26674
1239
8703
13425
13771
25694
27313
25543
19910
25526
27408
27315
5927
2654
5872
3782
7693
23950
8698
11038
12016
7790
5382
54
14119
14469
21196
13826
3757
29812
20412
17468
3876
17124
298
13561
7194
13245
18350
30079
140
28056
22731
10586
17832
14712
27598
13229
26327
30388
11769
27335
1787
2872
16865
10742
2805
9198
19989
13728
15723
22902
24320
9615
24520
3357
8209
18829
19588
4621
12313
15409
3749
30401
5364
6136
4742
700
4715
663
21463
15483
26713
656
11493
2984
15373
21252
11035
19344
12528
10696
3273
25047
29799
9147
19493
11626
16635
19286
23440
25014
7352
28036
30490
8728
22226
12468
12103
29076
2191
8749
4372
19145
7520
11682
3893
29732
9809
13063
4257
25685
31908
11939
18512
19199
30649
10085
14915
4532
14898
22395
4550
26912
23124
17185
11506
13956
27055
12727
373
30055
8193
15639
16022
24968
11608
27429
20595
32022
30583
1448
10381
18211
18043
9304
28551
13911
9406
7479
1067
19425
30204
20261
27566
21171
2484
31407
5941
7919
11473
7465
8855
24988
32394
508
28773
25758
3207
32320
18216
17125
31301
2702
21481
28900
14267
12047
13815
10565
2878
30169
30692
4571
29346
22396
6609
11480
8098
21975
4331
27200
4993
14641
24630
28061
7666
9093
11914
23541
17206
28188
32219
17913
19844
1377
26557
639
3501
14066
806
3378
3840
9715
22390
15752
17003
22951
182
27125
25828
6721
26909
19295
9479
4087
15321
13521
19457
22617
29964
29555
28076
1505
13076
27322
25595
15819
11535
16604
6553
26662
29342
12167
26573
9772
22762
19666
2977
719
14565
24692
30275
4500
25299
6451
31915
28580
27400
13984
10878
23329
13299
31490
15411
21686
22875
31120
1140
32626
24809
5347
16583
13014
21479
16810
8557
29484
9799
24992
2186
17435
3815
19131
17543
2425
13587
20134
18869
27232
22348
22130
12083
27268
20295
26249
29457
11715
5945
7907
18869
6654
13394
2940
31870
19240
10887
22789
7080
3484
23957
16857
1904
21172
835
18228
5240
21399
2791
2719
20332
22098
7723
23471
9190
18731
7953
19951
27279
10289
18229
27419
8840
24856
19539
21903
23048
10564
11784
28414
2630
31268
4317
22375
27289
10177
19073
22597
32477
17815
854
4103
25882
19875
4399
29119
9824
15805
28505
27934
3829
7976
30680
21152
20915
11368
16882
18436
31403
2387
18930
24831
29966
16747
17958
12337
10318
107
19754
25688
28800
14624
12648
17860
30213
11898
13792
10251
10345
4835
37
9213
24715
12751
27560
11738
28158
22421
8761
23491
5040
27517
7627
28783
14281
28698
30584
32287
19158
24026
10181
13780
10791
3035
7206
14015
373
6912
17861
29177
28617
5957
1407
30324
29592
17231
6447
14642
25139
16968
28208
11700
28255
5097
32029
17078
575
5848
4827
5913
28795
1333
10970
31521
16539
8047
16023
4576
6836
31069
11878
9970
5703
7562
10094
3179
28774
31440
10997
5390
27928
20520
6878
32448
26623
2752
28527
24892
22584
19022
31320
29959
19331
32677
23281
18087
7332
22917
1988
10768
26889
29624
4427
607
2476
31834
507
12746
4923
17273
32641
17879
8567
26846
4427
13261
29146
7209
12362
14696
4476
8996
1014
13777
8759
6737
28819
3789
31497
9157
23219
30261
10171
30777
17405
9126
3008
3679
9516
22137
11360
19570
10587
13302
26134
30737
11903
21956
4406
22605
12085
7332
22994
15873
31166
7008
20191
26210
22599
11773
27796
27606
3694
4408
9747
14602
20483
3633
12875
12862
5387
3681
8221
2276
28427
11217
30141
28010
17283
4494
24412
4948
4024
16472
12548
15245
6582
2970
16323
14591
12950
25247
22027
9057
28157
14850
18265
11344
29413
10598
26389
19106
18848
4456
26297
12279
19225
24018
24374
15504
5470
14353
2452
25957
10587
15850
27352
16497
5608
4200
30506
11089
21511
20249
28727
16397
14438
21370
725
3126
7724
16559
26597
15921
12018
15223
3198
15570
27662
24160
1352
23853
23832
15927
20773
10920
1959
4803
12055
30037
5212
22451
2910
6783
17698
31188
18400
15235
8371
25735
25550
22241
30559
883
18053
30611
9481
3191
12722
28318
13426
9698
7866
19174
18362
15591
2905
838
27171
8267
31113
1760
12057
13153
9893
10162
17007
19768
15822
4971
19948
6163
2446
20092
22534
1305
26811
25969
32749
10318
2718
18562
15051
4290
13909
1381
30282
28937
8566
21351
17496
11242
6645
9659
29735
6491
1864
14354
15479
6062
1736
18796
23319
15621
10075
31021
19881
15627
2128
31347
1959
22246
24458
4519
18851
24423
10977
4178
32211
15236
4293
17202
15820
24329
13348
1678
25998
9098
32654
29894
22465
2972
11160
25390
22334
17989
1150
8476
6609
1712
13068
11584
30781
1061
3262
21812
24449
13881
12070
29524
26458
8514
27278
16080
12809
18190
16351
25088
31062
4053
30145
19191
27861
16235
2308
27226
17768
19130
31807
21619
12805
8560
19126
30849
442
16373
641
25170
12014
7584
18923
14868
12265
19242
21529
30313
12439
21859
2284
29881
6536
16419
25639
27596
2108
11652
20437
27800
7326
1358
32229
25943
16334
12467
1304
23261
18467
15933
17693
19497
7793
516
22010
29754
18567
1572
1709
24100
31996
24430
12051
32610
9260
14942
22794
19566
27261
13389
1234
31631
18407
