19855
29116
15108
26158
5724
23748
231
31195
15515
4725
460
16263
1984
31938
32487
13932
29107
1867
26990
11956
24190
18489
30705
22916
31817
12393
9706
6713
24457
1742
20885
31986
12148
13072
27649
30286
30392
7033
28519
20599
27756
6674
4028
26975
18759
19721
22914
9801
32016
18006
13027
16524
22613
24222
29440
20371
32352
12120
903
13353
13159
30766
16515
18675
23299
29606
2681
31806
15075
24321
16048
14076
21954
14692
2512
13576
29334
32309
18607
12978
9227
24264
27495
4983
25647
16187
3756
26128
6255
31390
16220
27055
4546
12887
7256
30853
23844
11461
19091
31623
