19875
28071
23989
6698
2075
14541
18905
13631
16280
604
32340
16528
3746
144
1800
19656
26175
14114
5206
22032
27147
13070
22490
32236
21131
13210
6485
7263
18879
25748
6122
27734
30198
3547
2958
22340
9958
23585
23226
9225
22780
9966
22626
3352
753
22504
7723
473
24990
22355
22233
5964
13841
8660
3334
27632
10720
27514
21018
739
19901
29694
20855
23114
26187
28746
9204
16627
31537
11577
30605
12089
23660
20382
24409
10024
4585
21895
24508
24546
26963
15555
2781
16449
5674
29345
16730
27838
6165
28923
27451
27794
23417
11379
15653
10779
18506
14333
24016
21120
13089
16798
32699
22680
25743
19571
17183
7944
10930
19444
29729
3500
10501
1146
31051
5689
23164
21759
1597
27680
31185
20005
26272
29621
17432
14970
30044
11408
18842
31739
5131
6963
16608
25303
13997
30190
4110
24949
22429
6400
115
16823
26564
1535
20573
16257
3852
29306
5938
11381
20759
10716
12220
257
27186
18067
7365
32412
30852
1650
7140
18252
17803
15956
23190
3692
17354
12547
400
18092
5307
19800
2644
29017
11019
6051
4867
29407
23814
16972
9330
4236
31569
14779
7807
31638
16343
10102
16038
3424
10501
12425
29903
6393
5434
29483
31338
30181
12921
1950
24510
10273
5730
2135
894
18785
4704
25951
10398
6044
6179
1785
7780
19658
16977
901
11970
9197
21880
27812
18147
12110
19784
30621
3588
25609
18943
1280
24197
32459
29220
19337
21824
9691
7288
10822
27417
27735
22058
26108
19670
6849
6474
21960
25906
24762
18304
17154
19756
21516
15614
102
5797
24814
4019
31862
9514
3972
20161
21274
2319
17062
22066
8842
4285
21474
2790
10093
1100
12484
4816
25667
16213
23892
23907
22528
7425
32737
4166
2041
27238
23037
11343
24836
21268
21193
32431
13275
31722
30323
12906
20674
16431
3836
5643
1642
17630
14911
27029
2068
22080
8495
18620
32505
17344
13408
1365
19178
11772
4553
1548
13876
31512
30664
32085
8390
25943
26982
3237
26262
22508
26589
10209
1344
3597
25943
19735
17648
10314
21753
25708
26755
11293
31776
23637
10473
8642
26858
22026
32718
17480
12793
30264
1401
30697
25459
11766
26100
31383
15693
4091
12653
727
9930
1550
3036
16594
31550
31421
32742
30121
5144
19282
30977
5386
13343
5635
10458
9473
14332
14441
23540
20496
12281
4660
401
23937
18184
24604
27349
1019
6919
17179
1321
19028
27202
18393
5086
27302
14906
616
11538
27557
23461
4657
32216
25647
28597
8750
6547
7461
21149
14682
22691
1402
3922
28518
2628
11401
16526
22958
32178
13996
795
17515
9874
10
23886
3114
24717
25008
16338
11133
5694
19684
934
20720
20302
12469
2409
4414
27101
24023
24022
2501
804
23726
1931
1848
21337
27049
25102
1172
211
3025
10769
5717
11887
31138
7925
5609
18738
16409
23950
8549
22832
24590
22566
17271
22956
21956
4036
22427
23680
16063
29358
32402
31936
4565
1068
14097
25754
7560
12687
28342
27264
16531
30834
7999
2442
4291
16960
19454
14613
25608
6390
29576
26545
28620
6442
18862
7482
29315
17741
19886
2116
7044
7725
4266
31420
