19885
27548
12046
13352
251
26321
28243
4849
279
14928
31897
16660
4626
17015
2840
6135
8325
3854
10698
27070
28626
26745
1998
20511
32172
13618
4875
23922
16090
21367
15125
25608
6455
15168
23380
18366
16126
31860
4195
3538
20292
27996
31926
7925
24518
7512
16512
28577
21477
24529
10451
684
9455
878
23049
31262
32672
2443
31076
10816
23273
29159
6641
25333
27631
28316
28850
25421
6999
5205
5115
11096
24513
23227
18973
8248
8594
304
11074
13946
3063
11200
6808
5799
28455
19540
23218
28693
6120
11305
16683
28163
16468
10625
19852
741
32221
32153
10095
32253
20623
7898
18405
7979
14229
4947
21014
7430
28415
18279
24359
20779
15042
15555
16737
32470
25344
9620
655
26543
17802
16374
8615
8934
8356
1455
21421
27265
31496
1053
19413
21237
19757
28781
20200
8436
20424
19470
5608
12679
5012
11621
17399
10332
17998
195
29557
22625
18692
21908
7785
6802
31632
3033
26146
1806
24928
30168
32286
17521
888
16913
15914
24926
13241
16757
8139
27739
5475
24019
10973
15842
3801
21651
5498
10420
2212
2470
6941
1137
7611
1725
20231
18022
8449
31417
28130
7334
7184
19811
29349
16220
11061
7006
29367
27743
23227
11866
1367
16647
26989
17801
14907
26176
5206
16983
25463
17116
20427
3414
13985
10286
4524
18295
2355
11476
4326
7040
11312
10708
7740
17338
11019
3563
31304
6122
29124
31521
19644
14211
7764
25249
8430
9242
331
4808
2964
24602
4536
27516
24011
26041
22601
11455
2399
2603
5555
4995
6726
8469
10324
14528
26989
29764
29975
26309
27832
25503
22425
22732
18500
16730
23946
6352
1263
15981
20821
28579
4122
31557
22531
6971
26797
4281
9820
16204
7516
9535
4432
17437
41
25184
32150
6036
13098
24169
29331
1170
29325
20068
21629
5255
16345
5190
2496
12093
21110
32106
4001
27896
29040
17726
16929
20161
6776
12349
23332
20735
6700
21277
27858
3143
31128
23113
23358
22645
25852
26001
6469
9724
28623
19488
11450
378
23045
23727
15808
30096
14990
28153
13686
16112
13087
21359
12250
1719
4404
2604
17639
5886
86
12843
27905
15787
12697
10168
1171
20877
7274
20772
13047
3497
15495
29885
14486
14030
29007
11005
26704
16240
25148
16642
20510
23987
3246
7998
21749
18373
24298
2160
17902
2673
1122
17619
10917
11761
18231
3477
20702
7428
11004
19594
23919
577
9405
1058
25690
4011
5183
29593
19513
25733
25226
19309
223
1384
27045
1557
14652
6802
2465
14576
21633
26753
3800
29052
4741
14017
19831
29384
11111
6402
5690
26412
2678
20077
26743
23095
12365
11064
1374
3817
66
16504
18559
1570
32002
13879
27021
18779
14453
3015
2913
19860
31464
12885
15425
653
25962
13761
19299
25145
4982
26542
6061
5232
32723
16597
15295
31460
12473
27806
15155
14678
28469
13041
5411
3594
3534
13385
24556
3704
617
11275
21042
7236
22378
11543
23845
9840
14364
3228
15362
2769
7251
28464
7388
11199
22352
11296
18076
3601
3556
31492
24647
4937
22489
8087
15743
9227
4237
1990
21581
24276
6880
4103
16413
7912
7248
25068
