19865
28594
3165
44
3899
2760
9568
22413
32281
19048
16
16396
2865
16041
759
410
11257
24374
32482
16994
25669
32164
10213
11192
10090
12802
8095
23372
21668
30129
29887
29860
21173
24694
15303
26313
3791
15309
9489
14912
25268
24704
13327
31547
9756
4729
31702
5137
28503
20180
1246
11244
18227
16441
16387
24001
21536
19817
10960
23430
16530
30230
2301
20895
24743
29176
22326
7833
23306
17949
23327
13082
22807
17537
29844
11800
576
10718
5173
2378
18095
19909
31522
27100
15660
6382
10243
26983
6210
13773
5452
27424
30365
12133
11455
20816
4791
29281
5170
9988
5556
25697
14226
4613
4490
1426
13352
8458
26212
20609
2331
18989
5961
19505
12598
11676
20984
1131
2540
28817
11799
23637
11161
17540
26509
28486
5899
28319
6189
29657
23617
25458
13460
21824
7794
19176
20564
30427
6482
121
27986
22025
2960
25506
23148
32319
10915
3218
25951
855
966
14631
25576
30250
28225
1560
22570
1888
29419
18548
13392
19591
19693
6987
371
23395
26568
30122
28094
12165
32410
23757
1488
3615
16541
1681
7521
23575
7920
40
11049
6746
10138
11536
7165
31859
4556
12870
24892
19804
24422
8631
15977
5780
14269
31223
6681
15729
24475
20021
22032
2744
29320
10863
29351
20587
16712
2018
369
8674
31141
26053
11037
21021
31599
23094
19614
11353
32448
12149
28554
6881
28548
24912
8640
12327
8761
3806
28750
17939
17908
13424
2450
10139
14245
16837
19103
30868
6811
24701
15329
20424
23115
32464
16645
14152
31053
29312
19
1796
20903
18444
17373
19864
10830
4647
23965
15209
17898
19816
18906
17393
20186
11331
7307
26967
17528
24376
30847
26179
19870
11594
5628
10736
5225
28851
7335
23171
3900
19414
21667
20891
23304
10869
29437
18217
2763
25380
1352
7810
4183
3326
16516
2482
8789
23958
14149
30483
17289
9009
15121
32031
20312
12082
27913
14467
12167
17621
16843
20596
8005
24608
31896
5446
8044
26903
26034
27963
4
10032
16392
921
8969
2310
16917
28159
23661
5201
5638
15352
4961
4630
9499
9425
2257
19227
12879
18344
26413
26782
2107
12742
32623
19782
15928
7983
22362
31322
22724
10614
27903
21809
18727
22742
21382
24810
4182
19327
3371
16477
2327
26414
18055
5200
7526
18688
22289
2543
27415
26504
10980
11638
7102
6943
31171
21809
29644
123
28506
14502
23802
27012
10438
2065
28651
20578
11096
6160
16652
219
14486
30112
29888
27612
9091
30280
24250
22869
2849
6292
12457
27722
7731
18629
31771
11560
19527
24007
2971
3669
2036
25187
22301
7946
32353
32438
6045
24677
26630
5602
15874
28858
22199
27651
20808
299
9438
26725
30686
18808
27144
18420
12365
28184
6307
21491
32027
3208
10501
28913
2031
25059
30129
6649
32757
16307
11478
7178
14212
17158
31513
9670
17663
453
21396
32622
11001
8770
31007
32526
19356
4368
11470
3317
11083
18711
9659
19560
18054
25063
13829
15512
32526
22605
16664
26065
25674
17700
26415
26355
23274
30318
2584
30502
26570
7844
3895
12234
8729
3658
718
12973
4282
11205
124
129
30442
7537
1283
5005
