19881
16800
26950
22056
22704
22394
25130
7777
16535
21076
32045
16616
15255
469
13416
21565
14275
18196
8868
3546
17210
11264
19751
13497
17569
2560
16334
7447
6097
982
12124
4472
25292
22217
5650
19691
14070
18179
32384
27279
21122
11064
28826
28246
5674
23432
13582
19209
803
1959
25301
2444
21840
14395
27400
30052
3510
32645
5878
29302
304
7492
11379
24593
16227
6614
11379
11567
26101
7329
24535
504
13306
433
9862
8840
29103
29346
15552
28402
107
1729
27311
9349
9938
11886
21055
17486
27980
28101
20272
17117
7862
10877
7530
25932
16727
4367
14736
28542
7189
21787
12247
1957
7144
20744
19737
29447
11664
18668
26149
4097
24451
21675
10586
12620
24618
13666
11892
15999
11340
6662
14501
15829
459
5960
24296
11057
27278
22204
3730
16479
29630
16699
7209
4765
25909
10374
22138
10586
3379
13355
20454
29245
29779
5549
20989
13929
3518
18399
12110
29952
14239
23953
26492
18149
8151
9070
20885
12231
24817
6437
16544
91
27480
1479
22133
11752
3783
11120
30930
17161
14338
24106
7338
19887
14020
526
23488
28261
8184
13485
2165
27864
8235
9646
13278
30102
21058
25272
23066
25878
28264
6802
10467
17401
25931
7048
5218
22671
15240
4369
11848
29085
14691
17584
29466
20061
17084
26136
460
18375
27455
7827
29074
7951
6874
29604
14835
5487
22132
15595
24863
12582
220
12618
25730
21441
10239
20294
3993
1433
12895
9392
13573
6813
192
14724
32222
5201
22564
8721
17225
25879
10234
31834
9805
30894
147
23741
23010
9720
19925
28114
21323
28160
10803
18326
21670
11323
24029
16841
1474
7182
24115
17812
3888
22417
24960
25199
27549
13203
23269
10818
25439
7390
29331
6346
26189
23227
20029
2623
14292
23225
15822
1332
8519
27051
8279
23486
7799
32240
5451
26584
14468
30455
19950
26374
754
30209
4875
14649
28415
13353
21221
1779
26932
31138
19313
4779
30011
6721
9410
14707
15344
6971
4037
26328
16314
26159
15662
10
11036
11623
16562
2621
28039
25947
13431
4174
6771
30582
12489
2986
16046
4637
27662
21612
8179
14830
5884
23749
6846
69
18697
15265
4703
773
4387
19079
10061
6549
32418
23233
10174
21288
13947
17854
28276
10818
26806
23732
9178
4472
14882
31625
5455
15735
30279
17140
5826
20551
7580
15840
8831
18897
9210
30225
11080
24991
29521
15369
21672
11748
1690
9773
1412
15292
12556
2852
2291
31924
26003
31616
12624
11661
4734
32416
12685
6717
25975
5844
8393
25399
3001
20675
23589
10220
17021
25098
15060
14994
19381
6950
18546
16676
6909
12436
31127
26538
20175
7990
3755
1978
18934
12281
6396
26943
325
24245
22029
121
20872
10325
21810
19781
29115
1079
7001
16287
21882
3286
14635
17765
5049
7078
1876
25949
9653
23615
32030
2938
4650
6846
21829
27227
22727
20840
29959
5653
12767
14737
18810
15410
30305
25533
3874
7418
17418
6916
14275
10737
12761
6075
25204
28064
10436
17744
6645
8344
13481
8054
19778
4021
24967
27266
13928
14240
30958
19221
9112
14743
13236
252
22138
3441
13290
18772
28099
5340
