19888
5528
29910
4647
10565
30247
31355
1922
16791
8780
31749
16704
26765
793
25032
23473
2375
22279
12529
17827
7273
9458
17013
27526
14007
24677
26183
7630
26083
8984
18126
13977
20386
8119
8342
17042
18181
12773
8774
12565
19463
12161
2258
20372
10595
24360
19441
5177
9384
14331
28370
31692
29838
20130
18698
32472
29067
5009
23506
25097
13474
18057
1903
26073
6268
17250
13553
6507
20665
3081
18464
21687
2952
13253
28084
7656
20853
4030
6596
32258
6019
20671
19073
2248
14203
27195
25380
7133
17027
27278
13093
6441
25074
10374
32174
8318
14947
27170
5455
3196
1289
26777
24563
14002
21314
21918
22291
18181
12398
17891
22569
4694
5633
9436
22888
19551
26071
5573
22186
4318
24264
26086
2730
2038
16253
29718
18547
10706
2945
12670
2328
25995
9883
8095
422
12108
14940
28567
21847
14772
6644
9887
14344
24187
6218
27609
5357
31321
1099
25417
3460
16419
16257
14880
25799
18232
8936
18497
10918
22811
9726
27390
15284
16993
31770
32034
26913
10958
7166
4149
23784
14523
26031
19195
3657
954
23173
4414
23162
6781
7038
22733
5530
8180
8663
20421
10214
17334
26078
14351
2863
6562
26626
7210
15500
5318
20524
16683
30284
10624
5970
31234
17966
23266
28489
16382
21461
14171
23770
13460
27510
2196
14361
28764
8404
15001
1778
17244
7790
15929
26117
19081
29942
27311
29620
32395
32518
8834
29049
8129
11535
16297
3965
9093
19858
2803
5735
1713
9618
17062
25458
10593
27977
29798
27331
6139
1306
11865
13305
25965
30407
19337
1285
31414
5860
24458
12092
32680
23179
1372
12970
16620
13650
5522
11178
14150
4986
1972
16052
5146
17513
739
30325
30512
26970
25019
18469
12724
15444
11646
12821
14977
17240
21614
10375
14239
17375
8058
17603
16649
2692
11037
27239
16564
23293
26500
22271
5070
7247
25583
20437
20803
5442
26969
25099
22918
19731
10331
26854
5006
25706
32334
20077
31519
31371
5552
14899
25674
29392
26056
8817
6199
11863
21901
29527
12066
3576
1477
16548
19364
20602
1642
13685
6964
8454
31569
13914
16365
27099
29710
27055
1938
16196
31506
6698
5071
30407
8214
10160
22465
16032
445
31341
3769
18798
6772
11299
4157
25131
21661
23490
9552
31841
10734
24378
17140
5275
21011
18317
19948
29978
17563
27432
19398
13002
4625
27251
9497
30325
22633
25255
23820
26165
22175
17120
25111
17199
25498
30579
23566
3966
19542
24449
7003
20590
23874
16588
3466
16619
6887
11722
23308
2105
28107
4600
4660
18661
17813
22641
902
7163
30577
24767
13105
19577
23478
13809
986
26372
28359
15341
32411
29146
31031
18184
23628
24840
816
20948
13313
6877
5909
17721
29395
8350
5990
1736
228
12155
11236
16715
14237
28098
2550
7073
3386
30803
7244
20937
6537
25684
19906
25660
22510
2341
31623
20864
19115
9878
21118
3578
25438
15192
7140
11780
21707
8114
15668
30271
12764
14453
28487
17962
32230
22066
28864
4340
4654
5290
14247
22671
31916
20102
26196
24326
15375
31049
1935
528
32001
32130
22005
29925
15531
24390
4766
19536
29820
19165
12028
