19862
17845
18069
8749
26353
31602
6455
25340
15770
25196
164
16351
13494
32263
11335
15840
17207
5949
30651
26238
14253
16683
27966
4177
28255
1743
19555
6897
11675
9744
26887
8723
7242
31742
30341
27637
1735
1628
4910
5885
26098
7772
10227
19101
23680
20649
28773
28537
7829
30378
16096
13004
30612
29958
20738
22791
25142
17251
18530
9148
26329
8564
7039
20155
13339
7474
4855
26747
9640
20073
9978
2491
11600
27511
20733
12392
21085
6992
9651
16834
15139
10438
19257
30651
29912
31496
8081
15775
28070
30568
9041
16378
21759
12385
31900
13239
22065
1496
9810
6277
24890
6818
8068
31359
30173
17223
12075
30475
9461
20997
4121
2306
15370
25624
6447
24594
20258
5177
13777
18273
5337
13925
17047
24435
18612
223
8773
12110
1971
18040
7934
20700
23333
9742
27572
15504
26048
21331
23011
30796
26353
23759
6015
11651
2161
4905
2347
27291
10777
30114
5291
5013
8183
18402
28572
17903
5793
13559
18018
13257
4553
9115
20323
14920
14610
8117
7795
14136
26402
32035
19598
25077
12025
6071
18381
11147
19329
21631
24467
27164
11622
18506
24839
21378
6951
10087
22472
2870
5998
25264
18140
18288
413
5576
28137
20880
9385
10912
28327
26045
