19868
6574
21029
24107
14214
6687
12680
19486
16025
12900
32636
16440
25004
32587
22951
17748
5307
10031
1545
7751
4316
14877
25228
18206
24693
23860
29404
7080
31661
17746
120
18229
2336
17645
266
24988
5847
28990
14068
23939
24439
8869
16427
11226
28600
21577
1864
14505
16409
9983
19164
9484
5843
2925
12036
25211
17931
22383
3390
4943
6731
19129
30331
21634
3379
18110
7030
21687
4204
15825
3907
23674
1246
7562
6187
11208
12835
14444
695
20690
21051
29380
11019
23550
1409
14036
12405
5423
17117
29745
1862
5702
6204
11882
23777
28393
20285
24298
529
13699
18989
11808
20384
10635
11574
18397
14629
19210
10195
20221
541
2903
29319
13385
18749
31525
21711
29852
24071
6592
18261
581
5276
10644
1638
23981
3025
11759
10406
8506
6532
30216
3587
1138
20785
22847
15079
6756
22720
2214
29618
20291
32673
6593
11367
26965
19483
11914
8357
4363
29409
24248
10202
9330
27879
17985
6579
22986
8051
23838
22231
30067
19063
31822
18900
5905
12574
13341
29785
25064
12453
22438
23719
1160
14700
24983
28482
25519
24141
5684
10476
27755
28204
1695
7379
20863
19407
22870
11018
14344
30704
31741
31542
5984
401
8798
3978
20547
20624
13998
1013
16176
32379
7953
19865
19986
12709
31841
3712
18720
11898
17963
20874
31490
4879
26619
17066
21557
28926
17370
14162
8624
14704
15892
6956
5832
12155
13887
5387
11857
21679
4472
30753
9990
1003
14832
21874
7979
11893
14248
16776
4976
28490
18040
8809
17689
26803
3414
6598
19292
8217
23253
24437
21514
19482
2796
8226
22386
18653
31225
13377
17283
9890
10501
17222
25136
1693
30538
10009
32537
14852
5362
9156
4199
22375
4898
18287
26359
14912
13623
1679
10684
8395
26448
26714
8286
23575
32268
22398
4391
18013
9109
27410
13856
29586
5597
15309
3447
20536
6695
6518
2340
8825
18890
13467
25036
8566
7217
4230
4326
5853
21031
20845
13852
16057
9809
15081
27636
22927
26364
29353
20399
9382
23834
23400
16498
11430
9350
7196
6563
11877
22928
10097
27798
31229
16309
22389
32105
3106
17838
29077
1836
20914
2733
9928
2885
18830
18659
25610
12307
30889
18757
1804
29394
25694
17552
19242
12479
1799
21898
669
19324
29387
24715
28658
27829
5815
5181
21434
11524
23056
26528
644
8722
488
14673
5896
6144
5360
29707
5285
31237
12685
23662
3598
11864
2606
27647
9280
26960
31708
23921
29111
15305
29459
20003
13793
24779
4816
6377
21715
3686
20971
19983
32571
19936
679
27803
5781
7955
30856
16595
8610
27408
16484
3071
25878
2568
7869
22896
29841
24685
18510
9409
20433
22356
2276
13661
24614
13342
19567
21313
27174
4951
15961
14596
18337
2782
29462
26388
32216
14150
20477
15426
1001
14461
9558
30593
19854
25003
11956
1770
28167
8285
28037
18436
26453
24291
4583
7491
31145
26102
26045
31950
1820
415
28162
23685
24480
27988
13918
8003
2359
19299
31479
26464
22627
11156
9354
29307
27869
25865
19130
25206
26249
18282
12456
6081
26282
26431
28611
220
12627
2461
17634
791
798
29445
13200
24733
