14146
289
2684
21880
11147
32683
19955
23056
3084
405
4913
2470
24219
18475
24030
17038
3157
19438
26892
9702
31466
16532
11044
23486
20540
6735
22048
25213
5161
30802
10235
28031
9380
6290
8038
5891
12299
14537
26813
26949
10676
2241
5945
743
27850
4559
32359
23189
343
14237
16345
26089
14241
13869
24859
10124
3514
16667
32232
26783
4947
10275
27294
8537
16337
9442
23280
21745
28323
13793
24795
25790
30162
10959
22491
7837
2777
17934
4190
2707
27064
6002
20345
15283
29252
29765
30426
10306
12225
12430
26878
19738
32434
32146
32164
8268
17648
4508
6785
5897
28666
31994
17461
17091
11660
20552
15230
18831
4723
30705
31403
15822
9119
28914
10068
6412
30074
15073
19529
24104
21880
11054
28616
9909
12783
1450
23027
8097
13354
32325
8064
14612
16569
2076
17587
3483
21002
5555
3209
17542
24894
11902
18487
29583
20789
32167
15058
17340
4075
15883
25936
23942
25096
10118
20143
24634
3250
16752
7284
26784
20902
15975
3927
27355
29063
17743
14397
25488
10357
19352
31078
9290
22754
25791
10216
16157
22689
11032
24924
21898
5184
9674
27095
20131
31896
20507
9756
14447
29346
9710
1551
22672
9613
22921
29549
12323
5901
5788
6331
30440
14837
30335
5244
20899
24328
2492
27815
18370
25612
6861
22104
15423
22817
3623
9670
28104
4177
887
31349
16926
19304
7211
31661
24763
31750
2868
14634
24759
18930
21002
1045
3564
21425
20209
21555
2393
23896
124
3421
18628
24990
8783
14640
14755
14645
1832
2309
2877
19547
21537
13347
25613
684
303
1588
1639
25914
17135
12790
10334
9951
16802
15411
740
1746
16757
4851
23603
16761
8199
9456
4460
894
19237
3402
25470
4901
5336
10108
2890
9181
2209
8079
22789
2069
9731
21134
25309
13648
9282
4921
1759
20092
9067
9981
17432
10367
28308
3876
12026
32020
13157
29258
1282
16341
21207
14864
9112
18840
12092
14612
26167
19967
7040
27936
12237
20299
20398
12705
9061
1137
1717
30299
20483
25968
10605
20060
21455
20961
10965
27438
14966
1488
31135
22609
6862
20682
10990
2792
14265
17207
16990
6579
10315
17899
15173
12605
19247
20471
14136
6231
2374
11973
30161
22724
11154
5220
31152
24630
18515
24608
32448
11642
2927
21846
9659
24047
24087
13446
30961
12092
12712
27306
11845
18754
29135
19142
19064
25680
25073
1473
2474
8086
27082
21619
12573
7133
5460
2047
11837
11893
19434
29795
9949
16494
685
26957
24260
11787
28199
11569
5736
14963
30510
11928
18169
27562
30475
24507
24481
25280
32476
28752
26635
1096
11831
22948
11298
1292
23824
28906
21787
12031
7389
29650
5045
29299
21751
17246
16319
6028
32324
16626
4315
9205
16915
426
21635
18641
71
19439
17737
27893
184
4941
26467
10068
21462
26239
3686
15802
9872
972
28754
31678
3444
1943
27087
30194
2839
26929
22454
3420
21943
14833
10707
18218
8223
23175
4842
19617
27083
6797
31223
10071
6733
30303
4282
3490
27631
26413
13171
21328
27034
31054
30187
21144
1014
7383
435
24913
467
25709
10672
9826
20424
9815
22232
25466
29465
13271
12854
1793
9182
6843
12340
6734
21090
9519
24857
24602
7114
3029
10961
14132
29175
3608
20461
5495
31405
25789
26602
12026
27124
17082
11446
7558
23486
22604
16752
7245
28875
3140
22127
11224
13002
24481
20103
12866
961
12132
18823
27556
7342
18592
14342
16080
24431
721
23648
19010
32735
21614
23803
15699
18498
5570
19407
20912
31971
26103
18213
30987
8955
26228
6046
4880
11989
16489
28536
16283
23856
10407
12045
8488
15333
21942
21148
9099
9673
7201
27980
6881
13781
9493
21870
20166
30084
29482
26115
17864
19069
10625
31102
25884
26482
18703
459
14480
17480
22584
24975
30401
24952
10400
27314
5518
23221
12094
9755
716
3279
8882
18618
21819
21207
21464
31180
2489
7812
29853
20058
8374
28629
16657
7683
12264
28664
16062
5372
15424
13163
1593
10069
28700
26465
19190
18814
446
28263
5472
4617
24061
12359
25385
10417
27450
8492
8671
9884
30870
17416
14273
19421
11618
11315
3792
11837
3288
16981
22057
17723
25096
20613
28049
30545
10260
6578
12114
3193
17056
66
3142
10736
6789
32762
11825
15162
29381
32542
5203
27750
2500
15065
24126
6547
23221
21214
14566
22451
4946
14416
8695
31375
4560
992
30059
15372
32530
30517
31067
26796
22813
11664
23573
13655
460
16304
22640
8796
9668
24307
29788
4019
4011
11199
3517
26245
15253
19232
10618
31725
16063
32690
14544
4353
22400
18882
18669
5132
14716
21168
20666
1822
27163
10135
4344
12231
16698
1840
14990
29727
25120
18164
20257
2313
16563
4993
28646
21945
1771
4159
3764
12404
28296
6723
13662
22679
25344
12916
22335
20955
32700
21228
24854
1239
16003
13217
31509
18631
27191
16964
12596
14987
10687
20841
30155
1267
14148
17129
12896
32313
6048
12676
23229
16079
26131
24011
13894
5467
2104
25150
21386
31745
24120
29361
23064
29408
17214
10996
11924
25567
29227
12466
7434
29609
8842
11418
32129
25590
29126
24253
1748
27405
27802
21047
17341
9350
19658
29714
24115
32597
16145
4455
13558
19716
17754
198
28520
22080
2355
31448
926
6295
12926
26179
25271
4480
5737
6862
16236
15004
21153
24518
8937
6971
10435
10656
17371
4898
11796
23263
21451
17036
9073
3129
13994
13166
2441
8181
22701
10239
17737
9367
5723
12920
26776
19135
27364
31256
29509
29263
22708
20844
8253
4812
16456
461
4866
775
6464
28714
31064
25596
16822
32520
30018
13050
22479
20934
25388
18180
20879
21798
20586
15736
18162
12553
13793
6638
8760
1914
19204
7523
10880
9454
1283
6295
7320
1482
5694
15795
17940
21798
512
13615
22173
18641
6250
31219
23436
32405
28333
16572
6584
16060
10109
28354
14731
18386
8130
25496
31068
1965
21392
6739
23032
26027
3929
26094
31106
571
16737
19693
4222
3999
32627
18497
17704
10224
5331
26988
18698
17506
11379
11237
29901
14793
27497
30142
22096
24156
4001
2948
25847
15545
26319
31591
20550
30762
12712
17306
7342
17959
18258
14333
678
8476
3353
27386
17406
6252
5731
7596
27504
25013
230
31559
10873
3926
24856
9140
18791
4142
21223
18811
23986
23719
683
26342
14991
29939
16985
20068
20419
5270
32505
6699
27317
16165
10842
16161
3528
2637
27908
18173
20967
18710
13422
30121
1634
31849
29041
24043
760
11473
6909
10565
24629
4478
18699
5914
2558
10383
31698
30481
24682
9361
25406
8895
23251
21314
15006
14976
24877
24987
3229
10661
20375
8462
29555
13781
22576
12813
10588
7597
14124
14283
32073
2730
27943
31046
32726
23113
29624
4997
31869
620
8266
8478
4873
5376
10535
31484
1357
9949
214
30303
3349
7661
31655
17444
20061
10897
29580
21831
14785
28736
24106
26790
29493
8562
2352
9736
4342
4796
28904
27229
18113
2364
25868
10568
20802
18487
28634
2010
13775
8705
13162
5281
10838
4125
12608
16609
14740
5798
12318
32545
30600
30445
13339
10985
23080
30052
15609
7627
2642
14011
16052
5536
16645
30792
2135
20500
1233
10156
3347
32613
23436
7604
17298
31847
17479
125
3977
22988
3456
4316
27021
15522
23450
26364
14631
7709
29578
25161
5418
23191
7634
20621
24132
12757
13747
4185
26580
7308
14494
12967
8955
6947
27117
24509
32758
25019
24272
853
31147
1389
1674
1018
32641
3794
733
2485
12661
5577
25794
6121
8811
19060
8542
32380
5313
3972
21298
26167
25898
2487
7058
31856
6074
18590
14424
486
15165
27812
8665
16620
5837
28236
17688
11978
21924
27322
11834
15456
9518
6517
14138
6668
31074
20331
3806
29390
27475
13110
11242
25258
26114
1693
147
11342
5495
10590
566
29173
19472
14635
22858
30091
21016
29426
19860
9234
21403
14689
17049
28740
24697
25770
22617
16506
12986
16259
1082
29644
12065
21873
13891
17018
21508
30279
24202
32139
2651
4841
26352
29107
3350
22358
29963
29050
23220
9702
2148
19099
25873
22480
18659
10922
29567
26350
6535
14074
27417
25797
17242
23486
29012
25280
19621
5742
7383
12220
20576
16237
10381
3785
27116
5864
23800
19247
2309
6401
9160
19888
16882
23853
31148
5901
28158
1242
12904
17356
12332
32086
17192
32055
12839
6380
1811
31656
11640
17232
12836
32260
5371
21821
26165
23174
29332
19292
7773
3262
19742
25704
25724
25817
10916
27280
1300
15394
724
11292
13659
21193
13744
26452
24462
15075
23175
11677
2439
29875
31524
486
2450
8232
3909
13890
32125
26534
19535
19670
14318
2058
7487
24566
6137
6632
22244
21899
32498
22
31820
25016
22656
8047
10108
7357
26867
17361
27235
12315
21976
22120
15377
24313
7370
18735
17957
28102
27787
23475
9860
11552
5203
7451
31057
11252
32103
20325
16153
21735
25326
4082
29517
31477
15360
26949
26358
6488
3073
12808
13220
19116
3373
23887
23207
15184
26995
8225
25730
6927
30087
4149
5277
20992
8755
8185
1338
31914
6126
7128
16298
29548
12463
3261
9409
24861
17411
9171
14727
11503
31070
5008
11312
15257
5294
31217
9551
19381
28982
16391
14662
29030
7834
4786
3585
30015
21558
22701
2276
6752
11956
18890
6401
4066
27614
2943
29071
4470
6320
30370
18583
31560
26034
27249
28145
21802
5509
20693
20079
6382
14779
14312
14168
14355
12780
9396
28184
9381
8453
830
28725
24926
19684
22467
28549
23825
7202
5441
24223
7497
9776
15673
8591
31789
2470
11443
14030
32166
31959
14980
27761
32708
19625
2764
30112
19038
15780
15298
29770
16889
840
20404
19223
16875
16804
30793
19358
25025
19748
9994
5337
10717
7339
1824
13781
31588
8673
17503
26798
12119
31695
17284
31163
12543
14249
12219
12038
6031
5098
357
17407
773
31142
25111
19825
16465
8220
4582
6580
30905
3724
12770
24869
28796
28744
6112
23251
6325
28428
3965
2427
30851
1938
11359
21687
12647
3170
4542
17010
8941
19176
21283
25759
29071
1736
21104
20266
29910
16246
16161
10799
20674
29697
6865
13419
15980
22831
26368
18928
18410
13775
24595
17180
31603
22859
27036
16331
22979
24701
4060
13004
961
15555
17031
16786
27488
12630
11462
19500
3011
15063
20098
12664
27812
5419
15072
9107
29942
21385
8200
8339
20681
16081
31787
25465
28271
28192
9156
24929
22237
19873
32030
9980
25939
1958
5398
10816
8768
1015
28962
25694
17760
29033
17042
18421
8999
3507
24342
26501
2402
8062
8833
24614
20252
22203
7628
23674
7102
1849
14174
17376
10619
29047
8330
27114
1771
3511
17498
21010
7158
3411
5003
23464
30196
1620
20952
27151
7954
32065
18556
23849
1272
16693
498
28176
12969
20020
29439
17415
25002
10687
13554
21936
9830
28070
13611
27263
15313
29982
32218
20590
12876
24595
31753
6642
1481
24768
26333
30766
24367
1916
11288
1383
1280
215
1507
5049
16185
31205
7627
21512
12921
7898
24841
26937
30310
26583
27142
15265
27468
10244
8990
8381
4872
4831
1700
11044
28965
11220
8231
14011
13892
21517
13044
1320
15041
27275
10716
32393
3219
12918
13368
27237
5236
29617
13354
13538
5699
2482
25125
5177
4262
21649
18863
8808
16371
16478
869
16167
18513
22200
20544
19996
19226
3739
31256
9554
27524
20090
7526
16360
1665
21646
16462
2310
8675
31085
23261
21269
22212
222
13455
20272
15141
27884
15124
6357
3797
1849
13907
10721
12181
5269
32176
19131
6265
26319
4746
21199
28817
16587
17416
19774
27849
16597
16406
21971
2318
17717
13738
16954
23730
32516
27724
27500
3602
10046
29909
11118
10614
2584
22391
25403
24376
23699
25341
7423
27945
4177
340
7813
14128
6567
13643
32755
21300
23541
9623
6837
3132
12338
22810
25783
8405
14795
2149
3031
16565
32174
10363
26010
3485
28577
4823
1821
9092
27097
28337
6479
27633
17096
16254
15710
16553
30006
15542
5487
8586
3731
22233
17810
439
22412
3508
245
28661
27356
31713
30552
7765
11877
15245
14016
3348
25215
2173
21872
23743
15248
17235
30741
2970
14813
14862
2113
8771
13215
22993
12058
5011
17754
11749
26708
21445
7274
20480
16732
27354
20446
11720
6358
1595
15242
18323
29258
19873
4440
19569
12826
32562
5343
14188
21944
5869
13623
21006
31765
1351
30987
16420
21085
14614
28911
30914
14561
175
9204
20615
13397
1611
10874
31010
32571
27568
27462
6677
20383
18701
11989
26297
9477
4901
31983
21891
12960
11439
30847
23685
14788
9981
11681
22328
26782
30173
1533
31096
4387
6845
22356
29648
19526
2834
16472
11512
23918
22010
18369
13468
27175
19743
29085
21343
23063
13535
16103
23584
29493
16299
19292
8828
1589
22701
32138
14996
16198
430
32042
26128
28416
18486
25519
21092
24472
5621
23327
3153
2647
24673
7970
19631
16714
31649
5209
619
8506
5290
27120
15820
24542
5800
31095
24826
19024
32671
22765
14784
1982
26706
21278
26769
29794
17252
14896
14537
10420
6077
18552
20022
222
14895
914
19415
14448
19033
21936
22499
28245
30412
20786
8461
9478
19565
21111
18695
4861
5403
29683
22597
22381
2449
2178
7939
26416
23181
4092
10121
17920
21810
23050
7598
24555
9898
19256
20379
5889
785
30795
11217
22864
13198
3028
24686
21266
20419
10757
32683
4388
9832
18116
19882
10170
6450
8702
7023
12626
28666
24126
21292
14822
26395
25982
6593
27238
32028
4157
10627
2149
17295
17105
19004
7699
14136
29951
2676
24171
25458
22473
7663
6573
21711
3463
1399
22031
7935
10297
25564
24751
31219
25116
9272
27341
14913
17531
21879
1847
10443
12488
24343
7172
32156
32747
29485
7301
530
11226
25001
8057
7746
14186
12506
9600
21912
18533
7989
9171
30398
10204
29266
10033
703
7358
14135
8989
3949
21674
22489
16710
10496
20226
10720
17735
30463
32321
23211
22672
10340
5006
23700
21156
27387
10385
14709
20870
29195
15237
28267
13933
20536
12686
13529
23231
10408
21325
23728
4413
31589
30642
7150
18299
4354
20754
30565
23444
18818
4218
10430
31259
21109
21314
9661
6229
2148
3813
11463
24229
1903
28432
31393
5959
12085
23032
3450
30017
7668
3825
6444
18327
26353
4925
4287
27839
2075
24865
26926
6740
25323
3390
31086
19727
15502
22047
7085
29938
2374
21007
29656
12742
1806
12077
32607
13256
27517
14786
21052
5280
10476
7377
9522
15506
3803
4336
6482
10232
18833
27991
21700
8432
1283
20279
23748
16722
14071
19277
20715
20709
21609
23990
27568
21458
30254
3077
27694
23896
12503
28051
19752
31426
9176
3606
27978
19094
1002
24181
3249
5136
9389
10203
17326
29390
17810
13579
22215
27341
9720
9715
3071
30868
9365
8579
25944
29103
28184
22975
25749
18783
32524
5651
15428
3472
32000
14311
4604
12299
10981
28020
13796
28653
31927
1750
29556
30552
3680
8546
24448
360
473
7481
18290
7273
2194
4381
9687
23623
7188
12420
16413
4421
10725
22507
20890
22258
13995
13165
26577
3930
15509
13204
21489
7801
18679
17519
21919
31221
7476
31461
25333
24844
22241
11336
12747
20682
25383
9262
26165
2176
16745
27772
2636
12915
22823
23491
13106
1233
26403
24016
30544
28393
17858
10878
6626
9882
5300
24271
4022
10764
983
11323
16688
2463
17753
4680
11666
3617
27422
22107
21370
3908
13153
11726
685
3663
2205
20034
31506
26899
14510
22583
32002
14625
10035
20442
11967
13114
32568
6173
31553
6919
10258
9229
20025
7946
393
21089
20816
12501
11069
10062
3759
11642
23362
22691
7365
27202
2062
24593
14148
31138
27029
1994
26989
15466
5554
9551
11662
4928
15305
30338
9673
17485
17323
21763
21014
26934
21433
13241
26507
31054
589
6831
11484
17418
13909
5410
30
28597
31553
17880
27088
20580
19488
5555
24859
11053
6661
12421
9561
14740
4528
17446
20693
326
25706
13764
2257
21514
6193
16763
28366
3060
8981
14373
14087
22491
21986
20340
2111
11278
23039
14398
2236
11075
18070
28439
15508
7120
4341
31525
6439
15646
23605
3888
29165
4442
27673
16633
8818
28525
16184
19149
6558
28975
5215
2905
10810
4567
24369
14272
17584
4279
28688
29675
32274
27686
21313
17697
2142
2237
11082
4823
1
22726
2719
10697
12953
6129
4222
30025
17151
28489
19736
25303
20101
5479
12529
9203
30588
16101
2953
16943
30970
29462
23868
14728
10202
6388
103
3318
1283
20570
28108
2370
17646
27508
8248
10776
28770
7283
23395
21853
642
11141
23063
24770
10250
18692
10132
5530
982
20461
10292
9961
7332
3221
5451
19901
22554
23447
28753
32705
9995
13585
12611
29711
18166
30736
13382
27206
15567
2632
10894
26588
27906
8201
4734
24502
29878
16494
31504
30710
10318
23000
5752
25109
23350
31386
24580
31025
21724
502
22855
6824
5884
23881
8822
27877
22817
9602
29202
2170
23913
12504
12231
14191
648
27837
13973
16090
14095
5133
557
26288
12783
5516
19358
13275
5176
16015
22832
2189
22567
32249
1424
7891
12640
21353
16942
4461
17016
16050
6372
26333
19382
17292
28888
21182
14107
21897
6819
8535
9631
16458
26547
368
25022
24562
20717
8292
23347
15835
28823
19576
4100
25992
21366
4459
1726
1499
25907
847
15874
12936
31748
11159
13632
22986
18312
19568
29379
16981
9970
28245
10990
9611
10857
27613
27845
14834
17327
28632
30639
16870
27137
6555
7801
29323
13631
15256
23455
18182
13389
26674
31431
5101
697
16591
31631
28411
24990
15150
4488
16137
22472
20731
25986
2105
7448
19872
31755
18549
21802
11871
25906
30744
23862
18589
6545
746
12596
10881
10378
19794
11332
27070
7120
6599
10316
21677
13353
25224
16611
14751
25459
31629
15726
14449
10213
4285
26248
21089
11416
21601
19112
11295
21318
29145
13821
13864
2897
6285
24989
12111
6663
13095
7647
13724
14372
7936
31749
22874
10392
30679
15135
26220
11403
19401
31788
22496
30879
19325
385
10695
3957
19104
32111
32067
9586
9361
13344
17121
29123
22877
29890
24361
4254
30445
11751
32116
23243
8830
8492
1278
22116
22098
31257
25660
9433
10149
19529
9840
4662
10467
15563
1914
10665
15384
23239
31217
29503
27048
27493
21362
16110
3904
11498
4920
8408
31500
21797
30445
718
18219
20233
20928
28435
2400
31643
22968
30819
11018
31247
24392
25396
32086
15149
8995
29756
23987
25594
15953
2099
32390
17301
20611
22746
10271
24671
26788
4924
1516
24670
23472
9012
21485
20708
32201
22575
104
4459
29064
18227
5598
26052
401
3617
317
29553
14442
23607
2135
11855
10893
25560
1171
30840
9915
6544
13795
31079
16532
25683
16886
28765
26981
8965
13230
1540
2881
11072
3796
24914
23123
9553
19467
945
20594
27011
20738
12381
1782
17057
14574
25357
25290
14774
312
6613
18115
20247
28274
30283
16432
17571
15760
31209
25011
23882
30037
25010
16463
13772
27659
25880
18113
6851
21879
23582
21268
32740
27916
4282
21104
31874
4191
16253
20275
29011
24027
2933
9538
15223
11190
26963
20642
6326
27427
17865
2626
8458
19402
27446
10011
31069
13173
27269
28027
9107
24076
2898
21662
4043
14787
1871
25215
21218
21394
5351
7149
9785
26598
1313
15073
5305
27542
30918
7951
30996
8472
28870
11451
12621
3573
15832
3534
11130
25722
4961
2345
12233
13744
16791
25657
3009
32655
23270
716
714
27503
18579
14627
10224
20671
4767
1096
1252
20473
24302
7330
12867
6613
27560
5830
17691
14014
2272
1680
13740
25218
21875
22643
9067
20557
17203
21773
6733
27352
9797
766
15681
25822
21448
23291
31230
11728
5047
542
10752
7881
27153
32384
17613
29636
31543
6666
1917
25869
3989
26504
13689
29941
31364
7679
22147
17866
26735
15937
5623
3078
22581
14014
10064
28871
17359
31133
21485
30847
15411
14604
5654
16877
31864
15828
25914
12620
14394
3120
6010
23498
10560
19167
31852
18235
8284
8312
5400
21007
7571
31486
3399
22401
13182
30132
23038
25618
14832
20786
8517
3638
5082
12729
20268
18253
3179
6084
31760
14548
3963
18143
2075
477
16681
3772
4106
26812
14531
10884
7987
21764
25319
10859
17094
9650
20200
7047
25171
14247
27507
25058
396
12380
30323
30926
20301
24785
9265
3448
9689
21702
16832
10176
24679
25134
22168
21832
10717
19681
2433
2763
10459
21137
19635
12209
11515
13055
5435
2016
16727
2158
8608
28628
18508
1112
5063
7922
1150
25697
25108
25625
13084
13193
25554
4219
7014
11173
31957
1195
14188
19216
11357
5110
23064
29342
830
12791
30318
8145
17726
7782
27667
5968
14783
817
32012
5012
28574
14542
20681
19429
30810
9423
10338
26501
24185
26295
10272
12587
23335
18188
23103
7858
3873
7341
20210
275
17105
7270
32168
28817
29114
18114
19342
18739
9495
26656
23381
19319
25023
24329
2613
13637
11596
7361
15922
26402
28284
5148
27038
27046
11480
2707
26591
26416
29587
32663
6002
28120
23476
7718
21808
3493
376
27803
15568
9985
26865
11978
21166
32105
5620
11852
31434
25193
23346
23832
24852
3272
9381
1619
14055
28672
16686
362
27091
10224
28540
7005
14239
19669
12847
10846
17294
17271
12093
32666
4322
23968
7829
11095
1695
24274
3075
18239
24721
14649
28756
15099
12688
5855
26042
12036
23299
799
31602
8630
7587
18524
27811
21159
10114
22003
16010
30774
17227
17005
2516
29543
3275
15866
29515
30190
20144
2331
6069
20105
28049
17310
28409
20371
1071
10191
27268
983
5371
1517
21227
9634
29912
5083
10450
3100
21281
25880
3340
727
750
7921
29700
16297
27027
15605
10331
27319
13930
31146
24786
27859
18387
12158
28011
30728
24952
17920
16331
32370
6102
32592
21219
2899
5369
14804
13775
12900
6790
31277
15870
2409
25855
20842
9364
24584
21571
29563
4876
10715
32084
4584
25378
20164
2397
20163
5616
21889
1524
23515
18007
7296
2716
6706
6816
5364
22414
19889
31075
13352
20921
14619
1448
3859
7
13888
9805
21550
28130
7795
7336
6018
5879
5949
28268
9477
16441
5971
9937
19750
25129
14278
13039
24487
2133
9594
23915
18603
18975
18137
11606
1040
16576
27080
11346
23294
7821
3546
22519
8128
19320
7876
17013
23507
10969
13074
9850
9277
28271
8984
29270
2080
6817
3114
3677
19855
8202
5136
25228
28832
11829
180
24432
6339
9125
30750
3652
30802
16153
31906
27738
19049
30222
31064
5564
25335
5252
29389
786
1301
2565
12280
24262
29591
2020
28528
13671
28641
21699
31964
1355
6909
31063
15018
29049
27882
10864
29700
7109
13878
5171
2815
27197
24527
27306
22294
15300
23830
25472
18392
20477
1077
32005
8157
26219
16562
13944
23550
22742
21573
7558
6853
13552
6631
21774
6179
6456
32556
31015
4449
22815
10194
1124
9561
11369
28570
6743
1254
28119
15958
23379
1945
11523
25156
9590
30894
6027
25754
26343
12350
32113
3170
25949
19638
29890
904
7905
8327
24694
21042
10196
10271
24216
9295
10803
7193
24999
3443
27162
29616
31035
16098
29575
27514
3563
25579
21857
25683
5231
6263
3513
11926
31746
11745
2895
5524
23562
12808
26712
16190
9467
27811
17022
13349
22649
18133
21545
9125
3261
20738
13053
14428
16185
23264
22436
4321
14975
20945
21197
12467
4959
22896
21364
32112
335
21097
25188
7240
5649
17295
30459
17328
6287
22824
18734
21851
1802
28299
1228
21606
1139
21998
16903
3027
13593
21113
26416
31032
20101
30879
22466
20408
24226
26797
5282
10035
3618
6051
12709
11194
25116
6724
17491
24902
16634
9833
12267
20393
16018
16026
29351
10948
29587
15327
22592
19195
25635
10708
13749
2534
14790
10492
4681
22345
21634
19287
25034
6727
30529
7991
13337
13010
4982
23631
32231
12134
30723
26381
24253
2807
26459
7722
2111
1832
22755
9855
10929
30397
27039
10522
2746
3155
16394
14225
9320
334
26437
19094
32629
10516
25972
3788
6345
17529
4454
29657
1343
10617
27508
12733
12716
4909
32171
14434
25630
11768
1837
15731
25185
13314
30420
23666
25032
11751
31001
32005
9257
11184
7476
29585
26154
2562
21893
4106
699
6037
22323
3850
28644
12008
7443
8480
30913
6195
4555
31850
22731
18334
9527
11366
7256
19376
20747
5125
27238
10
20666
22017
7060
22613
4247
6001
17009
22393
6202
20635
2297
1807
29734
8201
1885
794
25257
21471
30723
28145
18435
7531
27854
24704
11722
8958
27039
10928
20876
25594
2076
30756
1719
9005
2224
11558
28598
19293
29906
4065
21085
548
13963
4560
2951
23807
18738
19830
26109
27809
26491
3152
22682
4749
23216
26888
28589
21731
20285
25067
26015
9338
21106
28573
11990
18736
23941
29707
31960
26750
4566
5538
31924
23120
2679
23231
21662
16403
26348
6502
9433
4623
29487
3894
4058
5879
4344
13724
3498
31166
17978
9800
3724
29101
5361
9181
12512
12467
27
6893
3655
3068
25092
12068
25608
4804
30663
10435
6834
1902
17938
22096
28931
28368
15145
13964
19977
10706
12846
32422
32391
19767
15263
20654
24986
11194
20256
13900
18588
18013
19067
13234
3657
5886
25061
1743
10528
26923
25987
26310
15628
13623
44
22430
28740
12685
21361
26171
1904
3653
5338
24717
3341
3829
4211
24071
2066
30410
13447
11347
1492
31447
2732
29764
31527
11948
16895
11020
16582
7979
11953
9135
12021
3991
25283
21687
7268
3310
17421
9770
17495
19321
17285
23481
22532
673
6590
28474
16188
15108
11439
28504
19534
17096
694
13961
26409
15407
26333
3649
29632
31340
8795
4710
30643
8374
28510
26883
17195
14234
2311
8768
8453
11413
31926
21650
21044
28642
8329
18735
22624
9361
21279
19653
21459
5849
26786
30827
30870
27823
26884
1752
24279
17559
904
2514
12942
14011
23429
5098
1633
27706
4711
10855
19908
16578
13046
4992
16996
8801
25051
21710
14534
9112
30559
30208
10283
29618
26231
23505
27064
12627
5374
20279
29395
19284
2369
1245
3792
25550
4288
14548
23501
26997
17459
12934
3802
23336
3276
17643
17246
27078
3772
7935
22966
27714
7416
115
10526
23034
6717
9890
2261
16196
27473
1480
29820
24650
24205
8814
20415
32281
11416
7977
3384
29172
30325
21124
15504
4846
25792
31035
17384
6584
19508
22698
18551
30391
31601
25988
2676
20057
5628
17096
14390
4010
8328
11505
31898
22818
8820
9582
19621
8129
148
29265
14442
19551
30004
17995
17198
17213
18778
9432
1739
2527
13132
22199
9810
32542
32338
669
21492
22905
24509
15914
28195
24492
7464
11036
30708
3972
26622
29891
28872
9969
4669
16821
20267
17245
121
28098
8956
2876
32035
8234
8911
5604
20747
4622
10383
1439
17700
6437
24936
2047
29063
19120
13539
12402
32187
19120
10067
24854
13876
6998
15217
13775
6937
187
5955
9622
19531
19665
28738
19988
30370
10138
699
7535
9850
10135
6262
20068
9070
20100
25238
27286
14691
15938
10944
18213
4809
14869
8063
12163
2077
18447
16359
12931
2226
1740
10873
17843
178
2912
21319
13036
24671
23438
25945
1063
10399
22587
21326
24978
8376
11297
23366
5604
6488
4808
512
11501
24792
2994
18752
24689
19649
19926
9588
18230
31888
3921
30358
31324
14774
30039
2132
9453
6371
16495
23919
12725
16516
2272
19041
2900
30859
8038
9026
8849
26478
26154
236
12017
8306
13809
24926
23945
26409
9108
10078
25104
19513
14768
15715
7736
1888
31390
24497
21310
12981
16038
20934
4544
19249
17007
757
23504
6765
31162
26193
11590
28077
31312
460
24154
15902
4921
30880
5234
11868
25647
5358
13624
311
2387
5285
4080
28087
12062
15782
12553
29790
8857
32038
5105
6572
12753
5715
10030
10729
28805
9274
22187
27166
13603
29416
4175
23141
25075
29647
30420
28002
20113
20844
14039
22802
26016
26151
12843
25795
19133
6779
30067
22628
7346
28246
11248
28927
10220
12739
1431
32388
7472
12486
17255
3784
8329
22151
24057
18893
17541
2995
31321
25412
17824
21536
8468
17744
6657
28592
27538
22669
10596
631
7078
3409
16728
2080
20836
2610
6570
5772
21299
9160
32033
13245
7203
436
27243
17139
9344
5344
16728
19732
6311
17161
20550
10321
29208
27515
21981
17159
9933
10524
19196
5603
25290
30124
2290
330
32758
4683
8178
6648
12329
22844
29121
10471
3462
23784
25778
25202
1291
30758
17108
6330
20326
13241
6506
27977
27658
9498
11419
17909
21123
10873
21355
2311
19974
10238
20458
25757
14157
10836
30635
9549
162
4712
16504
24587
18489
11886
1348
29517
25794
25638
5985
9069
8255
20573
28660
22094
5395
32694
5541
12866
24924
9386
2715
9259
9347
28366
22183
4321
31506
26452
447
13780
27845
30421
4783
31987
227
30798
26123
18380
27854
32104
29032
30196
4313
10236
18123
10921
14171
15574
27746
5558
18946
21433
23666
17303
29033
18596
16785
14558
21228
21076
17173
23765
24763
25098
30156
30565
28717
12430
17646
17974
2647
7284
26447
27928
10974
15774
13529
17826
24841
20994
28730
21016
1818
26541
22746
22418
991
26632
6416
25435
19076
26715
25749
16280
3243
25487
23353
6954
21182
16696
980
26837
28292
19923
29568
14753
31731
2123
29957
5760
25670
26819
17557
7474
5967
1167
13242
25702
28429
13187
18828
27426
29057
6769
13095
5988
25790
16109
6236
2058
26944
2131
10407
15855
3710
21004
29793
24663
5570
29452
26167
8333
22329
24223
28891
202
32070
16998
17657
601
2588
17820
9069
32505
23436
19870
8115
12675
8475
27563
26271
12748
30808
22504
23886
26573
9069
7591
11356
14849
3571
23784
2903
31503
5131
17696
24692
23209
16298
11578
2177
23988
28724
27868
23323
8617
8269
23275
16161
28475
15852
5457
25449
24634
18608
30206
28593
7351
10872
22828
16856
29545
32302
6376
2894
20815
14563
25038
25289
23703
26913
17684
7737
14015
124
11210
2303
10746
23403
3935
19033
17877
31574
7016
4129
12058
9968
7325
20920
9972
25799
24868
16189
3413
1050
28179
12546
25237
10218
11824
11072
3164
2131
32251
18953
25025
24093
14574
10623
17075
11407
11267
7748
16024
23939
4471
21041
3637
25536
31181
6475
25806
22403
17943
4850
23694
16735
6001
27484
553
1863
22478
20802
17343
12266
16375
29657
18180
28735
32464
7428
27294
14176
26077
15304
30414
11419
16134
29440
16723
21446
12183
82
18571
19412
19595
3937
2524
23462
17418
19780
5970
16675
16432
20536
12425
30347
26384
10129
25294
25096
7161
10231
29825
9095
26104
18382
8125
29893
8093
8182
24636
20397
21506
25781
22644
20193
27914
27377
4614
31895
5863
3491
7513
934
31967
1928
21634
30432
17231
5402
17768
8867
25328
29374
1829
7339
18777
2879
32431
1578
25285
27259
22199
13339
28951
18524
11985
12755
21531
16394
17878
20953
9999
1887
9094
16631
22370
15004
1394
20369
6331
4186
4890
25910
23101
2499
7506
21109
8458
29441
27882
29938
27653
18423
25741
25017
1245
20783
31210
2513
25159
3348
18962
3349
32650
14690
19745
12095
19777
4314
27937
9030
8028
4410
1067
8426
15465
23916
1487
30860
29202
4094
22455
6468
21222
4562
7558
15662
348
18711
31750
12292
11284
13431
6019
25586
8033
18066
20850
18597
4101
5548
2391
6310
827
13218
25829
4326
30715
16931
25446
18074
13689
5916
16477
3912
25327
1396
26986
12066
19612
7674
2927
16788
31244
31900
31473
4121
31131
30169
31681
19282
1333
14457
11227
23129
25695
14203
5518
13395
12155
28751
11485
30788
22599
24901
15398
14120
7080
17478
1025
9279
16550
25026
4715
8104
18615
4073
5412
20273
30016
12830
11093
14702
18009
19624
31350
5896
22225
171
2671
20056
14705
1111
11517
19764
15237
27488
29784
13577
12441
21422
32019
3370
11137
19029
3907
28520
18588
31943
23267
25315
27993
2633
21367
22816
8441
2467
28400
347
25239
5916
19408
26142
8294
32421
654
2322
13371
22101
9788
28950
2379
7445
14439
24206
20277
12701
5183
6653
24131
13727
5367
4311
12524
12609
31599
13456
5790
2769
22289
20473
955
9908
30201
18124
8930
17312
8280
29573
2927
26380
8986
6004
16709
28132
28102
4369
25035
5504
18342
19599
8756
4311
24617
8884
772
32240
16005
6631
23759
20378
21664
15755
10820
32605
14641
32651
13163
7088
19746
22582
32299
1644
20538
6222
10255
30593
10488
8539
3402
6120
25538
30789
24824
18649
11583
26146
6822
27453
19457
6989
23829
15206
23911
2232
14907
5374
22977
25475
30859
13117
9142
1741
15734
16735
9955
10186
16690
20310
18885
4117
28602
32444
14041
21064
6934
31755
16641
11467
8924
6160
26410
3817
13559
5533
15148
29737
2983
32639
12273
2523
19657
6831
4826
21233
28249
18637
13406
15888
17461
28361
1013
25063
6947
13284
9012
21440
1302
11479
13369
19540
15021
18257
26441
3812
13821
2471
3000
18053
27280
31431
10249
19900
16045
18031
23895
5194
10714
29084
6644
5961
7328
13124
24399
8056
5518
17735
7963
14804
1921
16804
29613
7784
29986
24552
14246
31077
26031
9965
16595
19061
5887
26304
16977
20045
4288
3811
6645
9857
32004
13493
3306
13213
27132
24110
14236
21873
22786
25807
13525
1452
16093
1241
16422
173
22849
27838
22409
28821
32150
24789
8260
20129
17658
18257
4881
28343
14729
12404
13179
26942
26844
12032
22155
22323
32719
5359
15524
5241
21384
26723
684
31857
31669
9440
11884
21707
25108
7353
23098
23196
27449
3784
17365
9648
7308
17506
17040
22049
25489
19338
26803
16424
25196
8549
21534
2612
26020
24815
29231
28985
26407
18923
15078
10059
17038
13344
10055
107
32419
17090
26368
24993
20512
27695
6476
9803
14778
10716
3351
28596
27998
25742
19555
4840
21179
28877
30442
6343
22272
12181
12293
1113
27111
10064
9164
21345
19442
10497
26495
27957
4596
21954
14629
29644
468
6256
25202
11033
11406
26533
17134
27287
27002
25574
17748
19750
5841
9758
17464
4885
17261
21067
8685
27264
9680
17016
6054
4572
1128
24043
32731
2256
29458
28831
8175
17222
2524
5877
13583
4803
30991
4518
18525
14835
7789
5628
3662
24201
32695
28226
21840
19782
20082
32377
18353
17494
22763
332
1212
14307
3193
4422
21797
17637
27906
21059
32423
17975
9664
20260
31467
16368
5957
24519
5548
5360
1725
11063
13849
15033
21108
6687
22394
24449
20376
19845
29975
13957
13631
28084
27989
24223
14507
25978
8227
5915
16077
23956
19604
14023
18185
3175
29133
6473
29497
11761
14114
30389
20724
14334
8060
22879
18448
7839
3070
9710
21093
15576
20968
27058
24788
13721
26555
25400
4489
24815
28062
31003
7036
6524
5376
4892
4926
32293
11135
2421
27890
31754
19720
7787
24473
13499
320
13859
3476
5289
18467
16566
5731
11738
23019
2695
30131
10977
7732
26325
21400
28174
7773
26764
10775
12514
30513
7521
25575
14277
3527
32541
22648
28155
2982
3897
18741
32213
26157
20652
17415
14628
30003
5121
3866
26099
23786
18860
483
17270
20233
20126
28514
23357
26410
26391
1444
29357
9840
23484
18061
12465
21102
27881
32212
19373
15172
4168
22607
21428
11531
11427
113
27898
4212
18422
25617
3724
32427
23497
1900
6462
19586
17340
2414
23269
20683
31332
15661
20935
27141
6229
31927
17488
1852
18816
6413
263
14378
11456
2927
23232
2210
20911
19418
13586
11055
18622
28880
13579
14072
31109
31831
27171
31974
13143
31300
879
14345
11290
21433
25879
7480
24917
31725
12810
3576
3979
23083
7664
29344
13256
5406
7009
32698
19321
9035
14932
27307
18048
17631
19162
20887
24456
19115
6156
23167
20118
20077
20289
19884
2529
16465
26501
12113
2276
28087
7495
7276
15793
25911
22098
28397
14472
23522
511
27930
10664
30667
18856
2098
13669
9159
9567
28240
20091
20592
10464
29587
2722
18032
7365
5756
9571
28156
14329
9111
9513
12190
3439
15454
22171
21048
532
17754
4649
31302
24322
32651
32741
11875
21494
20746
19861
1295
32260
237
2822
24495
18057
27243
8355
22229
11874
27457
5189
15298
22875
4435
4173
21289
28138
19351
24817
11574
7454
8751
23507
16079
26322
14805
26072
8218
28198
9852
2871
5183
29232
20788
24016
15983
16110
30031
3520
10277
10879
30914
28722
31915
29331
9166
26743
7649
3617
31711
26458
30266
18264
17844
29869
11271
12759
29376
30504
6648
20768
32208
11892
12511
842
31471
4994
9912
1015
24198
4897
5863
7046
16328
22224
30656
20106
6733
4048
2380
8570
21245
30846
8522
17578
1072
32736
30837
15481
21780
21374
23813
22988
24654
15219
28280
5820
28132
31939
18066
11148
1114
13807
13219
28638
5403
27079
26632
23590
18459
11392
17140
16222
10939
9990
5745
31996
17901
25747
3745
26401
24472
7809
7754
2323
27454
31325
5265
30189
28124
28220
16390
28565
22801
16210
17121
31215
8579
20160
31883
11856
5247
10414
11361
25398
12511
2458
12724
31798
1841
19951
3348
30261
25877
32730
1742
987
20455
30553
7859
20037
4766
16533
10523
11770
25332
15473
15658
28705
25032
12131
22610
31729
31424
12931
23321
27752
26418
15073
17181
29248
22597
11036
18005
4639
3155
9008
13209
4878
21394
656
15461
12588
18420
20597
3034
26787
15435
32373
20229
27868
9905
14679
4708
8175
2599
15398
6310
7774
9084
22916
3763
13058
23921
12097
16620
18245
20506
14380
13748
9106
20359
12329
20783
5130
19876
32388
26185
17785
4958
6789
22779
28296
5383
7749
13770
6452
26108
31679
25232
8318
3973
2090
19582
13924
20220
20871
14178
1553
32562
29302
4646
18001
12558
22605
29849
20551
14199
12139
10867
3682
10868
27082
28563
22413
9618
5076
16778
2726
17799
27512
27229
32306
10516
28028
10375
6223
31024
19733
6206
8937
15458
2485
16887
12337
31087
5924
29228
9035
27957
19410
15965
12615
22487
2412
23381
28243
9498
21421
10414
15151
29711
18807
5527
9953
16883
13346
17109
6313
15443
8468
1544
22071
32371
14737
12848
14876
15857
19669
18799
11903
10918
16480
31761
16401
1485
23186
6345
23875
13415
7031
21053
5558
20702
6116
32197
28146
32744
2755
12144
7004
3246
4267
22345
15458
4142
16820
17368
24825
10205
7561
11755
30537
32657
32190
12694
28838
12959
612
22648
12995
18496
11483
6464
10530
20282
7400
28784
2767
23740
9223
30305
10318
29321
8963
5767
21970
4184
26051
19447
17840
29819
29031
1830
26386
20416
30868
8436
7408
28821
27147
32489
24892
10607
19841
19646
10333
30316
25259
28447
6367
9783
13976
5039
27497
2604
9027
589
1775
29116
28009
5014
11560
29971
29848
28842
19267
21241
10633
51
17110
26102
16047
9380
16151
29882
18192
12223
27214
25019
14164
12122
6026
32288
32027
30562
13459
990
8340
3360
6177
31521
9292
22459
75
3821
5955
14847
21826
5381
3397
31068
1087
19724
29047
5682
1722
6890
26417
31052
27101
16497
11531
6826
27192
23105
13883
1411
30646
9192
28190
23946
13776
18254
23060
18801
19456
15185
3473
26283
6777
30124
9329
10871
10005
29725
14220
21530
22159
24775
32651
21611
17906
21973
6650
20117
22609
1120
9374
5657
19641
17042
8968
19986
28772
17676
25194
3517
16687
1926
20394
11832
5198
10421
29621
9610
5439
15730
2582
4836
12540
24344
26055
24615
16757
31022
6214
7333
3389
6726
3820
29996
28548
19492
6779
27969
15429
14115
5366
15785
13504
5333
6581
31790
8235
13802
952
28831
23717
8019
9788
15129
31851
679
29580
12165
17230
5573
1562
2658
6245
3515
16334
25285
16383
16614
29598
32157
29147
13403
19807
26172
8092
6278
27610
28691
32631
30993
24867
1469
12079
9223
3366
26944
835
3130
1667
18831
22118
10978
1436
20819
27951
9350
1515
4842
16914
13600
4506
30128
19855
10108
27469
2174
7849
23521
2627
23921
22426
8691
7325
21229
25285
27096
1021
28129
29676
4250
83
10572
10659
19404
31988
24320
25348
30833
13293
11686
7589
20761
7062
2
28615
20301
21098
6520
29392
15405
32021
19407
12796
13400
19151
14902
29007
8972
5097
19844
24782
30863
18085
15812
4078
8141
5707
21745
13645
30530
8313
20222
7840
20762
31931
31513
23788
16023
27227
561
250
10932
4219
30390
31749
2056
1120
4512
30901
5612
2577
16562
16465
224
17185
27136
48
25131
16329
2223
880
25282
9786
1788
13547
1387
25648
31103
32103
23586
7883
8113
21005
11452
21659
19885
1821
18634
26105
9011
15071
7360
30622
13298
27869
14935
25454
1287
5455
25135
11157
961
20695
20665
9173
22951
29806
21076
17694
16828
7582
25270
24416
17153
4851
23438
7581
29756
2220
30311
4162
11512
7605
9680
12727
18381
9434
2490
6453
23009
3637
801
20440
943
1256
10991
31733
16135
5394
12317
22189
20054
28155
24859
8130
12584
5266
25714
938
16875
6682
25768
10210
24822
11040
13155
20869
20682
2736
10194
23069
10135
19912
15433
26297
31234
27405
12075
5440
8997
29373
11021
5124
19927
741
14872
22426
9006
19412
2223
25322
16963
14543
15186
21890
25909
4358
23491
13360
22385
9415
8551
8143
8496
23282
6382
28257
3137
12973
28471
23134
26120
3416
25453
15436
8903
21700
9335
656
17948
20895
7567
23428
13515
17971
30256
17865
21438
8529
18742
31455
6218
23943
22337
26610
28084
24729
14426
10487
5108
28463
20697
14840
23480
2252
3461
21164
25516
16383
11006
8267
15097
25309
3160
20896
3339
1966
25865
10592
15000
20967
14853
2746
990
857
32295
13359
10284
11687
19923
7332
7843
6141
3546
9910
19518
11519
29085
7757
23312
1280
11382
13428
5837
24693
21075
28008
29324
9897
11172
13550
7115
15538
120
3306
16052
18595
7906
2606
24479
13571
8354
5008
28119
2174
13313
5951
29601
26075
27645
10839
1914
18478
23462
18098
25249
20303
200
6914
16597
12426
16842
8476
28000
8088
726
28311
8532
17358
5691
29590
5909
3477
3087
7138
30487
26
9496
1596
489
17223
27885
17905
7027
4593
16216
25262
7036
22611
15615
2710
1903
5819
29507
10898
6494
23683
15209
24808
14407
28483
5367
32272
17814
29253
32609
1987
25580
8761
5861
29268
6943
31018
30900
1091
32130
20145
12882
6160
12902
18537
16447
12365
2528
11938
24535
4599
32205
31066
14455
22790
17428
10601
8161
15171
22059
16891
32226
27994
4573
30275
4914
24112
22346
24430
10139
15478
18479
20182
25437
31359
3175
4217
22482
17486
16306
12713
31566
7156
27830
8197
7241
4121
14659
13479
4032
16600
10203
32671
7896
9936
4722
26528
30661
20599
17010
29178
9706
2482
18946
18120
21825
8611
648
17771
25854
17090
21612
15671
3439
4400
11296
7787
7463
840
16477
14183
4443
10358
3503
21017
3468
21068
11059
17849
30310
21458
23711
20662
13289
19230
1412
20208
24262
10533
25040
8231
23820
27601
10135
21171
12803
15956
30227
26230
1368
29627
13801
15376
9595
4038
20141
1105
2374
20983
21929
17396
5343
30441
6618
16266
9695
9187
12604
25524
10932
12461
27464
32149
18756
17314
19642
22407
22738
29703
30871
3597
13094
26267
10863
12554
8424
6255
9695
1328
25934
19448
16219
31162
11511
19555
25130
9822
25622
31528
14258
25981
14290
23522
21494
24222
18157
4702
2909
5402
17828
1778
21941
20248
6359
9488
25207
26812
11370
26650
16973
26524
2283
10872
18897
25204
27765
27369
4504
4378
27348
31766
14191
6324
22761
21101
17636
26664
1872
25644
24329
14548
4161
20412
9076
1920
15540
15425
22154
6544
17609
10351
18174
25214
28518
7071
2708
23944
21794
27938
30763
12198
19042
5589
762
9663
13505
16373
23322
25372
20406
2357
30532
21533
9329
11022
27613
14635
14597
32087
13103
24045
15052
1813
19194
20671
10247
4500
19243
11872
15558
29111
23019
21994
9992
31628
8411
6408
17954
21539
10142
15459
31077
5537
14233
23645
16891
31120
11510
2562
15378
32121
22767
13371
13117
13749
22857
12613
22038
17024
2334
31842
19753
6991
28384
31695
14605
9316
19355
25333
23508
17055
12154
1251
29094
24983
14221
11004
31912
8169
22729
17389
2082
5584
23633
32483
9954
27126
28916
9978
12507
10378
30198
21240
1042
4243
25363
15675
19643
19332
29121
22512
6302
17168
27574
29062
14784
2367
17066
32098
15424
1730
21854
21717
29567
25476
1501
1099
25219
23937
1281
30917
926
475
30522
8585
13130
31786
22155
23063
16984
28692
13781
12384
29514
4383
18776
23347
26365
27842
22647
29944
15499
6850
31931
20128
26735
18364
21019
28380
1770
19965
31867
4493
11686
20634
9842
15228
154
3262
23888
13900
3629
21822
28256
2221
13982
27763
10602
16082
8867
12360
11388
5924
3408
19602
7402
26424
25915
26528
29076
19710
2270
32019
12903
60
8764
23280
20775
22587
26056
29940
32619
22977
14466
552
9705
24894
355
6325
24819
15690
10747
15352
9794
19791
4697
4313
30707
30851
31787
11353
18639
4378
12582
12395
30159
30649
26792
11013
30943
4909
12444
27510
14563
28765
23967
16890
6904
7805
18016
23948
14588
7045
20045
15355
24912
25826
876
24640
17372
107
21382
17167
28756
4502
7307
12716
2490
20204
7218
3840
21285
27578
736
10988
31168
18954
11723
9181
16405
2257
19551
1697
28300
17002
29921
8313
11566
3907
27730
14191
10927
8407
9622
7401
13484
2268
15317
20095
9521
189
27682
6410
18814
17738
21082
29181
9739
23215
27983
31481
15305
19618
11814
25499
12971
16097
5886
7577
3429
25052
11475
5901
19060
8110
16545
28432
5726
5458
21452
22667
29499
11284
7103
8010
31092
26437
26835
850
5579
14899
29811
24181
26779
31321
23167
18467
10849
16850
16877
11139
14716
22036
30902
962
13617
26330
1776
12972
18930
14690
32055
9593
4832
5081
594
15337
13454
32020
25620
9619
5384
9344
12159
10617
21780
1628
5168
3041
28343
8229
5879
1632
7419
18770
22469
1592
28912
1090
28363
9444
14321
23411
9440
3824
5928
7924
2851
19726
85
5661
13794
9063
25546
31101
7867
31535
17338
18708
29185
2684
3252
21186
19298
11864
22379
32000
9670
11028
30648
10702
633
18144
31970
17900
2957
29337
1820
22605
13690
29922
5711
9673
9224
19318
13850
15634
22127
14013
11032
32489
24252
9117
1377
30354
10358
26514
15443
5765
4738
769
14226
11622
24644
24009
26957
10039
17927
12828
24003
28365
5279
6541
25606
896
18508
28777
13311
5927
32482
843
13747
18500
6439
15083
19908
19579
2941
14903
21307
8009
8641
8869
4740
2290
14962
29383
442
4539
15638
13088
2598
13658
20441
25910
2818
27307
4216
26856
31106
21412
21597
19458
16917
10635
13324
14351
20200
14694
26045
29294
22443
1204
11082
8872
24217
23130
22348
21249
32434
31712
11649
24397
28491
8925
8818
17925
24777
31408
15954
3994
5802
25201
10024
16393
25285
2856
5681
1712
26066
17980
15487
8288
14636
6190
23271
8115
26070
25478
4378
4000
19644
16398
10258
9292
25660
21055
23472
28195
28389
14073
26531
17192
3967
22391
23435
21129
24139
14721
31326
5751
25484
8163
10507
6196
6981
3871
12382
14958
26181
2655
22052
32203
3169
7341
4495
29637
13313
614
24284
21432
29406
1772
30258
26169
23561
27292
27086
15018
12080
25856
28509
23307
3357
5957
22697
29203
21887
751
32632
6016
4589
22731
10417
13995
4648
13349
8897
17247
7584
5692
9021
12523
24122
13811
10185
24438
26705
30665
24120
29587
1019
8715
22517
19478
7053
8521
3233
2597
29537
28934
28669
24466
3798
31923
7947
5992
26265
3295
26736
3267
21539
5288
13341
997
22147
29557
3630
6535
5214
32487
22802
15469
16180
26892
27373
25917
15332
22230
6714
145
13427
15052
32181
16203
30473
18432
25464
16681
17980
4417
17252
19865
32401
10385
12482
3790
13632
21210
3882
787
13368
9180
3748
6239
30563
5738
13070
9770
3883
29910
27326
14720
3133
9642
30824
26452
22669
12440
13377
6422
8602
4020
26724
1928
14323
8417
19573
22477
2042
19337
25733
3778
4072
11922
18230
20114
30481
27277
3872
4741
10858
23600
31603
23833
8776
23302
989
3156
13674
20581
25518
18520
7482
15009
24634
16440
3920
28799
20094
10506
4152
14572
7175
13118
25461
2799
24336
27182
15557
2525
12779
12789
5799
4556
23970
22405
21019
26697
6109
26356
937
25934
22534
15383
4516
10350
1964
338
1968
11859
4645
4270
17282
23146
6008
27436
24295
18653
18042
14938
31496
31938
8758
4131
20716
16018
13970
22763
11070
16092
48
13276
11601
20794
2963
9594
2913
21381
3971
22654
6172
5445
1714
24801
19296
21355
3231
13623
9799
7235
443
21054
6241
12196
15051
15543
19008
12138
16269
21876
28986
13349
23710
13235
4202
6675
3227
31146
19192
6732
31878
22371
11162
1085
12140
12234
1371
11095
1349
5125
20892
23816
10524
2307
12120
29419
10864
19288
26540
21820
17881
1352
7062
398
8431
11041
32509
27072
32103
29135
17649
16173
10111
5034
8501
32291
9117
22418
762
19863
24370
3646
27886
1814
26853
31185
3701
31487
29678
21422
566
17648
10943
25742
21978
17534
5354
25296
16144
3625
5183
2832
8661
26766
15668
9978
19442
10719
3723
30304
2502
2449
19502
11915
30789
14932
350
975
14401
24648
28172
29026
26345
14190
25479
13167
32655
32349
21592
10085
2734
31030
7018
1685
15915
8409
15983
12028
29403
21081
12158
28253
4934
4782
20993
916
26538
15018
18126
18982
25411
7983
17300
17436
22218
2462
31097
30226
11324
5266
20225
18827
4060
16591
28978
27015
10875
22133
32758
19800
20727
26234
22976
26033
19714
86
19058
8192
8996
28672
8575
13309
31235
6170
29516
28547
1763
15464
2525
29856
9065
20615
18605
7656
28836
7900
2013
32014
11086
23498
10897
10165
5454
31016
29848
18051
6274
19954
25419
6775
1724
26174
3511
27773
6922
3954
20478
6976
8251
29877
17914
15168
24734
24483
22820
32036
17165
28997
26036
20049
14634
26432
15114
26555
25321
16716
31565
16123
2895
23272
7762
3491
25209
19789
7103
25294
6367
11680
112
29435
16346
31595
29465
6683
4964
21326
27693
17384
4383
14834
9471
11897
154
4927
552
15123
20687
6607
32040
16707
28400
27298
20816
6185
31331
30995
28639
18967
31243
32522
32619
9819
30409
15732
27266
9560
8002
8432
16786
21212
22755
7883
29702
12973
25123
24111
9394
21349
27144
407
7537
896
16621
9350
9740
23732
1666
24953
16990
6529
30996
29722
7094
26888
18959
19382
6525
13600
7105
8689
27929
3751
3168
27065
5392
13334
29263
10872
7025
26200
11677
7054
4976
32733
13007
5118
6736
490
13023
8807
24454
3123
1156
24887
30747
29355
12980
23323
338
26011
21607
5050
22155
24561
4511
2210
24167
20443
31141
16002
13101
11669
3733
11931
10860
29824
10780
10353
32738
12915
8065
31686
10141
8533
16098
32456
2912
32492
7617
17546
14152
5872
18623
6065
14767
13156
17062
3440
14929
26406
29869
17590
3245
26308
29688
9637
16815
25489
16479
13639
31883
7416
24688
20860
3820
7185
32439
26935
8270
19826
27709
1258
25768
27976
11342
13119
9807
31142
28031
11785
10007
7964
5104
19322
7355
21388
14543
3990
19583
4921
17181
29159
2579
29729
32181
11123
7611
909
20106
8427
21933
8678
29488
15653
18106
20682
26270
20428
49
10079
21554
17495
14081
24807
15349
17719
11293
14741
11297
8021
21029
3487
13280
31163
30274
28309
29527
13713
28754
8945
27875
2636
7749
17391
31650
12834
11974
28063
4918
15041
32542
13624
11461
20032
4182
22959
1348
2134
22428
25224
4342
11210
28137
8429
18479
19498
25312
18173
12638
16320
14072
2406
19530
28098
16605
32566
17052
19657
532
13294
414
9604
11998
8152
8514
28078
28000
31387
15462
20285
4096
7181
7766
12253
20242
24392
27027
19612
17844
15360
7123
15847
13814
2580
4936
30645
22591
9058
31013
6658
14828
22496
13663
9599
28473
26601
20400
26760
7269
30932
25058
14422
6673
14283
32586
19062
14570
7898
13715
17017
26759
4167
2749
18414
17812
15394
7268
14477
21297
1052
17478
19125
25493
20893
26112
13337
29687
4624
18968
10422
32686
19842
10816
17928
3735
2923
21209
15997
695
31179
32183
22826
26913
2681
18980
6588
21018
31416
30247
9394
29820
30988
15622
13258
8280
23884
32521
11961
17631
9975
5761
15391
3459
13771
32265
24250
23129
28820
11276
29402
6082
20035
18311
8213
14666
30015
6672
4923
23504
25856
25368
5261
21224
24025
28781
20009
9597
31509
8194
22217
15803
13126
12019
21677
20523
13018
31172
19670
15904
17647
4586
29301
30547
15977
19596
2723
7882
8001
11914
14418
30462
24095
22975
17540
22844
4652
24451
14011
15436
28449
7284
20912
3665
18341
375
18503
26096
2517
28153
16067
20148
27172
32635
27702
13489
12389
31309
28732
13160
23334
12185
12521
19435
3392
1188
21760
17986
31148
32593
11878
16908
16792
31719
10454
14953
30906
28691
4309
280
17381
24369
18153
29917
17882
25543
13062
30502
20064
29266
3145
25837
32663
14662
18665
5856
23945
16976
19050
11456
31746
14558
6675
10247
16034
31201
18851
6605
24368
20689
19520
26604
11825
1522
23472
28003
16825
8663
15819
31224
1666
2596
32304
29986
26427
23448
28728
10277
32290
9546
3368
29567
1237
26930
683
29571
30309
1516
1407
22596
6061
28089
15470
29876
23010
20167
22400
18701
19307
4274
10095
3184
2802
19274
18779
31180
28859
6807
15039
25602
25140
29722
27044
21831
974
24918
5396
15817
15628
17295
4562
30101
17113
1234
18248
5560
7199
23093
30913
27812
21653
31584
11992
4566
20953
29516
21808
23734
32446
28235
24678
17087
16615
10569
4164
24799
27797
26193
8760
13345
10941
2643
2052
17801
1374
18468
30390
19775
3601
31942
25051
4337
21218
8426
14064
370
5470
29619
27929
23463
30701
17085
15638
20643
5474
29534
5490
30993
14033
12587
7933
6098
7072
26046
25981
28648
2017
23991
30881
12691
3295
16129
6454
17081
16375
13399
18077
26251
21418
29190
16509
2150
18160
30708
20661
11767
7886
13537
29077
21667
24106
28397
9293
15910
12255
5466
2981
28794
30477
24468
7919
27898
14770
23918
2362
25287
6527
23727
2249
24683
20196
18381
25284
18620
23150
25080
16172
3843
24658
1114
276
32350
25162
16542
28431
4195
19359
3247
16357
5894
903
23490
24458
15805
31154
18582
80
9698
24864
13562
19547
8792
3381
657
19285
22129
9487
18642
20580
15375
8471
11346
1113
21770
18134
15174
24619
3026
5899
29507
11171
1878
25082
21577
21592
30244
30214
9472
12510
5329
7298
19521
1083
29595
22725
25560
21914
16205
7548
26761
28740
4451
27717
11089
8139
2927
4985
26605
31880
16827
32328
9377
23624
14640
19212
16178
15171
31862
7127
19252
12622
3165
21838
9612
18257
12156
16315
24877
16634
25880
15965
28965
11955
32583
4355
13277
23506
10324
21465
17308
27920
22374
12673
12366
17213
30813
31589
1668
30258
19197
7244
18363
31750
15694
6444
14305
20613
17730
5183
9237
12509
32153
1625
1711
16283
2562
8825
11392
9430
1667
6046
16219
32426
1562
9436
22995
13801
25765
13230
2119
2828
28671
27790
23324
28528
11372
31171
28234
32447
14391
27771
2586
11435
4761
30745
16686
31459
18909
30672
12225
19263
21698
29297
16432
8766
6945
4225
6329
28083
29135
14479
5763
9147
3525
17860
31199
19954
12926
3260
10190
21735
8097
8852
9411
8141
480
6725
11434
23667
27424
11312
3112
886
5594
31738
7973
27829
30657
28825
6280
2053
26533
21167
30529
3622
23191
9495
19597
15862
31822
27582
14197
31205
9929
21685
14744
22953
32054
30596
18731
1075
11795
7872
17470
26081
8339
20448
10561
5877
4419
1356
14534
1606
25069
20151
25737
15413
8380
19375
12205
18915
2722
13426
25672
14497
3319
25860
16930
3496
2659
7806
2746
13835
26365
29353
3722
28393
8116
3531
8076
32231
28911
21185
3325
19933
20592
32078
3169
17360
15998
16051
13255
24609
12867
2176
26958
3
9587
31145
27624
21298
814
8668
22878
23011
32296
3858
21909
32502
4615
22885
14095
8819
13324
8481
23732
10292
30454
13085
4307
24287
9763
18252
7524
21272
7161
3471
30096
25332
22404
31949
6259
9648
5472
6214
4384
31651
28634
7972
14309
23153
19026
23123
6353
10626
3044
31891
9076
17074
27975
18636
2022
27466
24052
29345
25867
22832
17547
27975
11284
6234
7795
7320
23881
25736
17089
7267
518
19251
19548
4615
2052
10688
28510
15424
25050
23546
15805
13632
4292
11967
7978
6914
31650
27385
57
4571
14148
3281
31939
21842
9188
31519
2441
19249
1012
21284
24857
19676
28699
7291
14326
6882
19578
31053
31731
11986
9011
9925
8928
24400
2092
25027
19560
2663
27152
981
15162
14881
29847
27747
26983
30549
26632
2601
15371
16065
2556
6378
6704
19544
4964
26467
27375
12509
16333
14719
16088
26033
25059
6857
10389
21226
8500
13606
2249
31652
17719
32708
20798
17564
12685
23118
832
2299
30598
26722
27972
29039
8423
16708
27598
16768
6123
18388
12689
3874
20615
16061
23255
6278
5874
27888
20515
11318
10085
26193
15381
22369
29472
19631
6287
20083
13997
7418
5910
17385
17768
23728
26747
8548
11839
15257
10170
22268
7607
32180
27682
13526
8495
16753
18102
761
12137
30240
11988
19293
6726
5802
8724
2629
19921
31871
31603
14543
127
24271
17841
26058
14518
20989
3319
20679
19339
23377
29629
15219
14544
27885
3819
25892
2126
24066
19774
25777
3151
13123
28142
21639
11616
19354
19086
1273
9044
17690
30771
10456
16268
11830
984
12356
11382
22320
19969
17857
18004
22484
18847
8590
28991
7525
8756
10034
4203
5336
3383
343
684
17728
19130
12251
18489
28298
6474
15397
13745
106
8471
1973
22619
32149
6741
26879
28594
7985
13025
2682
8225
19593
30504
16372
17163
15110
16965
17960
30734
19035
31081
8338
23433
28927
5760
2434
1627
19680
17937
10352
15086
11350
7270
655
25461
9045
9710
22948
17777
232
22239
27929
3706
14554
7711
20813
7740
5558
8037
20783
12736
18163
22684
3595
21485
8040
13960
20900
14158
6150
23723
18050
23829
27333
9322
2701
11616
23007
5996
20443
25788
30525
26947
32711
31463
46
13390
5187
26331
8543
32221
7023
25607
14088
17815
6506
7392
23907
9241
15463
24216
25954
15584
5892
14893
417
1897
21720
13990
16282
13206
7499
30874
8472
11604
6315
753
27118
891
19324
29934
30184
13814
15375
26990
11010
12067
5718
23402
23512
27772
16886
13251
11870
6776
7838
25663
23249
10156
23191
13262
22253
4918
6045
8211
16737
31323
20974
30751
8576
10607
15776
5248
20281
13301
3639
20602
5961
22536
23671
10388
28591
12538
7799
8791
20576
32058
26103
24914
1085
31611
22771
3425
1602
8978
6265
28207
16128
15264
2487
24570
13901
6130
13656
1430
3386
30757
12561
23477
21573
22286
18294
4453
4560
9945
21011
18906
3282
16623
31160
11118
12237
3358
20756
24550
6144
9204
32133
27127
9437
28779
25135
29705
7101
5324
332
31802
13267
5837
1986
422
7774
5884
14075
5862
24355
5985
8433
32214
2331
5471
27272
12443
13161
31452
2081
31717
14990
10914
10348
3698
8672
11268
16765
8660
10553
14788
29731
8307
27372
14388
14709
27861
5629
22172
3757
11805
6289
24540
4922
17874
20131
32338
19728
21218
2297
30462
1859
26087
86
8164
32468
19112
2290
5554
20939
2787
6695
29859
25733
3658
32365
6307
12624
31691
16264
10420
13877
16404
8960
29072
29973
23895
19154
21392
14840
26698
20069
18380
7073
22131
24511
16516
27238
418
20729
26815
318
1215
3568
1841
11548
21957
24126
2146
7803
16655
873
29709
6458
10707
1881
20934
22187
13292
20240
16608
19943
15068
17813
18318
22116
14865
13105
7496
22729
2663
5342
29809
512
6383
2045
1846
11405
31471
7751
27577
29727
809
11782
29551
10085
15456
29317
6598
3107
27929
4293
17932
10629
2207
21617
25740
3251
12617
14612
6906
15269
12287
5002
7185
19001
1275
28597
24186
17795
30157
30321
15088
26980
15522
28617
13730
21598
15557
13675
30424
11686
24678
10585
14042
29051
923
1250
8462
22455
4260
5073
29280
2212
12659
12260
22246
5136
14956
4223
19140
24228
12905
17058
590
31089
7169
23833
7533
6092
25610
17650
10820
5980
6492
5684
15123
20081
20952
1230
4955
5271
24745
18894
12355
14700
16842
28883
12346
23982
24264
6597
24030
25240
4298
707
25116
25455
974
28253
24985
27992
24373
14852
2385
26988
22402
14526
20095
27918
3423
9759
26044
25724
24033
17780
13674
19365
2060
321
18259
26939
19354
7918
32142
16392
25848
23229
3747
10885
2706
32767
3310
21673
20304
20872
32073
2047
3680
22112
16613
32251
17463
24251
22137
11406
30930
21803
13983
16632
8002
12309
20346
15582
3687
5986
25501
27036
30460
4726
20520
5596
31443
21094
32308
20840
18786
27749
882
6972
25983
6272
13838
13792
30824
18572
14298
5620
22022
11100
15528
7948
5747
28727
4087
8895
26809
24200
7635
22011
733
5592
758
12443
21276
2554
26675
27452
22132
3973
11541
3916
14438
3208
9667
19811
8187
8568
28710
3543
19973
24173
9294
28555
28839
22670
25618
10503
20503
13258
3575
32718
14499
29898
5972
18923
17906
12067
20915
11726
29581
25551
8057
5206
5789
9182
23498
303
9463
19305
31143
17758
27989
26824
7769
16410
9446
9220
15123
8670
28170
14991
27091
26044
15446
25395
4489
29940
14815
11849
5499
10437
4533
13867
5096
7811
17325
13292
30699
4586
25956
19526
25251
12722
29824
10451
12177
8803
7737
12672
6209
9067
8217
31296
15149
2670
9727
14589
2526
2269
18794
22484
25172
28618
5620
30593
22440
26107
14109
30232
28144
17469
13130
19959
19811
3066
22542
24824
12478
11278
15271
1003
4838
2007
30668
24131
24526
29835
422
29199
11419
8399
17180
24620
15110
6789
22867
15545
19458
26341
7285
1996
1439
24783
21682
7779
28719
20831
16517
14238
20135
30403
20537
16939
22088
27977
15019
13825
2430
11964
20305
11857
14856
7153
10619
24505
30297
17565
10457
16060
26174
24937
21310
27247
23234
13385
931
12148
5455
17161
2671
14124
2581
8233
8950
14121
8623
13802
25151
13538
15876
18345
778
12715
1644
7532
13073
21220
16149
3515
17807
23152
12196
22961
28415
873
23839
3922
28198
5905
6922
26143
18003
19980
14288
18920
28390
20941
18533
2018
7183
29263
22314
20985
1240
25605
31249
3175
19046
6675
5121
6534
25723
4286
17788
6114
14144
7201
20607
18067
13890
3874
29609
970
14522
20133
160
6569
25361
9472
12721
19800
18851
27054
694
25685
12484
20807
4413
5131
3584
31151
18406
4007
11943
1678
22797
10279
10122
25089
19625
12979
29183
30096
9588
10545
23083
28511
24909
14612
8832
26536
22746
13428
132
31336
17009
6500
22228
10585
23609
9088
20585
6689
396
7109
16667
1225
12192
23206
28515
26224
15719
12379
11109
19521
19123
10109
22318
19106
10910
21968
17466
29870
19753
