14160
10515
8604
19830
19637
15622
32405
11347
3594
8581
4321
2646
14471
19125
14495
20854
12125
27603
1447
5497
11592
12919
5568
18777
13416
18202
8979
25579
12365
14038
22239
14274
32337
10862
13423
594
20522
3726
12361
30289
7359
4436
18345
17763
4923
6414
11309
27893
17504
6214
22482
19049
30239
25340
7455
14964
21861
26930
1952
18373
31287
31406
8342
11496
29185
30715
27629
11625
17451
5297
12654
2620
9454
3830
26166
5468
19046
69
19047
10419
6120
11118
3869
1082
5013
27614
6308
22369
23087
10785
12520
31153
1324
31141
15916
5808
14089
17345
20991
20741
