1850324634
2039104996
1693328899
2142668033
767607178
74758406
68624985
1692910318
675795163
1750820234
696011893
679714874
1316795077
1064344916
658710982
1995289327
1159969620
959142227
379440391
2027403724
2014100016
922658685
45696255
357201185
262326336
185261329
1815655160
865991830
1527373060
115704850
901720191
1230214047
7326198
447565442
1225398432
774933377
522323848
1294023417
320360047
1198119011
897360004
1016371940
1877833885
66671433
2080716856
389061219
2061960761
1093202828
1348203446
293917504
973122905
1214819814
1216576190
1018819160
1572021000
1478902526
1204080489
1240192512
197410708
583969902
1355897362
1099130899
1814183949
1363223561
1546696341
892098733
2138156938
2069020189
38638503
311033337
1119655552
935998507
1327405277
850005789
1002669940
1260638485
1239067008
917147053
206357666
439786807
1211064558
1179480571
1654606621
280157100
50816083
1079143973
1759059626
1254896572
171852838
1956470334
1838866474
1527750200
908117586
1505566775
743490113
307330279
250181861
734163403
228866821
288820364
