19865
28594
3165
44
3899
2760
9568
22413
32281
19048
16
16396
2865
16041
759
410
11257
24374
32482
16994
25669
32164
10213
11192
10090
12802
8095
23372
21668
30129
29887
29860
21173
24694
15303
26313
3791
15309
9489
14912
25268
24704
13327
31547
9756
4729
31702
5137
28503
20180
1246
11244
18227
16441
16387
24001
21536
19817
10960
23430
16530
30230
2301
20895
24743
29176
22326
7833
23306
17949
23327
13082
22807
17537
29844
11800
576
10718
5173
2378
18095
19909
31522
27100
15660
6382
10243
26983
6210
13773
5452
27424
30365
12133
11455
20816
4791
29281
5170
9988
