929843209
650389227
184051866
1553327867
1348334341
1419008922
1278279850
248746942
1296438687
1042933464
633730901
390609782
40898993
1715607140
763623179
1297482694
1773516847
1948879037
902581868
1741553198
1437740856
499838510
1560889163
1517218239
1563666876
1479657739
75691632
1397810296
1857544863
1787124194
1056234386
639904424
290029773
1240286253
45748644
1638364115
511811527
1324028494
1887111057
1808250215
219478310
373358310
51376349
260377304
2088965450
814999528
1557859998
1714998649
616394917
312958218
1309068199
2054135773
812796729
722473715
1423870365
228979957
54647806
1499561997
1626790254
1912192669
1139202543
535540992
404613445
1429232317
1775827245
450362089
920112784
140155125
1774390583
659740193
1948405340
1993868894
1033098504
1999781689
106762550
974580306
667297570
1664622548
542095308
1283692487
1977580766
1851163507
1190344613
642893847
426153574
466731330
871873805
480801380
1966293327
351180411
245510401
958012223
886721403
650123847
239760892
515065001
1100485936
1159873676
655220126
727392872
