14153
21786
5644
4471
31776
7769
26180
17201
3339
20877
4617
2558
2961
18800
2878
18946
24025
23520
30553
23983
21529
14725
8306
4747
16978
28853
31897
25396
25147
6036
16237
4769
4474
24960
10731
3242
16410
9132
3203
12235
9018
3338
12145
25637
2
5487
5450
9157
8924
26610
19413
22569
22240
19605
16157
12544
29071
21799
17092
22578
18117
20840
17818
10016
6377
20079
25454
16685
22887
9545
18725
14205
19808
23779
7945
6653
27296
25385
28003
6563
208
24944
12107
8183
748
12305
1983
32722
1272
11607
19699
9061
16879
31644
24040
23422
15869
27310
30272
13319
22765
4216
29777
29135
25829
21726
17784
7566
5457
29928
27823
16419
23069
16675
22370
13343
31527
6980
29823
12423
2036
30479
16845
28886
28578
25207
17278
7746
21789
22791
6663
24128
29590
26240
10799
10826
10033
23748
2918
21728
28158
8434
12377
24525
29995
21459
32195
1963
1656
22901
17286
10409
27114
1045
19450
24716
4036
26178
30085
4596
5811
4160
2668
11489
585
15531
19176
24693
13740
12380
23933
6652
1680
20881
6535
29993
31842
14919
24598
418
4038
18923
30459
448
32324
31282
6691
1679
1598
31558
14116
3357
7974
23330
1814
241
494
15423
31396
18393
5567
24432
11362
15081
5357
1290
19810
12480
32299
26953
16386
32013
9723
24559
21767
2386
31849
21294
24304
27368
23289
10696
3972
6724
28382
22645
21422
12152
4972
8837
8586
18428
12496
19910
27840
31151
29439
19880
13585
30489
27884
10655
25391
18675
31742
8905
26578
16617
32705
23761
20744
2462
14812
3603
18892
30705
27203
31489
14299
383
31661
16581
27587
31848
21577
13096
5949
3159
7852
20914
32188
24764
7950
6162
4934
10332
26807
11713
32131
24076
1972
14563
11028
21177
29390
22638
29989
6316
22973
2445
32582
13324
9112
31815
18806
13477
12688
7004
10369
7399
14814
19311
6285
14898
20218
9578
7663
21073
26382
12319
10307
19012
30634
23851
11195
10818
31161
19744
25783
8958
27060
7907
31126
30762
6165
20050
28364
29753
24079
26154
8501
18794
2684
2344
15018
1026
6935
5743
21713
29144
5611
27946
15929
8983
5899
4978
5542
26688
26244
17522
12201
29038
10896
10697
31348
29406
2572
17455
21485
29358
21292
18268
1537
9189
31342
27942
23867
29364
1484
1001
3477
9724
14390
15403
22926
14863
4415
31104
12156
22715
29975
10924
12580
4741
4281
27912
22920
15666
20069
32551
13568
7052
28241
18104
24460
12898
6044
28078
15721
28369
30083
23199
8674
450
13527
2154
22633
5300
30126
285
17382
15292
1370
22
2127
18633
29847
32616
29305
25645
24072
13440
4654
3673
28901
16392
14975
28392
5102
5387
23643
5344
13475
23386
28513
3124
5814
20783
23795
27789
14273
28689
8588
17737
6965
22775
6227
2756
4754
19376
9456
26839
21982
11650
12190
7839
80
25362
10113
18304
17740
387
32571
13673
29076
6882
22458
16473
3260
10690
19795
12066
11998
24611
6933
7533
24208
23961
2135
766
2835
4266
21652
16441
30413
18295
5497
21477
9721
13215
15163
7729
9630
25952
12078
21748
16061
511
16532
3385
27087
14698
21426
32251
5743
16157
1834
24621
6995
19010
17284
4094
25216
24860
26894
21338
9662
29605
4070
27060
20298
2422
3669
18691
21196
1768
14686
11274
4744
19833
5015
21981
9432
15217
24120
11937
3546
20165
16498
7571
16742
28475
30978
17484
323
9167
19973
32579
27546
14165
12046
20371
19882
4193
15734
4606
3774
16484
12019
10034
18268
3607
15980
29004
22720
32541
7948
19099
6281
9444
9622
22950
25777
12492
7160
26224
13250
5003
29474
5370
30023
11216
18200
10506
22145
18470
26950
14123
16220
27
25877
26357
7073
10402
12987
10894
17517
26551
3159
3953
7650
11073
6461
3182
15644
1852
25486
28914
10855
16151
19469
22921
5039
32347
28717
19873
824
1166
13935
27281
28303
18519
29930
16346
12736
21987
26155
16556
19145
27782
24640
28332
26959
8102
528
8692
9872
32469
19182
4699
31129
2365
20589
1527
15288
28737
1653
18657
20789
28001
19862
21048
19005
12126
15261
14953
4127
8863
21093
26285
29371
6356
6384
3539
10806
5081
19126
31295
8435
14301
4413
11571
6591
10435
31722
18253
1612
22216
10775
23121
8673
32359
23398
2089
9295
24442
23124
4906
8487
28577
29969
17305
26410
3047
30863
18030
29697
28067
25048
26967
20527
26269
14758
22528
26435
10354
20013
16018
12370
6970
16188
30074
15012
1895
4228
6763
29358
5872
13879
15014
13120
29104
20438
29305
30464
30985
1348
9733
15895
26316
14878
14149
31786
21341
2895
23884
8844
26386
19166
206
6834
15069
28171
16866
17639
11307
8603
2822
20288
10251
30832
21860
30931
12691
26716
596
5412
10111
2359
28193
25568
3356
18991
8208
4302
23141
4448
15262
28674
5995
31141
5898
19028
18170
8877
6931
19984
25721
18257
20483
30703
30994
3620
15340
2118
3091
18508
30258
22654
29332
4753
5193
9412
16987
3252
21440
7681
27644
6914
9599
22541
16452
26152
32333
26656
25816
3401
4245
18313
31770
15950
21353
20130
1100
10366
31431
23555
12792
32078
17691
31734
18831
29562
16902
9259
15440
84
30302
22445
3179
15196
374
18197
15463
8210
10143
16638
19905
8712
26094
1720
4822
18235
29504
22849
22530
15523
21116
21104
10250
6409
23064
24180
12215
16921
21727
27005
1220
10168
8177
5561
21499
18840
27147
3458
15002
15113
30728
17878
20219
6418
4776
17671
7284
9920
401
16819
5757
958
14227
11767
18192
12582
5168
736
15446
22679
24156
24610
31103
2440
23681
21517
28401
24795
11718
24508
15782
20149
18577
2960
18895
28302
16970
8157
24766
9604
17507
21986
30210
31477
21141
5375
15316
24396
18028
4130
6834
21787
9221
22403
19529
12395
11287
12945
7576
24656
20272
22059
7251
30400
26177
19220
13189
25252
21597
6305
31610
4144
30142
1973
16604
25456
9
4591
1820
16676
14290
20770
2579
6606
8035
774
746
11017
697
29997
13367
27420
1232
27960
360
21199
4641
24906
5477
31102
23656
5309
23665
14187
17322
27924
21841
16984
20599
4913
32177
30806
9069
13513
24003
19672
32253
31252
30505
3083
18546
969
6933
26730
14638
1353
27567
1677
311
20250
3255
31553
8691
23960
18283
28638
20528
16359
9643
24789
2151
27436
18523
10889
14402
19965
32009
22624
8539
14358
22223
27161
22855
27213
20091
864
2771
25288
11758
14751
23693
14701
19138
29720
8327
8346
21552
4657
12631
24086
14384
19470
8290
20552
25569
357
6491
21415
25388
27278
7942
7282
9124
24538
1346
22689
24241
11046
19526
11803
28398
6064
16683
26921
5327
13353
1963
28459
28295
31499
28968
18826
10025
21804
17647
23789
8461
10900
23999
8368
8053
30091
16517
27282
13168
3063
4202
8877
28671
4837
1039
29612
10615
20582
16407
19256
17446
20380
15079
16051
22073
2836
3497
10281
8413
4438
22167
3971
9381
22459
4214
13310
21804
12159
864
18908
12283
4375
12999
16474
15021
12741
27831
9185
11345
5993
24155
28800
17935
7834
20931
26778
7951
9973
30948
17372
26518
22965
27105
19058
26482
16005
12425
12411
15257
4754
6432
17850
5901
5603
6242
19854
2818
17133
29893
4900
6723
9314
5375
3563
7122
15691
6088
10824
12494
14166
6369
2700
20890
19313
18261
21539
13884
6295
12543
23821
7683
23786
26444
19859
14957
17667
24898
2610
16711
17798
16065
31196
27158
13049
20745
31840
23222
3030
3197
9510
18241
10462
18343
3615
18739
18353
27515
22268
12747
9116
30944
9374
23476
4274
1900
13518
16356
19742
8559
23087
20933
31927
8500
29808
26258
725
29571
14534
11268
11875
25450
24218
29231
27702
21310
1151
19622
29597
1756
24934
20198
8506
25396
5653
26610
29712
18185
13013
8506
24796
24818
17771
17601
28585
9893
842
11903
22431
20852
25607
19717
3356
1048
16397
5471
30214
32174
18322
28222
14431
32255
26058
22103
22297
16132
25690
18950
4396
10154
25359
11319
14055
7122
30672
13958
27011
3484
2769
13477
30974
13285
17162
3838
21543
2574
5864
26778
16117
31999
21826
21570
17180
26988
14990
25828
3810
20311
26197
7480
13871
24279
17636
674
2532
16919
16709
22363
31086
18593
21357
16332
12955
22493
16055
22330
29612
17620
5265
30632
17323
31546
20341
14585
1279
5548
6684
27478
5693
19254
5870
4303
30017
22040
15292
6725
6270
14282
5553
27527
29330
32317
2438
27323
21533
28260
25590
7936
8148
14323
20082
8785
1233
5735
31765
27308
13101
838
8922
11892
16081
23976
5389
26645
9353
10998
3839
15590
9563
21746
3326
19283
27670
2295
15748
9275
12589
7298
25519
29591
20678
6898
15857
7261
1807
24716
17673
19364
18129
26306
22322
18184
24135
9653
9114
31312
24112
12024
27157
2126
30499
26007
25363
25351
16675
30552
25552
12052
8563
31552
4810
30280
17067
22873
16504
28051
21260
24499
14393
21030
32017
10409
7563
8664
20038
13925
10621
13001
93
26535
23655
28229
22655
10689
30680
13035
4320
3047
21712
8718
150
6053
27183
23643
30123
4785
5998
29116
30065
3555
1933
2173
22293
25986
16460
32686
27767
5825
12702
4296
11577
3721
22875
13459
6167
21881
20277
20294
15990
15660
19693
26608
11839
29370
1735
28440
11757
6785
26683
22688
32485
22821
2285
3312
6662
28117
28127
30032
6786
16848
27365
10132
19180
4392
14426
29951
2194
4294
4370
24674
28940
13743
27791
16260
3605
390
10616
3014
29594
30801
15430
9735
1041
9088
13889
4550
20236
17963
14507
27526
15886
9883
10299
7799
925
4364
13517
7506
152
30641
2391
8837
5067
21497
14367
15248
1985
11537
14123
9135
4825
26538
249
12729
7580
17148
11633
23880
17230
9994
5912
7962
16579
10280
24710
12471
17781
25531
28186
28500
23251
6721
10220
26104
21979
10897
6147
17117
1770
21091
14537
15385
7123
22546
1979
10109
26671
417
12389
18878
2037
31997
25486
8402
4171
7553
11952
11677
17051
4799
26539
205
30184
31870
185
3843
10851
32767
22693
4147
31545
17029
23352
28237
25264
27923
1525
1821
1138
7544
9478
17776
29224
26761
23669
21880
7755
20910
20895
30833
28983
23456
2278
15237
13442
5744
19367
5613
18571
20172
10860
12890
22614
17022
28514
26515
32663
32309
5389
9311
5900
18568
5434
21157
6928
15928
9269
30162
24686
949
11325
2171
2931
12260
7477
23876
32071
21536
25756
1792
11133
17791
8639
3097
5608
2902
27181
26930
20144
5887
12908
9996
18598
10457
12010
1958
24533
1681
16694
3753
20569
26272
17776
26882
3957
13589
21503
30673
15071
5525
19329
642
4702
18080
14088
21561
12183
18965
25731
18548
28708
30457
16250
2796
17895
22644
17407
3772
24990
32284
7649
196
27575
8567
18466
14672
16229
17594
16555
28917
23539
11991
9279
15548
89
26807
18094
5507
9485
8132
6987
28319
18459
4523
415
8134
16248
25952
19039
9773
1427
5474
2204
237
13358
20288
826
11435
8556
27740
23203
632
21291
26607
14012
32246
15507
30285
4377
11964
31215
8555
28525
22780
32444
3742
8772
2403
27136
20901
23540
8257
29918
28906
13264
6122
12134
32517
27040
2652
32690
28034
32078
14882
5934
31972
28386
8824
21047
28137
15024
21167
13800
22544
26064
6355
48
18777
11983
16268
32296
4940
13988
25410
7332
26940
13798
8836
26377
13261
4668
11691
26718
15796
26644
31162
8869
7614
23704
6793
4203
532
19421
2083
25758
16573
10078
21356
31903
20836
6314
3591
14488
5212
15449
26998
11792
2785
2372
20867
26812
25761
14326
1503
11672
1659
15965
30474
29751
28294
13253
27250
2647
6485
12552
10719
5561
19577
254
16910
26672
27208
13627
5276
23031
13021
29434
16679
7751
5728
3156
10671
17961
31880
14774
5698
25994
9565
1937
15320
3725
1859
19539
10876
5925
20020
14999
26284
23778
24653
25496
12803
31499
2956
15852
18197
9966
16600
1135
3227
9844
65
381
976
5368
23178
6756
30234
27225
11236
12056
9709
30798
29693
8745
1772
20986
28473
7411
16722
20929
21823
25621
1169
12633
24760
20516
27961
26660
1107
16032
538
17341
28941
3878
3245
28369
20911
232
20656
23088
24472
1115
26385
15395
13500
21807
16397
6657
32493
28804
4249
4093
30810
15195
12033
19266
18773
27978
8911
27202
14169
4981
27630
14154
17739
16313
17679
29018
10496
14378
25932
5941
14848
15040
1291
26804
15753
10573
10790
4703
13271
12722
32585
14142
2723
18003
15003
19693
22762
31432
22432
32239
2031
6358
10334
1604
3459
413
446
15934
7044
12050
1846
18320
26788
27056
22949
4264
30315
1643
11646
8767
30848
16614
3113
27438
16676
1509
17574
32387
22271
16901
20340
30676
6175
2219
10673
31187
3646
10042
27522
31523
22595
30857
7605
21866
19724
3220
4773
19112
15211
30833
18014
29895
27502
25222
2562
21363
17636
7930
32364
27691
16156
28777
8722
12440
32240
16604
30256
7966
16386
26360
32547
20914
582
19317
9234
28395
31937
722
12756
12635
23696
12103
1294
31007
24363
16124
8092
7093
13035
23160
11571
26126
16586
5980
15172
1252
17259
17233
10275
18254
20314
23359
3432
28562
12436
704
10646
1594
16714
4052
3322
25450
7650
32470
3542
25200
23103
25262
18367
29597
7234
9545
10820
83
16272
11334
23248
21856
26262
13810
28114
1930
7371
631
15130
1643
28213
7504
20870
20864
6191
23296
19935
892
14185
24324
6398
10210
5936
15878
20787
3794
1520
4179
25319
4899
21239
2191
5247
1715
22907
25256
2436
14587
15583
16136
257
19431
14898
15887
21293
19172
13049
28608
29258
14394
21806
27578
29389
1180
1160
9578
24255
9469
26877
20608
22627
15014
18054
27039
20505
390
546
14169
20866
30921
30749
22362
11237
31148
1938
11235
31186
12431
30511
15739
19461
11339
5944
25825
31628
30663
17614
20804
26413
29126
12914
16054
8194
22275
6597
28895
18790
12928
14993
17902
12309
10267
19213
30165
23694
19810
15709
20918
9404
1192
32345
6040
214
3673
4495
11871
10116
17546
11915
24059
13635
13524
17238
22495
25354
3171
60
9141
4142
2634
20690
17488
9091
27673
26168
10466
1988
2226
13980
15983
18228
3416
5631
13697
2694
4361
19516
20510
32506
29198
19526
19447
26570
12752
28849
15586
24260
17133
24948
27530
2104
32139
1773
3173
15892
11757
11813
25319
30286
28996
16982
9462
26754
21703
16298
12957
14045
27397
17222
30212
7737
19322
23687
32672
29065
12385
907
12967
25720
9930
22772
5575
26957
1260
4840
7191
9746
6844
15196
31310
17653
20671
9107
23603
9198
10524
12513
3668
10146
22261
26293
28667
13704
24567
20951
16734
6474
31792
14573
8726
22894
10273
13892
21458
16181
7445
7885
5453
5571
9137
23142
10621
25729
29899
4443
24334
10432
7296
21293
11278
21151
4992
6802
12778
2350
685
21180
15769
31187
25829
16862
6167
14061
31515
31981
15125
27064
18093
18596
15855
23409
32241
3018
3806
6586
12049
14007
19567
14911
1306
17429
21299
410
25423
14052
21432
29044
19139
14784
1209
493
15911
17255
17810
2622
6112
25718
17654
7325
1629
8819
32740
22882
8871
1040
11479
32103
21817
12974
26430
12212
32019
21793
12075
21084
3338
1971
4431
23202
4962
5483
2854
29792
24478
22159
32623
29866
14999
22631
20191
24494
25804
12868
26902
1502
20217
11201
27090
31826
16619
6217
5731
29799
25234
3033
20319
13997
23384
19719
19094
17664
31665
10308
10568
26612
9459
2142
16022
11127
25449
30793
6711
3761
28322
29214
11116
27439
1039
8036
4150
22337
20430
28303
25798
1952
22464
8646
10037
29780
7393
15081
885
17621
26329
26835
7048
18289
28110
23004
8175
30701
22141
6050
19558
22895
13449
20490
7374
10140
1810
12161
20075
8957
25482
12424
335
31911
17092
1135
3606
9499
9294
31072
25556
619
31745
416
588
20894
7638
16402
25699
14166
7164
15869
28372
17328
19239
11790
14116
28012
24874
24737
14041
18510
25032
19772
16103
31427
19911
21852
16235
14024
18503
9333
14235
14856
9810
20788
25085
6468
7348
9223
28888
23288
13
9951
28393
9532
19236
25141
6230
744
24446
27467
16360
1019
13360
10164
5236
15678
26353
27158
23194
27428
25459
19503
28338
15349
5364
27158
8964
1323
22032
25283
20023
26653
4825
16850
7693
10714
20777
13956
589
16984
4919
15367
17408
26318
18537
5879
7391
4958
16489
19492
25357
22519
21627
29846
7426
27770
15118
4814
4551
20507
14736
19791
10601
30731
10375
12893
12712
20820
32222
26885
23279
6660
20860
29533
393
21901
4124
26125
5905
24684
20568
14606
16426
26377
32262
5554
31345
17374
20424
17893
24240
2268
15071
10418
21333
14346
22848
20489
17186
28528
30186
11199
11301
3123
13174
26070
6891
2305
240
21503
26097
7087
20709
8797
15707
22049
18109
7052
25320
20075
20043
12770
7718
4661
20899
11764
16610
26980
300
9820
20451
11255
25078
9402
9176
12078
5709
7161
5774
3570
5262
5076
4198
20593
16441
11672
2567
14089
6472
26155
22096
11367
30143
14669
18576
8944
31109
2590
2810
24927
16498
29920
14675
688
28329
28159
5102
11582
6952
21070
24282
17704
18589
19604
16730
7672
24699
13383
14741
28551
25678
18839
30863
4635
18764
29359
14936
17875
12844
24119
28292
2373
31547
12061
17626
17253
19628
5525
29265
17577
10031
31070
16952
25450
7878
6471
18356
14222
14292
17395
17263
14692
6775
3545
4495
18383
4120
10382
13285
22951
32577
16199
19559
24156
22958
31898
7137
4572
12454
7556
22759
18359
25484
13744
29454
29057
7345
2294
5724
25721
4204
7715
764
8807
12909
28408
3382
10699
21838
22901
22943
4403
26731
13911
10637
29165
18420
14559
19406
26078
21312
31701
1434
7346
15716
24525
1989
19510
19461
7849
17465
1
30826
14431
14244
3162
9941
7420
31598
10326
26644
14313
13294
29505
31059
16493
11997
26943
30260
29556
17931
2867
28962
6799
23120
15840
26082
1083
31430
9295
14954
20838
3125
31088
16887
15407
1231
11523
30298
15342
4126
18361
23442
10868
12090
23191
16800
20116
10559
32156
22679
28642
24574
8611
19187
22458
23795
14731
21035
25476
10872
32404
31114
3127
19767
21516
826
1820
29157
3628
9122
25557
9006
8253
1778
19357
7147
30206
21755
17873
2459
31818
10053
9648
21265
7414
9563
1375
14186
12793
15210
29231
22850
13263
7946
11811
2600
10015
5724
10925
27214
3483
13653
8377
12421
24103
1369
27116
11881
18494
19212
32558
25817
18066
24165
16486
15531
17651
18692
27012
14237
23922
7877
22725
11662
28870
17557
2610
27118
7663
6532
27755
15731
23833
13852
29346
22541
16834
13809
2026
32541
10271
16250
18354
29666
20924
15903
8076
7731
13668
659
15924
20340
1600
15716
29645
12739
13890
2001
26477
14194
30661
28379
17884
7866
621
13471
19865
23981
8021
15330
23582
2669
16489
20974
24677
5020
10000
19101
22187
23827
24079
8883
12660
5335
2730
7280
21455
21576
22795
2662
219
24988
2024
15497
25738
9612
22369
17285
6565
10573
24359
32340
20753
12482
4067
9743
32336
17648
25558
19460
11594
17074
700
32266
25934
16814
23799
1297
15700
26503
489
29181
1413
31573
13730
27829
10749
19794
2491
31094
13007
18133
32129
10350
1353
13957
26967
25478
19066
11462
14677
20095
7922
31864
15157
27968
28617
13281
880
1134
10467
8679
11684
26686
6257
15235
31801
11655
11195
30066
6980
28956
26910
26158
2731
10584
19280
17436
29579
13818
25068
5127
27862
8755
23338
7117
29505
19710
23277
27992
6237
27568
17156
7632
11523
6864
20649
32015
27382
28968
13134
24918
25028
18716
154
23358
10989
13371
10670
26097
10567
19732
21932
26521
22433
23371
17786
5657
27303
32236
9411
5116
18950
20478
27711
22954
9424
15196
14645
16098
9505
28096
15934
14436
1795
9249
12619
7662
5775
16447
23273
3178
22869
23676
10948
14438
26366
20973
30058
17604
13616
25777
16210
29107
23218
2689
14621
14302
3537
32649
20763
9187
25090
7542
32273
1542
2248
10449
10042
18983
6616
2187
19851
3057
9852
7129
23099
15189
7221
8770
13955
25910
15012
27125
4259
29798
8362
14433
29221
32466
13519
8448
2917
29433
27872
15987
22609
14755
14556
468
622
8143
5394
3144
9244
7405
1923
18131
20762
18765
3213
11377
2124
6360
14027
31330
29372
11774
1591
15045
5088
22767
14993
23912
20251
5902
9477
21215
26245
9890
15624
24019
22255
719
31875
3741
13602
23494
18227
7443
28776
24376
24911
5282
7758
25872
14700
1694
13223
21601
2463
14037
20180
21661
5089
30314
30531
7945
32183
8417
30262
1133
3858
28534
11462
31504
22643
5811
2855
18659
1108
25153
3373
7677
22468
17151
24591
13127
9809
849
5484
16761
15658
5563
1931
25669
2437
12718
21223
15825
32319
12961
2283
28267
31938
28004
32762
13433
17708
28593
25778
18606
12718
24069
28786
19076
16689
25517
26905
20710
13632
26916
19985
29484
18210
1180
22157
24141
14406
22747
9486
19024
16869
22088
21548
25604
10210
4678
16531
32497
29429
10432
13388
9102
5640
23557
22334
19893
737
26327
2292
28499
29186
13502
1952
2916
25037
29859
2144
32031
4332
14745
9409
16237
30704
7678
16770
18592
1592
7363
21146
20066
9749
5384
8315
1515
19499
11244
29337
13432
5659
163
17190
9208
15455
26313
24608
20488
23413
6901
7566
24353
22591
9618
32007
15376
25514
24554
28275
25511
24974
20356
3606
15027
14037
19376
970
46
17120
8544
26507
12213
2086
10553
20281
26684
18462
1002
27034
11008
5728
28861
19103
1725
9991
29291
19688
801
23641
13877
11401
24705
22442
28976
16143
32716
4477
10209
27838
1725
15597
5129
20253
5204
31307
7362
6325
6534
7433
5323
10773
10804
2262
13089
30745
23130
27147
31183
10092
31625
19782
32518
332
20119
23124
19568
9613
32149
13909
18626
7649
29185
20762
24465
13910
23357
8658
23398
16160
31040
5862
9748
7065
32652
15649
25417
17030
9311
25108
6500
5020
12334
13753
23686
9795
8527
12118
12268
30105
14326
14756
4476
3514
32354
27185
25501
7743
8536
18435
10572
5636
11473
25982
18541
11311
240
20872
18014
31341
4918
9194
13010
3199
20473
10489
13533
2294
12306
28791
28235
22330
22231
17332
10550
26321
19529
18168
984
31710
10126
18981
3741
9448
15777
3225
4220
15837
10312
30802
25992
9303
14662
6229
11202
285
11730
20048
12850
19181
13897
2942
24118
26233
9760
4299
31513
1967
24604
31289
10215
14397
21189
6530
22400
10069
6424
25599
5868
9901
4988
30664
3566
30923
3319
31773
28124
21631
16546
24836
17069
16817
21338
16948
23124
13148
5561
28978
13901
731
8772
27322
15221
12388
11238
15200
5150
3282
4254
6007
30819
12455
1140
10802
20665
25681
26801
24585
26311
23980
9039
12382
6264
30409
2735
10849
16718
16878
14730
18737
19961
7901
24362
21316
11816
13657
24538
18696
6303
30951
22939
9930
21897
6610
24856
32216
784
1905
2780
10466
2092
26540
5315
8102
10680
10173
17326
11725
30155
2612
18811
4367
31045
22078
18229
17054
29608
3110
16263
28610
32042
17180
3447
26048
21256
5174
13137
29953
15900
14004
5600
3952
18354
12680
30692
9764
12440
17942
18881
2623
24180
30776
8565
21782
13146
22405
28364
7058
926
28115
16343
28886
7655
30458
10650
31777
6533
17883
10501
9718
24325
31393
4134
8315
7938
28231
21404
20256
11070
30555
19535
20864
26097
27649
16734
13708
15200
1338
20057
5350
22962
1894
31153
8587
6911
21512
3948
26037
21931
18634
5149
15104
1778
4033
25620
15563
3011
17649
21202
14817
23506
5396
24256
26969
31465
14743
19744
26298
5246
30182
16963
14691
30091
31209
10748
27434
22682
19918
1110
29252
14367
11018
27266
29285
6923
26266
24595
6439
3998
20623
17518
6576
18557
11465
30843
2959
4100
10499
3233
12520
1501
29712
2802
26577
23250
23139
12706
19195
32479
3029
12734
17813
30092
28323
17946
7789
17530
9142
13964
15961
12347
8232
6999
13781
15206
3
29930
17901
7147
30284
27595
28766
6821
32320
19662
21240
4398
12765
5514
21062
31223
27044
9485
22385
18072
2462
25807
9570
28772
8093
32229
2343
30529
14020
28279
27032
17079
1097
4980
31290
6470
20858
31364
5475
8701
18174
4159
415
9288
32094
32412
9811
31242
30404
20396
29600
26603
26114
10376
394
20468
26325
12424
10842
29273
2923
30901
9280
12437
25380
30593
24125
1724
24214
27830
9280
12045
13523
16813
20112
9159
11758
14784
105
29503
30395
1793
14826
6702
25047
5933
16687
22607
14824
11483
9914
13098
2342
6393
26903
6954
31259
10361
31679
26358
13734
6728
13630
6398
25158
12672
26769
9044
10389
14302
11730
7614
24851
1142
7703
8713
20261
23205
1687
17056
3422
13640
22286
20317
3836
21035
20323
23710
23222
4549
12424
16540
25269
32546
29859
31480
7648
5152
21099
14999
18012
3550
4052
30128
24915
25970
26606
18467
29685
16602
2058
3085
2493
28725
26656
24729
28662
19252
621
4889
19069
715
11872
7765
26056
15148
8887
13346
27175
501
25318
1335
21578
29864
7096
15165
22276
11101
13112
22821
2638
15283
4050
30142
2959
26636
23222
1159
29467
20218
16765
8386
17145
12020
31503
3785
13033
4686
5060
26533
32165
30568
17609
8925
4968
18725
23238
29324
21933
15262
28605
9654
16441
24856
31798
1244
9051
2868
921
23758
21363
19558
24539
11201
29105
11688
28764
9377
12831
27760
12304
31913
17122
21727
30430
14128
14525
3131
27205
25542
9430
24479
24901
639
14269
27377
16253
655
5546
11285
2961
3863
16390
22112
17614
7743
14381
31312
15377
30341
16243
21882
29668
7765
22629
24259
19435
27097
27985
25299
31615
6930
16392
17607
8088
18472
1762
14118
24560
31742
23299
279
28517
17674
23517
9169
27551
9828
11254
29778
24564
7964
10987
32084
28552
15313
4278
15741
27321
26239
20012
5590
21434
26777
22217
31870
5757
21336
14256
18336
30679
16978
8174
9378
32735
11342
15871
3999
25495
13911
5779
24344
12750
15631
14482
14310
18244
2118
29277
32115
19984
23755
27735
4650
19519
24706
19620
31788
1470
1207
18480
16965
13690
27314
17651
5406
25029
30348
29044
6324
20476
1089
30092
25096
23398
29445
8301
32025
13152
31452
14306
3855
17591
101
19673
26809
21078
23286
14622
7481
289
16622
10857
28926
23328
20039
24219
13555
3552
22891
30021
25078
26646
2633
31338
2188
23174
26535
3718
26835
35
20154
20430
18104
29048
2292
26810
20073
26438
29725
26561
7438
28783
28837
17507
16820
16146
2617
13677
19081
20728
3732
15481
12879
30511
1688
2740
16907
244
17821
8932
15101
3543
777
23721
23765
19225
12832
11522
7204
8281
3102
22548
7441
3951
131
28711
17997
19353
32687
17906
73
19413
21422
11800
29862
23693
31573
16370
25069
29817
15246
29071
22400
20674
23280
13561
28112
7267
15251
31418
20177
9941
18210
15775
8875
28139
24881
31676
13491
32507
21457
16560
25753
29502
27234
9515
14306
2937
11945
26541
8089
11997
31779
656
17986
20780
23960
25416
31248
1054
26866
9962
1880
14339
3408
32747
5956
28585
1879
10538
26316
27520
28616
2609
27106
4092
6232
28856
12013
2875
10940
875
5753
32232
15875
20974
13101
11103
22056
9757
26109
29970
488
31384
2721
9515
2769
14975
18501
19571
27548
11898
23170
14194
188
15101
26253
16088
10039
21450
12462
30491
15797
18615
17908
866
15318
20401
28200
4002
21449
28673
31231
13830
21019
13006
16787
21397
12236
15587
26388
4111
2728
13747
12731
7447
30676
8090
5376
28823
25768
1382
14349
32353
31164
8470
4466
13586
13382
24546
27418
16956
10659
26491
25214
25028
10547
147
14616
15496
12394
2720
2331
6725
25892
23773
12897
27321
2617
14482
5029
27140
8786
12438
25586
25684
13563
10770
16475
23745
27129
23175
16877
7030
28381
26387
12258
26386
23257
2288
8727
27982
1235
23357
10177
7903
32696
13825
18011
670
12563
14957
25827
17382
13790
29793
30533
61
2455
13618
32280
6199
9111
2987
11912
1944
32416
32081
22163
2233
16053
25835
20857
1837
26926
6722
8301
9635
25355
18214
31633
23310
10633
3505
28449
27396
30963
25552
22766
15716
21947
18430
23055
22844
11209
13139
4307
1770
30739
27838
12026
23937
12398
8591
16420
16238
23971
26424
13449
2651
7110
2644
1003
32339
29891
20200
31945
8231
18746
1513
5078
6929
15245
7167
18345
26008
20791
1417
27830
11699
15967
11233
30077
20529
4012
16353
2817
24408
9820
5542
2428
31949
14992
28051
13649
2740
22506
20121
15426
30743
2138
21942
22243
11404
8501
7868
7758
22290
26248
10836
27161
9277
30891
25922
19077
8083
16409
13547
29432
17461
19326
11540
10414
194
21522
21228
2475
12920
23590
4429
16372
23452
7164
16959
29950
6428
12508
29118
6503
7028
16996
15805
21732
9934
4640
30570
12923
24173
10587
27060
23794
24395
6452
26890
32647
28161
244
4198
7905
15336
20126
20363
32327
1918
28104
11915
25872
7179
22698
27275
22618
29828
16245
20426
7423
1455
14822
29920
5573
29576
14106
15172
20949
13796
8100
14609
24431
28756
24029
28682
14043
332
16507
30171
20899
3204
27493
29090
16895
1183
19142
4781
24209
30731
15456
25733
22098
9512
25380
9260
16589
6572
22783
31396
32395
24902
13046
16560
32206
1921
2933
12255
14210
28908
1764
9413
30832
20344
1660
22156
19125
13857
32089
10156
4978
4048
7120
29686
14534
32128
17666
32727
25593
24480
689
27867
13306
3769
27475
22384
29708
1873
11877
493
10940
3343
15106
12498
5398
2336
13492
7249
25112
10200
10890
6926
16999
31133
17515
27172
8257
6913
23209
13928
5043
10286
11225
19185
26380
32647
9443
2264
16273
6028
28501
3132
15986
27646
14845
8841
11773
17988
28598
30202
3858
25870
20610
4701
6871
18232
8409
10007
3244
7665
25409
10855
18530
10780
20511
16879
12455
2294
32717
5232
16837
13306
31468
26837
17549
14338
9468
13939
11661
26542
13610
2703
31882
3337
12648
26400
12330
24170
8131
32471
8688
15001
25073
29277
24173
28723
28458
29404
19893
5200
24634
28096
16401
11362
467
9663
13043
12129
24871
23830
25135
8741
1718
29974
31079
21267
21349
9952
31175
30971
13265
14701
10227
14657
7650
22737
5694
22843
3235
29376
7965
7899
28241
15441
25563
9358
14514
17666
9102
9315
6055
15100
32329
32368
27141
17561
30867
32370
161
4900
21272
9395
21418
4832
2719
30257
8764
23627
5180
6140
12337
19107
10695
14816
5691
23466
14988
5188
22576
15527
21572
32082
13732
10413
6213
22872
26813
31775
4341
27246
18243
8564
31620
17242
31223
15160
23003
25008
15910
12115
24783
13118
25981
30606
5787
2726
2079
23379
13709
18253
7413
30388
9983
13428
27717
12976
10889
25509
4231
4785
32117
1617
31092
31576
5747
2743
9567
22141
18830
7
1224
14450
26719
1480
15407
27272
12929
19063
14374
32469
10821
23921
18346
20788
8614
22547
12467
6540
4991
8735
29450
29526
7419
21857
11611
32345
11085
1171
22667
31928
12706
27007
19787
4655
31572
15971
18414
2202
28257
18073
24183
15799
21019
19063
7415
7724
28193
2677
15382
20940
5517
28045
9711
32022
29295
28392
15649
15358
9595
3766
6690
14833
3582
19038
13015
2835
19991
24535
8290
10955
24355
24661
30524
17281
19065
22057
25987
9126
23128
482
2965
1013
22301
29369
17117
761
9401
32300
18157
31184
21603
23272
29901
3630
32394
25324
5267
9637
30990
16620
24884
7715
15791
3315
17050
28604
5318
7245
28151
7081
22579
2212
24664
3217
25238
12905
26493
19464
32450
17014
11496
12630
27502
28401
30516
28025
18222
1907
5544
6253
30882
3177
10764
9130
26349
21947
17595
21999
5737
3244
1786
13374
32154
32002
16264
31783
9824
358
13687
4938
28528
3853
5433
4120
516
9368
13310
16345
20434
8249
7486
19955
11579
16664
7825
28777
23494
22517
17863
15778
6348
27406
1333
3948
1141
20803
29261
5952
29923
2168
21106
1992
2476
19259
27146
30622
5006
10662
16852
24919
9310
10631
22139
25792
23362
12735
26220
11623
16672
17640
20965
8797
18774
20283
16719
17211
19116
2992
1486
22115
1158
17510
26646
19592
1119
29254
22912
32113
32626
32740
15197
8697
29882
13221
12426
12123
11037
1319
11589
30636
24549
25053
14654
13225
14703
9466
6129
22963
21031
18065
19252
26136
28596
1530
9228
30868
14959
4983
21957
27416
2330
32023
16194
17865
5327
25307
24209
13388
10550
13848
8898
24641
9467
2076
4090
21773
24191
11284
27075
20701
16590
12334
22438
9960
13522
29178
14332
5876
10950
21014
5377
15899
22508
19210
28714
1231
31875
28529
22457
11804
17908
4954
31374
27693
8524
9453
11840
7698
4590
30802
7020
6848
24714
2766
1101
11609
13897
303
22925
9902
30794
25963
4443
10243
30546
26500
29886
2834
18367
9646
22313
2898
21950
16308
27727
5240
2494
14744
12344
23102
4389
29050
5525
7524
8001
11450
28241
16885
14977
97
17000
6860
27109
6333
2300
3670
22195
9292
30630
30874
13932
26076
23562
28278
4350
12783
13230
17963
14139
23396
30220
2332
32138
21332
17637
13010
3804
59
30425
24900
27618
4184
12341
23125
27262
19286
32268
2719
18807
10027
10121
24943
11376
9281
10627
11792
5147
13523
4178
25165
9898
13211
9185
24113
23686
11690
6661
10513
25924
919
17165
15309
22741
9691
25755
16466
2300
28796
14002
27235
1797
27113
14095
19866
12725
26917
18109
21673
24445
26408
17892
15846
30962
32643
8674
16647
6018
25666
2460
16937
31839
18710
15382
13848
29632
2484
9538
7114
30793
3960
15638
12076
10951
14926
23777
14626
29217
20690
32479
8392
22412
15286
7179
8703
29437
4196
7220
19749
31716
12005
3155
13347
21015
30466
3868
26797
4876
22697
15315
12229
3916
17298
24417
3713
13348
14881
21415
5135
15774
2959
24850
1270
17584
31045
24176
19358
32178
19336
770
21011
15125
6491
7890
10502
2131
18337
11590
8213
28962
899
30198
13132
18669
15377
12219
29163
1668
24364
23048
17001
2067
23971
16510
10170
21329
15004
23738
27598
9721
10806
2674
21338
27262
876
16832
16090
25851
2365
19389
23767
11368
20233
9554
20837
17428
15423
1099
30449
26959
29493
12973
7225
26983
8023
13386
25500
5079
28292
27282
10132
7354
14773
10924
2177
902
8416
31174
1960
20982
7708
25513
21371
18248
21509
8080
10523
17321
7010
30522
28443
2030
5125
9278
28039
7556
15603
6047
18212
31402
22469
24480
6138
14045
6990
8153
23824
25492
31102
20363
2423
23854
31878
12849
27785
10281
32573
15959
19827
11924
17603
26287
24561
29127
13156
31074
30297
1105
14015
2468
5339
24626
3367
6027
18951
27979
1097
27169
28815
19474
26895
20408
15951
14474
11973
14461
17546
6515
4475
24400
17783
4029
14250
29907
764
6723
5914
193
27321
8630
8450
28034
17224
215
31090
29180
16067
23786
15854
19883
5767
25191
8027
2804
5176
14834
21280
15286
11270
18829
8069
25635
3118
5645
1886
1998
17859
22730
22766
3332
29358
7579
9222
27232
31988
32002
23405
21146
27447
18083
9604
21152
22144
12283
8234
5608
27963
23374
7134
17668
10115
19169
4643
12919
4256
5226
23337
18887
18894
26821
26281
29907
10816
17384
31761
27495
8293
22809
17889
8462
14442
3935
11349
17703
27648
8758
17220
2363
8031
14982
20296
8590
28555
5078
9759
13300
13782
445
28241
10470
25766
27034
531
4821
8568
1157
31084
8126
16421
32134
8086
18687
868
16388
22439
13673
18065
2688
13425
406
29869
6531
18342
25213
28837
32468
27712
22083
21207
30959
4127
22357
8146
24243
16628
17843
23645
29531
95
31375
8892
13999
9044
14870
7470
1403
16579
30606
2490
7745
29560
8097
11051
24107
29504
23800
19290
19011
18765
2828
12971
14566
9179
19257
14554
12150
3348
28693
21240
18512
2353
13055
17072
13566
24547
26619
19151
12461
5361
9149
3332
30433
21538
2051
29923
4711
21597
10792
21552
6284
30223
18422
5211
9356
8397
16061
8519
10061
9275
30881
29007
24397
8236
17464
20107
3289
14346
19029
17743
13953
5497
5662
23541
4552
32311
25445
30685
25632
326
10037
5041
28693
32590
1706
10990
17096
4669
12294
32416
30111
6192
18946
5997
14395
26006
28002
10452
13994
25234
23756
14775
12254
6050
28378
13847
20574
28031
24174
20000
9532
9284
30022
18021
15175
17873
17616
7532
16001
6002
24895
10861
11732
20156
21214
6487
30464
3512
12708
26644
3800
27204
7945
18702
22958
1205
4633
3826
30732
29121
10695
1460
19365
31645
31107
23763
18570
32354
1039
1758
26273
25525
22670
12855
18260
423
1502
16151
25478
24794
22567
22226
21963
11750
5300
2140
5336
23034
10242
3596
12856
11975
31255
8353
28993
22937
23829
31619
19015
12743
18959
30283
11791
15950
24603
22404
7558
16057
22953
17587
27059
15172
27667
29590
12267
24640
17781
170
26180
10425
7358
3823
3148
7255
2055
5359
21498
9346
3364
31485
22244
15561
8313
28347
11187
645
1551
4063
28628
26553
18664
23094
6513
3389
15503
28905
9632
2076
15602
12031
30426
5690
8308
8483
30638
1594
4159
19623
21942
22174
15063
26570
26827
20528
5365
26422
6773
8097
7314
1229
24997
12913
21058
9125
9895
23310
23747
13649
9042
64
2774
1123
4994
23492
10061
2094
18888
3128
21350
9681
31839
32311
23383
625
24162
28868
14634
19141
22845
6380
14795
5080
31330
10407
30816
14602
26941
15616
9176
23384
31081
30581
17095
26078
11556
18081
26993
15258
15360
8728
5668
29299
29148
15763
10188
16250
31251
30541
8897
30831
27379
1452
14307
20103
9585
10276
16873
9836
23834
24409
11510
12678
23629
28803
31853
11385
22696
14359
25351
26351
27584
4004
8483
30871
1045
19194
7517
18286
25157
4242
27489
17213
30335
4394
13570
31330
12859
25264
14726
27604
8744
609
22340
14946
25702
16946
21362
9531
20214
9583
21560
27059
23151
28834
16648
29252
9458
28854
32050
30419
8543
15708
12467
29237
18121
31406
4942
4338
21544
24082
28127
32073
31822
31330
17899
11380
3613
5962
26491
4397
27894
6129
16683
22384
28020
13531
18046
3459
27227
3342
19572
24116
9675
21107
5215
16482
19130
5504
30962
16318
8865
29716
29083
17107
21364
12194
24595
29252
14808
28306
23603
9557
13201
11492
29193
30637
28217
8215
1579
27739
3640
4681
21579
16918
16880
30879
15372
23753
5432
18663
20500
26703
6412
21116
23394
6266
13186
7786
20706
10843
11264
6867
22847
2749
18349
5522
29433
17907
2597
18973
22711
9428
28273
1712
8670
6915
11318
11432
20834
27252
23852
4141
18141
8235
5842
31507
17886
20039
19553
22274
1923
10048
3326
17109
2634
24173
29235
5953
5156
29129
21152
7863
6859
16630
3310
1163
1622
5506
32517
16213
523
106
32127
31384
20340
12508
24412
17313
20405
10305
29175
32178
14108
28539
26936
24928
7930
12651
8204
2874
27057
24247
15634
23979
11535
16074
3992
14882
5850
4636
14533
21871
32684
10675
29975
11121
8193
6122
6673
21998
7055
24177
7213
19138
22230
15765
12568
17724
19191
2241
25118
24261
19401
9285
8931
6850
29738
4183
16469
27068
11411
9559
15326
26558
32752
25944
26334
23039
12974
1755
21080
12225
20501
7389
26348
2681
8664
21
14597
4400
17898
23927
27987
4905
22164
3580
16764
15812
22725
7077
3342
27042
25769
6078
20153
17162
15484
9824
6587
20876
17825
25401
30619
8932
6126
911
4634
7457
5963
22915
14695
15366
19323
7315
6802
15792
27193
7011
14915
633
18311
15037
1964
9245
8259
26070
7100
2075
29435
21459
30869
29022
23298
18059
23873
21789
8643
9871
416
30464
31318
8296
20133
4228
6993
10015
26306
1952
10977
3
4769
30889
12569
15270
26133
6003
1161
16425
12624
11193
25875
18617
4694
11454
14586
32346
15026
16437
8252
3555
15719
8286
21026
24394
31017
11635
30997
21026
29389
11842
179
9058
13311
1051
2594
24680
563
21996
31396
2878
478
30379
22636
21531
6629
2804
27057
3117
11093
12788
18944
13717
29014
13701
27094
21684
7514
1434
11374
26277
922
734
6104
8458
27587
23704
19275
24332
23020
1490
12220
24477
25548
1466
5807
14592
26154
10056
15182
9612
11924
19489
22968
3501
27988
26300
20635
29483
928
24515
261
8623
529
27324
24695
18563
27479
3560
28988
24985
3882
24939
5368
2511
4483
18862
28036
11889
29197
12546
16377
13311
10198
1158
3595
31281
9547
30794
22937
24889
22627
22196
18049
13384
31514
24355
3769
7507
18465
30675
31900
1559
26580
14081
24449
2651
10604
1871
11922
24437
23670
27497
19932
21775
24196
9449
10658
21291
12578
17016
7159
31077
11275
22838
20620
17272
8093
27997
6854
22276
31627
20001
29203
24207
19922
26842
2175
5577
11758
22372
12162
27412
26701
11718
32540
23107
32260
19219
29476
25762
19649
12686
29406
18999
29440
10769
30411
26696
17538
14000
16581
24862
25339
6297
23115
28936
20236
27966
19737
5282
1392
9911
18939
25686
31866
25441
12772
18724
5567
26828
13626
28319
22544
17876
32117
5688
1451
24589
5352
12223
25265
28773
222
23335
16347
13060
16873
14218
7529
20087
11895
9068
31324
13838
23462
21060
9189
2946
2138
23353
6429
17371
16012
9513
22262
5009
7909
21487
8306
26098
2699
6886
5907
25539
7995
6313
14226
19754
14744
8221
3796
10956
29122
4786
15129
6706
17963
12261
3447
14705
26790
32266
24455
30218
25025
12360
29022
17167
32341
11749
25534
31367
15195
7875
8846
28180
9217
8491
21384
27347
22014
3274
7474
13444
8226
26361
23055
15339
28465
27714
3094
5237
31985
21279
9315
27935
30082
11268
29485
4244
1774
672
21496
12437
3841
9313
27147
158
23387
12342
293
25543
12227
21400
26220
12776
1726
22731
19878
22528
16480
27233
5803
22488
13155
12289
1818
27363
21622
10342
19532
19561
26583
25770
22918
28388
28964
2245
30323
8363
21871
13649
4561
25549
25488
16016
11370
32064
14015
21679
28742
32571
10082
332
18463
21216
15907
7735
2837
1310
23878
10613
4259
23254
5177
6795
16594
28732
20845
7417
29868
26497
26213
21508
15092
27311
4621
3000
21780
1236
1356
31534
87
5730
5596
31755
24408
26838
4954
23369
6075
9624
29337
10042
30746
13346
17212
7881
14914
17253
9092
9732
13728
616
9830
25559
5622
19507
24545
27930
27218
19179
2958
8399
8257
22078
377
6564
16192
4354
27951
22720
30835
2584
31512
3515
24218
25751
28679
8174
23104
19238
24336
23790
11829
12970
29082
28755
8255
12322
30132
2238
6669
26062
9901
19994
22124
19351
25566
3361
28350
22187
18891
15394
23719
17512
24939
15618
17417
3195
22979
130
6451
15945
32698
28351
30549
19854
26664
14591
15159
4675
48
30890
13867
32710
30672
16279
3393
22325
15030
32137
6329
22810
27477
24314
22462
14926
5177
2327
19537
24599
919
22283
21379
10132
1321
31872
19943
15451
28216
12643
11335
16992
12283
19176
13462
22297
25631
26063
4902
11743
1959
1509
3099
19352
22518
20173
24864
9619
1578
14848
16216
10163
13484
28179
18839
26064
29445
6969
4819
31834
11252
264
7381
25663
14781
384
12084
15887
5315
25929
6788
22623
20569
13628
15307
30059
22998
19749
21556
5119
11751
3015
2312
16279
30762
17441
8153
11205
20728
21488
19201
7891
3458
885
6731
28585
22047
4728
25583
6898
30436
5773
14788
13179
7798
3734
16049
12763
32540
20361
28772
26457
1560
11892
14663
6154
7480
3006
24240
58
10920
9135
8025
18701
17162
18482
5647
12390
16840
26586
13486
26632
15273
1572
27468
28668
32675
2300
20405
28722
6641
32642
22808
21867
3429
17933
1023
13653
14078
11120
29316
15864
4029
31613
23746
13394
16565
4808
25995
17982
15714
24494
10073
13211
22587
29845
3462
4777
1418
3956
19903
13238
16508
14999
5558
26619
18036
27292
16663
12225
7333
15810
11198
5064
5088
16483
29735
11752
16042
23230
16933
9465
3474
19450
26071
8177
1474
22120
25304
29772
17875
265
15287
5041
19686
4688
4519
31954
14320
10280
27767
13204
26965
4409
16068
1136
20153
19303
31341
5912
14610
19356
18759
5214
31490
29384
15890
25426
16741
21542
4524
16811
23078
12480
16517
15209
23894
19509
7251
17848
27775
32442
9735
278
31797
10335
17407
26296
23535
27028
10365
25898
28693
17643
31832
12343
21082
3615
8689
18440
19532
19030
9321
31632
24617
26019
10001
27175
21493
25039
26914
18548
29385
25177
12719
27793
30830
14779
14295
25962
23339
23535
23359
8550
26586
23090
16576
26698
25665
19464
10076
11354
11168
18816
2423
30401
31111
23225
24131
29490
22250
165
3965
24272
23927
15117
30551
24139
17703
12245
31413
32588
28692
22402
5019
26900
26762
21241
24550
96
1376
20105
2107
655
10377
5676
4926
23558
19430
16138
30980
15828
20574
2623
2762
13970
17201
25822
743
21133
3465
10550
20735
1832
16979
1364
30330
28027
32332
10953
1844
4160
3679
11181
8822
20720
20526
10467
30758
10281
239
13727
11834
17747
28281
5158
14962
20867
16030
12245
1095
22943
16572
30821
25375
9156
32143
621
19650
29668
31049
4392
18449
948
23525
28025
30710
12741
29624
11820
21143
11248
17993
21887
22735
6392
9058
26593
25054
1387
28263
24569
20319
6089
4583
9194
15739
20456
20849
24534
861
21911
28073
27041
6117
6786
20122
4599
11937
21334
10318
1680
8441
3109
19868
10674
30633
23563
9538
760
10357
31762
30004
11603
23575
17747
30771
26190
20605
23134
29088
8854
11057
32732
13203
19385
20505
26739
19240
2862
4192
30698
18201
18070
17844
16782
19602
12609
11698
17876
28224
5876
6558
13119
31148
17385
18008
11908
11975
11800
28811
26093
5573
17333
31016
29691
26415
762
11795
21839
14900
16166
2844
30154
27969
14022
1840
6388
31953
24371
16848
8602
15493
2396
9411
31932
9847
17349
19976
13222
13516
7632
22031
26972
31112
12348
17961
18235
26790
3819
21308
7390
2153
2024
12475
14143
31725
21416
4053
13086
7169
6800
7917
20135
4665
29624
7499
32335
10814
16623
22289
18687
19817
3071
7536
12148
23696
18738
3867
8934
23584
8980
17660
20199
9836
13179
14119
14991
6213
19909
28172
1238
27595
15969
21488
16449
13698
9105
15006
12737
14249
17261
26969
30424
32711
812
18198
22269
646
25503
29928
17474
10692
9982
27836
20276
2280
999
30790
4610
11122
2468
5179
22242
12759
6573
5057
32177
12427
6765
6180
25817
1375
18249
12490
22904
5901
16863
14185
21183
13073
18571
15479
31896
32187
13872
6114
21899
10371
12085
29186
25570
25244
8141
22732
17931
14284
28540
13640
8767
20858
3543
13637
14689
19977
15499
32075
8489
8804
15008
14033
27009
14810
13567
20144
12591
18477
8242
30680
28085
485
24428
17985
27253
12010
23753
30245
17177
19282
30422
13165
23858
10872
26452
30057
9503
20558
1849
17091
4657
29940
5112
29110
13837
26249
23042
14459
23377
15681
26765
8708
30586
5559
12948
15085
29701
17797
16671
2736
4820
15891
23236
11544
29140
4524
17518
8184
29149
20183
32605
6428
1241
9700
10350
30848
10025
3269
23709
10944
2116
21791
18120
4048
9889
26785
15030
14829
25304
8085
343
6355
19972
26036
14925
25905
14187
8511
30380
24666
15713
4171
28926
15421
25961
4189
1675
16279
32670
1078
21975
31335
22865
19440
9835
7843
756
842
32216
20777
11574
31297
1530
1784
24944
7136
10362
17056
6464
14168
918
17911
31091
24403
7205
3086
13353
21382
28885
8035
22067
10373
21176
8280
960
8668
9983
4068
26681
29275
30213
12937
23913
22193
27535
8070
3553
15933
11346
20557
5787
30240
9397
17463
27613
2711
13529
3191
1376
21128
24022
21581
5554
22874
21576
14716
20697
6922
7179
2301
1593
18043
4418
13301
4536
31246
670
4325
26655
11891
16605
15648
17091
17343
18320
12931
11878
25790
25378
25952
344
13450
30742
32443
31969
31324
20368
1721
7652
16291
3351
4949
24764
5203
12697
20309
31850
28032
20399
28028
22770
21035
21795
23554
17666
19036
3504
19521
11989
17521
17160
25265
25687
25781
7708
8982
7818
29492
11671
27896
23592
23502
13739
7252
20362
29835
11537
8849
25544
32302
2891
11189
7458
4877
19501
9177
22686
30751
19611
12507
12019
1111
25748
29778
32422
4656
25200
10695
24947
12170
19301
29986
4334
32692
1360
30050
32362
970
19890
28561
8730
15681
8697
9719
17782
24256
32002
12175
19680
32561
3547
25527
17544
793
19405
11819
13453
12324
2970
24372
101
7941
31235
19485
21886
32636
8077
21479
27941
25272
20869
7230
9640
32736
13378
6827
14007
9965
12970
15882
1296
21946
3832
19519
22876
9054
28860
18469
32339
30137
5154
29639
2599
13645
32376
17107
22304
29519
23531
20811
28547
13822
27281
12926
28857
24372
5805
11319
10669
24891
11310
12852
30838
13793
16760
13785
11062
19407
16231
7718
26690
24086
10897
31719
24963
27147
4556
20010
22300
14165
17905
27382
11596
9796
16095
24634
6550
14437
20930
24836
11040
1875
7317
4851
12890
7631
19173
20463
19423
26387
6104
12311
4768
10340
12655
28667
15679
14567
24840
1804
10937
27573
7463
593
8776
24625
26741
30555
19080
11418
8713
9082
7128
5852
10983
2865
20995
20396
1222
11752
8480
25555
19991
8673
12726
22474
16194
11373
10276
8584
3379
10848
15168
29848
21781
23746
7743
5230
30045
28103
16853
8443
30731
16897
12444
4479
29228
27093
2746
20895
31908
18220
25791
13495
10794
15210
3532
13169
7828
29092
250
10135
11093
6414
1529
31269
5444
9138
17656
30627
26527
23912
20933
16049
30799
28418
29238
31972
365
8647
9159
28112
29702
30499
9348
20582
26651
26780
810
18049
19948
25608
31369
21179
17527
22525
7212
26757
14651
25738
3644
17015
13633
1060
24738
29412
31581
16611
15724
25266
23474
18927
30834
12904
24692
32053
16953
12681
14322
14686
535
24609
32723
3073
7064
11933
21919
4119
8993
28639
20610
4272
17875
12690
18509
17381
26802
28347
3518
12814
17159
20625
30721
7477
30723
29071
27510
31946
29604
22215
15797
24983
3805
4985
6864
22007
16113
19172
20440
3651
21536
1116
7842
32142
2949
1437
32458
8850
30783
10079
28665
8425
1999
22571
16740
31361
9665
16748
29333
32074
17039
17097
4462
14641
16834
14258
14699
4690
4954
15161
6183
17257
31856
24100
6946
25738
21274
832
10945
18963
12687
22008
5782
20446
25739
3877
5858
25787
6389
31784
1880
27165
3264
31799
16164
15379
18191
26612
10796
30074
7068
5956
1942
17522
32090
31070
29066
25358
25689
29474
4665
2128
19178
30637
10782
25940
1541
3882
19331
715
31975
16362
28488
4779
1023
3512
18144
2597
24331
870
28572
6104
11903
31404
27436
19012
19494
5683
355
31361
23307
8684
28474
20272
3738
19878
1816
27571
27907
30176
9808
8089
4319
28379
9195
10844
11798
1524
7337
26447
24064
11569
16450
30162
30410
1306
1009
12744
29212
14538
24115
4171
9976
24645
28621
13470
23270
23820
15884
20834
28238
25839
25168
10765
10277
12067
21196
18585
25803
30612
10375
15225
11316
19580
1702
28625
29511
23093
1774
31718
3203
10572
20357
28116
3048
726
13816
29311
8725
28423
4994
26827
12974
512
11916
13584
10752
27369
23920
26824
21992
31040
18050
4747
17904
3184
24913
19006
30396
8614
7466
19847
19621
29664
20702
16515
8611
25159
22469
26300
27248
4286
3
26709
14058
30395
11786
30600
4538
20565
22881
27219
819
9631
18083
7277
15228
23605
8906
11647
10226
1812
25517
28561
30664
26799
4552
6594
21488
23359
24380
4925
20031
4954
12310
27240
19404
28871
30676
19551
28313
20881
4134
4256
17013
7002
27889
11528
12576
28402
20889
9726
433
14888
27520
20206
26421
7136
30154
28409
25241
20070
19044
7658
31690
3074
1092
28012
5658
8653
5874
12923
25574
9410
32583
793
15733
32024
29044
15426
24356
15312
10311
9249
21184
28298
14762
31876
2100
26012
5229
6542
24932
8293
2885
20651
13656
21471
4372
21449
3741
16244
2666
19654
10472
17427
22604
19748
29181
29058
53
26116
4559
32246
5467
31826
15849
23521
18227
11581
23564
25099
14647
22250
14362
14820
2023
6505
20786
2073
7950
25576
541
869
17734
25126
2281
28074
190
24107
12755
9024
14651
27191
10603
13452
15197
26360
14834
15829
292
14847
30727
29012
25522
18549
8835
1930
6739
2570
14753
2519
10938
18479
4450
11079
11918
23941
25391
9135
4645
2453
8896
16633
12431
11457
6718
8892
28886
122
4516
21520
18564
8116
1387
14240
18278
29591
12390
31232
4240
22648
27883
32321
25761
3847
12595
30915
8520
19914
11011
11339
23047
1738
16012
32085
28215
13708
27793
20396
16461
18754
25543
25143
29275
32579
16769
7446
19418
16825
17804
1518
11430
24217
32088
20096
12618
10969
10841
12673
27774
26077
26541
4517
23022
28978
21247
3838
28221
12414
15531
1668
26698
9655
8995
12277
18354
7572
32145
19935
3222
65
6590
9210
9374
6743
4402
10172
10557
29195
6557
7976
21303
31910
13429
8679
18273
18485
481
12441
8360
28033
15062
22125
23381
24129
5759
2287
1424
25487
7907
14882
22818
24729
14530
20687
8831
11673
25279
31516
6403
7943
28613
3936
3196
3340
16547
28470
3049
28475
16633
8401
27009
24700
11096
4751
16375
8008
22693
15568
23805
24092
7870
5640
13575
30759
608
3347
17489
24134
16457
32201
291
20531
29081
21459
17236
13818
20350
20413
17677
11692
23056
8779
8399
8534
26234
21009
28855
31028
22619
7998
29441
15907
2668
22969
22476
16469
10850
23919
7196
5704
3094
10475
5669
2041
14307
16935
5831
14933
14415
23969
17493
12016
27374
31666
4762
27641
22660
28699
31774
24686
22634
2017
24741
22668
819
16732
11513
5770
14478
19082
12265
25478
15470
14761
16530
11456
12137
13316
6621
262
26206
30477
3913
623
25947
30636
32491
8268
446
3031
9395
11612
28570
21091
13040
9791
15964
19737
21526
15405
2222
24845
31167
30696
23451
12587
7409
2287
6388
1811
21407
5365
22771
15911
24434
7057
3871
25825
6601
16951
30319
2155
24830
7271
2226
24169
27371
17444
1326
16665
8364
22184
19080
12703
26535
10582
2020
21658
31690
19184
2380
7419
16148
9482
9046
6423
8791
20927
513
5627
2876
31138
24289
3327
23431
19959
25212
3998
32156
29476
13555
9604
6722
28514
485
20713
23464
29112
29584
11550
24998
1322
26937
23397
19268
1070
27854
12806
31104
24671
11211
24991
28492
4725
30554
1212
29399
18037
4030
19879
21517
6181
16113
18050
31841
29635
1676
22418
11210
28406
25832
2014
1803
11781
30083
11257
23352
10567
28837
30492
14966
26331
20035
8823
22018
31896
4131
7881
14709
28231
30529
1071
19270
15376
10354
13369
13968
13619
1095
25155
8725
25337
13876
30211
22660
8169
16113
31838
17911
12094
32289
6784
28352
26777
32562
14123
17253
19444
3460
20047
30185
4567
21453
8924
13389
3022
2748
17108
27735
26906
31452
4516
31890
13223
21948
19636
30358
6462
10829
15933
22153
21756
30859
4699
21478
19715
10335
611
12157
14447
26564
19062
8892
24972
13354
7510
21548
22598
4887
2681
30014
10464
15892
2652
27976
27369
17863
9498
13771
15468
28765
26429
19447
32104
22315
6356
23409
24447
1940
27334
1619
7666
11053
3685
28277
29133
31519
27462
25579
5727
717
26449
23758
29165
30135
29972
6720
13992
7326
23644
7850
4059
7658
28935
22856
12137
9544
11284
10984
20343
11927
23292
10222
31846
30725
22853
15260
15108
24437
2132
4240
24323
12069
31107
25230
9642
7565
32371
7552
26826
1162
5028
28091
32244
5051
22850
9604
5609
555
3650
7123
12370
817
16814
26711
30641
661
11837
8377
6552
27636
29735
31525
28441
358
9527
31239
2429
1373
22306
1298
30520
15313
12311
4999
21789
1690
8599
19380
32719
8477
17799
15291
31096
16170
4484
3988
22461
4901
21622
26709
19953
32612
12904
14513
10120
30425
4759
19135
18127
20721
13256
21245
31707
5307
23263
13461
18367
32589
20398
23263
24579
18788
7179
19494
1617
28746
16677
22959
2160
1533
22296
4343
31863
19597
19134
21053
3386
8390
11720
12352
27401
30735
19726
32074
13466
30098
292
10605
27715
23197
27950
22029
19820
22088
8181
17055
5701
30809
19258
30383
6580
19300
1354
19752
11666
23095
18642
17616
18710
9333
9973
14866
26513
18048
24476
28160
860
22684
21517
32408
15631
18770
1984
13382
756
14099
9069
18603
19644
3358
11882
2717
16240
26532
29236
879
19882
809
15436
370
10244
15149
29252
11195
4561
23564
11289
807
28171
19491
18627
29853
6285
20532
12555
24723
24450
28427
15517
15316
12574
14434
27998
11648
20876
29443
29951
20052
11559
30252
14547
27947
6892
12855
18397
31941
9007
11386
30510
3784
7822
29293
6254
4
16676
18442
32440
14843
26111
5498
17835
11681
11987
22509
3773
27488
19439
6602
10451
31839
113
13832
22031
24836
14006
27355
9193
22712
14613
32660
2434
22250
25293
450
16436
18774
23867
23966
2670
4999
15697
21926
23743
25498
5443
7559
7472
17478
20099
7232
27863
4121
24560
6533
12201
10756
13387
23137
18064
7962
21738
28960
12222
5525
11440
17516
320
11546
30524
4534
29142
13374
12385
28376
25602
22344
6102
3832
10079
11320
7471
20143
25652
16393
18444
19306
25929
2356
28817
2577
13305
25461
23574
28903
14985
30929
4639
6322
24760
15320
32142
14619
22167
22312
11799
13399
411
13874
19957
1543
16369
2881
8155
6493
30225
30392
6446
19073
6806
13210
27761
5939
13389
27984
6145
17073
32396
8871
19714
28891
10181
14873
17049
31893
24154
11085
18779
3437
8115
25057
13062
12414
32143
15718
25199
30867
19863
21164
6076
27024
30521
21056
19667
13070
21427
14388
13843
32326
21614
10526
15169
21296
25486
8291
31941
22764
12999
21430
14614
30048
27762
28635
9843
4131
31456
4785
5332
31897
23022
9839
27680
20320
9945
558
23200
8939
25172
29608
18356
3949
6360
5695
24260
23033
25916
6977
18042
7911
389
26474
22574
31609
23039
10666
27554
31423
22157
20265
2800
18871
20029
30857
8896
30393
22815
21611
702
16402
29784
820
16972
13808
11378
26641
23923
13182
16886
2872
7712
29519
31805
29041
9613
17152
7811
3285
10749
6681
13117
10966
15532
6197
8620
896
11270
11875
16819
19967
22039
30667
25062
32352
32579
1429
29667
4252
311
8710
21221
1234
26143
20204
22678
28884
17433
829
13349
19173
27882
27643
14233
20929
17905
13402
3941
13790
23641
6437
6204
26610
2450
19294
18214
12469
15361
26149
22484
30184
14326
31706
13616
20630
25823
32390
20537
22682
31420
1911
22798
18785
9171
16939
3656
25585
26277
32368
5773
12842
27680
11720
6243
3916
30230
20498
1089
6586
6638
4967
17644
29182
5018
11075
18945
27404
17609
8933
8397
4043
13405
12024
3941
8657
8735
17010
26099
30062
689
27325
31311
20205
30661
14101
463
9494
6285
12081
15711
27896
7794
7461
11220
21221
18953
11911
13949
1213
5187
12496
3067
29040
32740
27910
7507
8638
7990
26264
28994
3649
8702
394
16849
5806
32687
21457
6184
32344
4574
9729
23207
4597
13046
26405
307
23205
13613
6126
25550
560
17846
28945
22379
19599
4152
18666
3328
19119
13952
31845
26332
10865
28787
24350
14395
18421
26694
30407
8984
25624
9969
1483
2114
9275
9440
10544
15794
16199
21228
3522
32540
31725
12171
110
19652
25651
15427
24044
11411
21036
26469
9633
362
14854
15863
13251
27830
21835
31218
26302
28229
4960
16558
13270
13912
29522
9626
28430
24057
10961
17712
19017
31118
15997
3112
20400
14767
28513
32492
23379
3637
8637
5453
22547
32659
8457
32372
17343
12906
25910
24859
15997
18775
15671
27645
10604
6416
704
19082
6279
25263
15182
20960
7117
2125
19047
31223
9119
28627
6435
30491
1129
2061
22251
1952
23940
9216
14209
18897
26459
8318
21056
11817
27853
2039
1702
22982
29651
10386
2575
3354
22883
20604
707
25316
25748
9344
21555
31582
5378
17625
128
26552
12404
13380
17213
27078
21436
13657
18806
23542
2783
4634
10993
21892
13430
461
2227
24305
13396
8455
29894
19121
14697
12298
1850
1572
6886
2896
17514
30407
4258
4712
14465
14252
19133
28929
27708
19239
11395
32325
5873
5323
11923
9832
12752
12180
11328
4736
20585
29798
8247
663
25198
17590
5218
3582
17082
28039
18701
15845
14227
13977
22344
13865
18476
29149
21132
24685
2926
7979
11681
19820
21496
30775
26302
16525
23909
30914
16115
6585
24269
14093
196
4457
9870
8339
6679
31491
9036
28407
3408
358
32310
26940
32186
4547
10891
17716
23337
26800
3677
15675
28893
30071
10390
11813
23466
1972
22584
20852
11094
31519
10473
26574
13123
21926
18606
26543
20045
3007
2807
1116
6646
24316
7388
8472
27841
2783
20134
1177
3035
13297
5777
24765
25600
19726
12496
634
18845
26371
210
15891
1074
7771
6084
27538
10491
7029
1111
1906
2255
22746
20419
19356
13640
9166
19468
21653
24868
2853
6019
9973
8171
12376
31121
10523
18642
11992
31920
25887
224
3490
27066
9992
12367
28436
2150
19263
26421
29439
18703
20804
30052
32509
15288
1696
14734
24837
30798
24091
27565
60
23596
18222
26273
4110
16613
6587
13595
31102
4157
27132
26043
28346
22904
22714
27253
23795
19416
13247
1849
12395
14945
31373
5075
7888
3295
6992
5392
27592
16938
31762
28962
23501
26537
9262
17221
18747
10773
6663
4771
4007
25471
18681
28789
16755
19093
912
16748
23455
10017
30200
13903
27618
12242
7349
14309
23802
30015
5012
18965
23872
32297
20706
10828
4991
30976
8411
11551
5638
9897
30053
7986
22524
25215
24063
11608
244
27544
15348
6139
25281
21321
1748
13759
396
13548
13604
2402
25124
6880
7509
28391
4756
13522
25331
9203
8443
17211
17439
12151
29848
23594
23359
27791
15653
27972
10484
15530
27750
7945
31309
9452
28161
32089
32570
23248
4496
2358
9539
1042
23285
6091
2681
11724
11501
8877
7341
16095
489
28002
14561
27028
10009
9248
24316
24707
11721
22486
19906
21172
1776
31601
6914
29445
32006
18008
7185
3787
23
8248
12920
30652
30742
31239
20714
17677
4467
14403
19577
12247
14319
4731
19977
3775
13232
3089
30724
13526
7312
27198
5199
14270
6075
19286
24189
24847
4985
17230
15939
20216
30024
8571
1580
2090
28206
17308
2702
1777
26957
6683
9405
32676
18616
16784
30334
26176
25733
21895
447
30544
36
24707
26757
18448
10735
3395
26917
8657
14593
32067
27319
11423
23884
26758
11720
11554
30182
27283
30031
22978
8612
8382
