19878
6051
9086
30761
12390
18467
22018
10704
24
27224
32192
16572
25885
16690
23992
4227
20225
32539
7037
12789
5795
28551
4736
6482
2966
24269
27793
23739
28872
13365
9123
16103
11361
29266
20688
21015
12014
4498
27805
18252
21951
26899
25726
15799
19597
6584
10653
9841
12897
12157
7383
4204
1456
27911
31751
28842
7115
30080
13448
15020
10103
18593
16117
23854
4823
17680
26675
30481
12435
9453
11186
22681
2099
10407
751
9432
16844
25621
20030
10090
29919
25026
15046
12899
24190
4232
18893
6278
17072
12128
23862
6072
32023
11128
27975
18356
1232
9350
19376
24831
26523
2909
6089
28703
60
3773
18460
18696
27681
19056
27939
20183
1092
27794
4435
25538
23891
17713
23129
5455
4879
29718
20387
22725
25330
10465
27170
27616
23060
10588
20814
11721
6735
4617
26987
1093
31393
1277
5899
8493
1747
15089
23509
15390
8792
10903
12420
5233
21112
14890
16435
20334
29614
12105
26839
1724
24142
20741
9485
6940
15978
28729
17174
8024
8951
18970
3359
28533
2092
30990
18118
18480
24875
26562
9179
29353
25827
31350
7267
22617
8757
25244
16867
4937
8021
20642
31195
20102
2164
30732
16784
2768
12700
6597
24334
7058
28635
2231
9070
28695
3491
23705
8789
31994
24177
18184
701
23006
13741
16090
19704
26464
17617
30127
23025
4426
9422
19400
18358
265
3756
13853
5939
21602
1904
19113
22336
11360
834
26377
223
10385
17359
9541
26814
8818
30189
4846
27140
15655
21117
24169
11850
7535
18070
28298
14054
24024
26336
6245
2928
4911
12861
26464
12671
30011
26543
11149
20916
32683
29558
16951
11770
8012
14200
19643
19723
16255
13030
18841
32567
19435
19741
17355
8289
31343
18378
3158
15178
29018
7250
12830
29202
7647
18545
11262
20475
20163
20001
26904
26737
26457
27325
15210
26439
16048
18790
20643
30276
32523
13478
11572
7134
6545
2899
23977
30533
8774
31926
21050
32163
10298
20461
6301
7330
24065
14990
26655
26160
9826
2701
13299
10623
22867
10080
14282
7503
21798
11872
12964
32623
12285
11891
17381
19841
7555
18152
7851
31487
23774
11682
1887
18555
17119
24697
20362
8235
13436
1501
17386
7076
9601
16572
16582
5862
28546
31654
24702
29849
5396
28464
30822
30614
17725
26518
22484
21929
13096
3492
32120
26517
5661
14038
14060
6745
26033
190
24204
1458
9786
15270
11144
19425
22918
26743
18488
9902
26573
19929
8879
17837
5347
26780
11154
25024
21938
15191
30507
10717
6632
16718
29881
27922
24045
2201
12298
9670
6424
14211
20812
19009
23586
305
20257
1647
13275
19844
1777
17120
9243
6207
12164
7444
20220
19309
22992
13558
7238
6397
29711
29606
29995
6064
789
12155
26677
10037
1505
20809
18812
24466
14194
24287
8988
4037
8924
3796
2534
4011
15770
18820
10838
26914
31782
15189
8645
7274
5319
23615
30688
978
25770
4235
19545
6800
11061
18138
3293
10992
3992
14186
18245
10161
9381
10389
27664
13483
24289
23706
5393
8886
12507
3232
9317
25288
16828
5368
20392
13405
29216
13987
27496
4892
8996
4628
2778
10167
29632
16182
18380
