14156
32534
23508
28534
9323
11695
29293
14274
19850
14729
4469
2602
25100
2578
25071
3516
18075
9177
32384
14740
177
30206
23321
11762
31581
7144
20438
9104
2372
26421
19238
25906
18406
17911
28461
1918
18466
22813
7782
21262
8188
20271
15245
5316
18847
22335
8380
18525
29598
16412
4564
20809
9855
6088
11806
13754
25466
24364
9522
4092
8318
9739
13080
10756
17781
9013
10158
30539
3785
7421
32073
24797
31015
13804
17055
6060
6787
29111
23525
24875
3164
1647
24372
4632
19265
19960
4145
11161
12180
27580
16109
20107
25486
31392
3594
30999
31363
22328
25632
17030
3431
23094
3166
2390
146
5929
19061
18317
22208
29540
26033
333
13660
10555
28521
425
32254
2934
18586
22967
8498
7423
10959
21990
3707
20702
14404
23954
26007
1639
22346
28886
19717
5554
23789
14498
4549
76
19157
23821
29791
6700
9322
5612
18214
16105
7996
10659
16830
26410
12961
20027
11740
12893
19104
8373
20813
14508
8717
9886
14650
14636
2038
3556
19114
30808
5182
7912
15432
25279
3976
5332
23911
18425
4694
20527
20035
16863
8050
6063
3465
7164
15758
23374
32538
20286
21543
11679
20492
26097
20399
26467
23538
23534
20714
10584
30558
20240
27545
12369
17316
5096
14422
12171
28640
690
15807
9535
2874
4231
29910
23924
19560
2260
27816
5911
29301
31498
20781
32589
8897
12439
22896
30472
26698
16150
24815
22233
14377
2754
12357
9477
8032
19761
14598
29146
32210
29759
18667
20035
29331
27976
30767
4251
23906
12442
22328
23487
6516
8489
8058
7271
21876
5253
27545
28854
11463
5898
15053
11791
26132
16470
17291
31019
31492
11265
22882
9320
19782
27272
27171
18532
11479
32393
22084
19147
4992
14902
10374
18285
14752
4356
28886
3988
26667
12707
18033
13204
11251
31795
13644
19107
20006
10421
6835
27883
13848
12735
13616
5086
6211
22388
27566
21706
5773
20148
4062
10669
13769
28816
8154
15434
19583
32257
19209
26492
20208
19417
15938
25291
7253
27385
31540
19517
12648
8389
16133
1134
25637
17365
15417
4323
3282
20717
11222
30876
16445
19504
31173
20200
32581
17040
4220
24702
32667
32649
2010
14024
29130
19215
15186
25986
26741
17349
2892
22148
17632
10607
19912
2012
19635
11178
12869
28704
19706
4315
7393
32003
28271
18789
15553
24613
7932
17183
25011
7728
13436
4357
21778
5152
11458
15149
14827
26338
11996
19197
14429
4385
12696
26524
30790
861
27464
5798
12060
2621
28355
29988
17688
28454
6572
31931
21914
1804
14327
10531
3785
9096
168
4571
13433
6699
20446
19483
19027
22035
16913
10507
10543
10171
5272
9266
965
18199
28526
5681
7813
15329
31797
32689
16067
8238
28283
154
5399
28996
24893
20357
9988
25263
11689
17781
31703
26514
7976
20929
4306
26172
10396
27221
22666
18939
32486
19483
18830
26421
15532
8115
16457
26036
29529
22122
14378
9538
19813
21354
8194
20598
9686
13614
19885
4557
14599
21305
21748
7932
21160
17416
17842
3717
7430
32581
5430
11145
30092
28733
14057
15325
27274
3220
10288
27744
17974
17207
29588
22411
19185
22419
28449
23113
1227
32005
14859
11017
21576
18065
15768
26386
5733
16086
13625
2583
3542
15425
506
1036
29074
17794
19741
24888
17553
6716
15874
14474
23252
13313
18251
21552
12199
21373
20285
18534
28963
28145
14184
27788
25846
3812
1930
27260
2663
533
16305
22554
7572
22963
5536
3885
24574
9424
8564
14189
19016
27156
15751
14044
2876
15022
7573
31834
30735
29072
24861
22644
20966
29404
9482
22654
1176
32665
22675
22497
17078
29099
22880
15285
8905
29698
6894
3219
8666
2833
23860
25252
12088
386
13959
22526
9589
3368
29883
30001
21682
16437
6539
19484
540
6829
30266
13574
183
20506
10875
25066
18267
5506
2703
15377
10236
2966
12461
16358
3118
6444
15782
19207
23271
18927
3273
4248
27527
1365
24324
10204
10775
12754
16717
26886
20686
6220
12864
3148
23258
7118
19210
16190
5213
6528
28549
9302
27573
1239
18852
28880
26624
5129
5138
7355
26847
4292
30742
22865
4987
8479
698
16772
4294
7377
29996
30937
260
17056
29796
11385
18569
25117
23559
10886
6596
19855
14476
939
24700
10285
11421
27383
29274
25744
17856
18411
10408
1895
1078
11985
18264
621
6691
13136
21832
15256
9712
18750
18884
5267
27630
10165
13133
1647
21308
25193
15256
9622
10730
11576
11482
8704
29790
32259
23619
6057
19447
189
7624
17218
4337
4545
9510
28454
29577
12905
30756
11409
6241
11228
22040
11532
23589
21543
14508
20524
31343
10640
20962
14716
7144
14374
11094
696
4017
32157
19140
24124
13313
16217
32713
15803
21007
1737
16110
20788
28978
14326
11746
29218
25926
30300
17671
20212
7251
19448
10800
27324
28521
18082
10410
17707
31438
32669
27257
16061
16732
16749
22243
3377
7972
16360
14899
21564
20311
5776
6839
13950
2407
288
24331
29365
31081
613
10649
24881
6078
27983
3425
25992
9202
1096
32758
10378
18148
8900
11465
11895
8231
9498
3498
7536
17065
658
27788
18476
25746
19903
12937
20716
18031
3855
10278
30897
5520
11680
2775
28332
19886
23125
7110
13302
24018
12586
3024
26497
5233
1220
26832
3663
5852
2125
28705
11233
26584
19326
27230
16115
16776
15613
29804
30310
18068
9962
22971
12926
20100
22964
25544
9805
20845
31026
17127
11631
14032
8175
29759
10744
3007
19653
18710
32427
25665
20141
29519
31085
27640
8917
15152
16889
27137
30963
17001
8404
15388
20954
30802
12932
3341
27722
9077
23293
19010
29709
9292
3420
7349
10047
21836
15319
26900
26094
11298
1012
6944
24547
60
27386
16467
21694
6795
16037
13765
6729
29319
28190
27984
23814
15476
28458
3570
20234
11492
930
29556
14606
5502
29475
20809
8644
16125
3334
31929
32615
9340
1683
8767
10134
29680
2417
27183
29026
30710
1633
20635
15782
20175
8237
13432
22935
4776
17114
25085
28571
22303
15141
7244
31327
8196
25134
27220
28195
13660
12654
10998
3161
30892
21230
13414
5487
8052
443
725
19689
30457
20117
14925
946
5447
7399
32732
7348
7031
27644
28148
16294
27950
16495
10258
11813
358
16867
20894
28423
12401
24821
27666
17388
9018
6511
24671
7445
18383
9406
14221
32634
28444
12455
18081
4374
30713
28213
20931
16262
11112
3318
27296
13522
11799
30311
3598
3723
11053
23980
17646
2838
7235
30596
19543
8519
21167
28285
2289
13874
9737
26468
18846
25917
27624
10752
7520
3706
7405
16896
16503
7988
19203
11313
25801
18632
19684
25588
22919
6582
17120
25840
22030
11512
22746
29956
27659
25491
27027
19071
25827
23659
26411
25236
3666
7771
11492
7176
14930
10373
7722
27182
30270
23783
14032
13333
15671
31024
28829
13312
10695
4561
8711
27414
27332
17238
14910
32091
32631
3575
32364
2527
32510
3946
11323
21302
28399
3836
9625
19495
27966
4064
2488
23720
12641
24007
24408
29451
10417
18353
13384
13682
12820
32002
22058
26504
15577
16600
2168
22643
20195
26524
23492
27908
13834
21207
2628
6705
26814
24391
32141
25542
23021
31027
24991
13143
17447
19195
26914
7033
12289
14835
9967
23346
14775
9585
8402
13741
23061
7205
32654
29234
13975
31657
34
6230
15567
11865
2635
15471
3335
31589
4170
28747
30760
7461
7143
11298
5338
4524
11446
17352
12269
22943
19353
15399
7160
6472
30598
5357
9279
20454
20363
23170
9946
6471
7695
5181
6676
11673
10586
25303
274
4990
27992
25376
5045
14430
8857
10480
7616
25345
13981
26209
22846
13405
6479
4923
18462
10924
975
10416
20769
23234
7284
17738
9206
21406
7186
19745
10403
24639
22648
23121
32294
7097
22589
4523
19548
2951
21437
12203
27939
13347
18270
25002
12475
23508
31512
16213
16755
28615
9012
30814
27265
16226
32339
2674
17969
469
5299
4970
5954
23026
31918
5061
20876
19518
18563
13654
5607
23368
345
27194
9545
15929
21377
30733
3886
26029
20476
17245
7997
17089
26429
28511
20008
1133
303
9697
14804
16149
22138
7040
26810
12890
28419
9243
23693
8502
27057
27528
14364
28744
29047
9861
31867
32364
911
20465
8541
27535
27395
17980
3269
16834
5490
23836
11742
13452
9489
14209
16166
27269
25584
32204
29650
1312
31871
17467
5231
23241
6992
13736
20165
5936
24094
22132
15616
13796
13327
29630
26642
2851
4918
4824
18771
20209
10076
29947
3946
24167
24064
825
10865
10062
29596
14004
25428
29164
26154
20750
634
32030
28903
31008
18856
8359
30039
4079
17698
27080
30089
20955
14355
26129
924
6170
10286
4214
19074
20069
19606
5285
5124
28913
25595
23703
28678
9889
13830
7269
24845
19322
17400
20574
12798
32599
27790
24918
22825
3294
1831
25408
3205
15538
14888
8704
27453
26858
4256
28794
24684
25795
4904
28143
8997
3217
26638
13705
30647
4604
16050
11316
5679
22632
2607
24752
23070
30133
20286
12772
8092
11049
2392
12150
29068
27306
27419
26776
27938
15409
32239
7461
32419
6011
25833
1260
23404
1538
18160
8524
23862
8491
9246
19713
8856
16577
6760
32317
6349
28066
23938
28410
21176
27832
26109
8079
20773
30251
7091
26498
8274
27861
32612
2206
28334
10743
6049
30789
224
12586
9449
21255
9995
24728
24851
11891
5969
29035
19947
15660
20886
23686
22304
31040
28806
30579
19294
18614
3033
23965
28855
20582
4053
31168
14407
26894
11797
17309
21784
27297
19338
1522
14915
16866
4031
16553
17496
1074
31073
31568
4608
30118
7166
7113
20449
13661
27405
5443
31682
1041
13871
873
25328
22763
15028
1496
24544
14492
28257
28631
6933
681
26480
8258
21316
10502
1497
5576
28855
1511
16848
4951
26607
17363
17295
26835
12173
3066
10325
13326
19827
28360
6319
11765
16166
15034
5110
22535
16758
13681
5401
7692
15202
27397
29852
16387
20534
1947
11233
6236
23798
28474
23975
4711
25855
2010
18384
25869
12780
27070
615
26046
10935
27140
12257
1962
9760
13179
675
23348
15443
25012
15301
8611
23493
21084
1814
18715
9567
8392
22624
25805
21470
32722
11757
30058
12922
26084
23625
5597
26309
16210
18250
24633
4567
6893
11342
7920
3240
1237
25028
7751
17341
910
12270
12806
30215
27478
9956
17268
23304
31670
5597
31618
29751
31576
1962
23879
3494
17944
26755
25772
12770
349
14598
32105
5402
27306
29309
26160
15236
29808
96
21543
24317
9511
29467
27292
22512
27804
20496
23285
3448
25485
8928
16613
12489
10611
13286
3814
18380
21663
2053
7907
19209
10376
3492
15156
23242
1636
6902
13264
20349
19445
8575
21438
10587
5286
15060
19149
9031
4310
29346
24453
27897
26484
29169
32093
20571
21964
28586
29487
17971
416
2647
30184
15875
12667
28459
15236
7469
24386
29250
16954
14683
22796
31785
6131
21022
25651
28833
13825
19926
5804
29344
17678
15825
23187
10649
23890
28087
20490
27645
5898
549
324
29442
32549
27288
7389
31651
17472
10893
10861
30952
12244
15846
27996
15207
16302
7312
27128
12811
29600
8547
16580
10260
9079
22601
21523
9311
28972
30627
27606
19944
11103
2280
19379
31117
13312
1167
28503
17685
16208
25904
24844
25456
32520
30182
24206
32320
3543
24567
16410
20633
12050
15287
21961
24325
13992
10409
12060
28876
11604
12520
216
11890
1302
31685
7444
2432
29155
5042
12688
20872
15004
17247
16456
6755
5693
20002
1609
22461
26967
1948
17604
20948
30656
3738
8289
22396
24200
12089
2773
20839
27184
12366
27319
6819
7447
4100
30095
16996
31285
29639
28721
6916
26635
20321
18761
14920
16346
1891
16950
20197
23828
4807
6684
28482
16656
24531
28468
17792
7937
65
19047
15544
25641
24732
2332
4995
4170
3821
6478
30656
29278
21655
15329
3985
7559
10112
16694
5031
10825
13937
29693
24256
6135
5312
9802
5741
25195
18732
5355
20761
8186
17416
5370
23879
15272
156
16302
3611
8087
21960
4214
12572
25542
14826
10569
4408
21752
32258
12599
11017
26609
17428
325
30294
27880
13518
4983
26845
5946
14443
26670
5711
11612
14039
21940
4509
29971
8980
30230
29554
12263
21980
10034
10752
15317
31624
20752
30208
11332
6448
26230
14580
28474
27924
21430
30896
21200
11834
20427
15384
32483
28505
17316
9515
14093
10486
15296
27713
30931
11981
6139
8336
18976
5234
28072
20981
19443
17720
20447
2034
25940
21330
29208
10739
6796
16952
22777
15573
25749
20557
3437
6568
7376
958
1526
436
20726
32429
14916
13243
4945
24207
5382
26238
6956
10962
14336
19586
18824
5827
18014
1300
26128
6832
10568
7819
10319
10313
694
3533
24865
32332
17030
16149
22631
24418
4556
9203
13055
12356
2153
25236
29940
16673
24799
2627
29681
17988
7779
28976
19964
17394
22836
8048
14432
29073
9516
27462
15083
22544
18068
10913
11098
12162
10557
7653
32018
16396
19916
30702
14609
18946
8534
10067
12835
14669
29485
17639
18777
10256
31993
19334
22199
29835
12554
32014
2605
28223
17132
6315
22729
24146
7740
18008
18986
28470
16315
23458
14904
14214
9377
23983
25362
27696
17460
25728
17224
32217
18328
17267
13387
9597
29673
6924
17697
9302
31367
14324
11613
15104
9137
25410
27727
7130
1878
2042
26744
23727
18471
20947
9024
11158
1265
10558
21740
19222
29738
12451
1226
6542
24010
9966
29102
10196
26460
21322
24226
8989
26196
24108
6106
5661
11427
15252
17382
17775
905
2704
21803
11062
18602
3585
12180
22021
24933
8865
22149
12028
30817
22085
14097
27444
14696
1120
25196
11358
32633
7113
19619
5286
10520
29118
25482
20958
1769
17960
4598
25560
6269
23840
813
8723
2924
20915
15003
17562
12452
1506
21447
29738
23552
21485
32389
9619
25117
25810
2924
17504
10345
20496
7306
28858
31612
26800
20055
21642
8108
23430
27880
21470
20443
693
2405
7310
7828
4721
957
22815
27991
777
23704
2791
28208
23588
25486
20338
25486
17738
5526
5413
4691
32679
16321
801
6696
11532
14888
6251
10259
2103
20258
17993
14155
29268
8891
2543
21579
31172
11874
18778
5669
15900
9442
30589
16921
21873
21140
17307
19814
5843
19922
22516
12640
28183
2990
27555
17859
7386
11492
11207
5447
3266
5902
16353
24692
5895
11799
28029
17080
25906
16882
7957
11703
20261
1164
21042
12002
23132
7167
12500
13131
15986
9480
23060
15799
4839
14779
7688
17141
2592
20597
12519
8303
23983
1811
6509
24831
20437
11873
24193
17412
26181
10709
14358
15028
16939
30590
18255
20404
14701
29751
6630
11494
5425
12320
31950
13186
6559
26447
25111
23144
15080
29378
24083
18100
9095
17816
32695
21139
28615
19073
2115
30294
17029
13684
17958
18373
5943
7584
5915
950
29997
29604
21913
21982
26647
10242
13674
21222
25032
5585
21401
22721
26937
1459
32146
18750
15057
23815
29573
21209
15843
19808
10763
15319
29561
6197
20236
25490
16976
15066
5600
28177
17443
5806
3764
19931
30764
27031
3376
8205
32489
10923
25175
3755
17180
7984
28078
11572
13333
15303
18848
889
30003
9700
5921
15022
9897
27009
11410
8386
11134
14100
11236
30188
4312
15806
17409
14471
31353
30149
8551
25375
14474
28484
21014
20684
27287
31009
8365
15294
21468
13376
10960
2586
17599
26358
14028
23813
15773
9409
3198
5629
11977
7734
21873
18032
31186
11578
18502
15751
6149
29045
9049
10307
2611
4356
15009
30668
30133
29038
7384
518
4780
31962
5084
4196
20365
18303
1110
20737
19934
10587
28825
24045
7226
8232
8909
20164
20891
3468
16972
2182
28121
9616
22604
16290
9069
8531
1983
24660
28283
2560
31863
20785
7440
12285
21902
17409
11432
8805
3845
2252
8435
15033
11947
5944
14296
4306
14400
16914
7867
27418
11483
18730
3323
32508
6537
15716
26559
5529
31031
27404
21235
26813
28114
15978
21389
19473
5292
22166
26389
30354
31266
14990
13412
65
28796
25734
14764
26652
19988
6015
7096
13902
22203
13083
31349
3747
21592
31152
28338
18238
8914
31899
5412
22414
13104
8919
19117
13182
18943
32206
32221
26348
31988
24686
14778
1373
13267
27776
19900
16879
12431
2613
14108
17295
25267
32258
12111
2411
2560
4270
973
29610
27736
32170
6934
17499
8923
7072
19191
11436
16975
29518
25609
14941
25285
14485
5756
14708
19065
22989
5138
24113
16379
6492
4974
19268
18316
25991
6287
18494
20427
25224
9880
15430
4497
23264
16082
16653
10009
2542
20723
25092
7780
29889
161
23500
2779
17707
25650
28653
23095
23318
8374
8396
28830
2075
1847
27095
20494
10577
5951
18435
20223
4963
2715
9848
8772
1254
20063
906
15923
4841
3370
25068
21253
17357
11947
23072
26752
19543
28772
24626
23763
8963
31662
4518
19137
23963
7422
8111
6913
3337
102
10658
17637
2922
5983
7081
571
28771
3013
26044
31345
8120
25635
7885
10492
9754
15665
26691
761
22593
15515
9642
8213
26683
8452
23721
27307
25860
4939
20788
6957
22614
7437
12802
709
30402
26731
26946
26940
5632
11533
25994
538
23940
28262
28432
15631
25937
28474
23836
30097
14098
32350
16317
17863
25959
192
20924
166
11645
23719
18126
5978
22241
10811
18957
28135
17814
19783
16553
25360
29285
23614
9435
3960
15732
30844
3355
7
20250
31695
13203
28559
31474
7990
4563
17327
22830
32488
25798
20728
2606
8088
11493
10831
22610
22776
32426
32658
11276
18812
14152
20351
1593
14176
27033
28881
29873
748
5976
13995
13596
3575
2704
13370
31240
15530
25428
25495
1593
29574
11697
13290
4672
13992
5089
17109
12368
20044
193
17680
8780
5265
18054
25168
22052
20604
7595
2158
31842
16958
4141
31173
27904
17594
9467
6876
20093
10306
24488
17221
13104
10913
26724
5572
8411
12383
28714
9140
13955
9024
9531
24487
25727
6670
19402
9037
27344
11672
20217
19607
4528
7931
24068
13851
20589
13088
27068
3771
22136
26502
5688
21633
10937
25666
29895
30414
21798
20292
6696
25524
18068
25819
25854
1184
29389
31100
2174
28220
20706
18623
12139
18323
13763
13738
19268
11383
15628
24626
25532
3871
13346
13311
31338
23829
15231
21616
22210
27472
4682
2527
20036
28060
16427
5158
23795
32067
4445
1633
8713
29414
6405
4086
5353
6060
11714
22227
1621
29087
5253
18167
16865
12114
19875
31540
25511
30407
14376
9011
13885
7057
32623
2744
11492
54
1775
9767
19970
9943
18520
18504
8659
13587
22495
25927
31067
28456
725
1791
8607
28251
15487
22135
22292
5787
19746
24237
3416
3937
30557
27795
24352
17370
1979
12376
14962
11848
649
1000
7444
29350
25573
31414
30020
3210
9752
7865
31401
5200
550
32436
5002
24437
7843
29115
6718
65
8391
13299
5859
26793
21445
16537
16723
13427
23129
3398
24404
24219
7840
2673
21263
26102
29741
3381
28100
9493
8281
1620
23227
24940
15578
10877
13950
21939
10392
28618
9797
15245
31420
1165
946
6248
11273
9036
28862
20900
27247
26634
26612
19447
19165
2760
7389
6672
19800
9036
16571
32378
26442
23073
32633
17604
2076
10975
18659
13791
19462
7085
14867
11207
20774
3587
15147
2149
25296
3253
9546
5045
28454
15149
1208
1316
31464
18935
19300
15420
1933
5252
1937
27778
8082
19495
29388
16543
32018
21604
27937
14527
32407
13418
14478
18487
24112
16862
2232
30314
24259
26842
15069
1773
25509
13622
18954
27881
9832
262
21390
3521
32500
27747
16302
5877
29145
623
25242
27463
30948
12179
10656
27420
14833
27915
10400
7204
8191
17829
7104
29757
2698
6085
12640
19349
1813
14509
12369
14863
18694
23803
20033
25577
21430
27251
19066
31131
2761
5887
8397
28418
7355
30964
26824
11709
31676
27799
13616
18136
22718
29408
1963
26535
21708
28030
11452
5621
23709
23578
5108
30559
25193
32480
30823
10234
27131
572
27998
25660
6920
6113
9035
2585
19903
8464
30978
13676
17825
19991
11557
31641
3731
22296
17376
2672
12337
12811
29911
11861
11110
27142
13661
926
30265
31676
13031
22333
27114
23365
20928
31391
22334
1821
1022
3796
13591
19566
3252
2799
7495
8338
873
432
2982
13267
11209
27232
4963
8566
30107
28925
32407
24825
14579
4503
3104
23704
681
762
16300
20758
1289
13453
30740
23225
204
25466
16364
21399
14920
2831
3160
26384
20195
13413
24096
32412
32461
26943
30983
27591
16111
20020
9561
29561
10014
10257
12228
7803
4245
20601
7016
29495
30882
24014
14897
31935
31647
597
8037
17169
31780
26260
8313
6298
19067
767
22569
24824
24660
15572
24520
13572
1210
19012
13012
2064
27718
8659
28877
12909
10643
30977
28999
1329
497
5674
24127
19254
31326
31147
18603
23398
12466
8774
27476
8246
21785
28872
4072
14449
22470
28392
19019
5431
7910
32115
32303
14661
22739
11686
25316
32119
16011
18907
31089
32394
23136
20841
10467
6183
9969
27589
29925
4381
6744
5869
657
23791
29093
5382
24454
5774
20620
23875
16187
6247
2394
5130
8851
21920
8493
20050
7601
22687
25701
9296
12301
2765
8022
22354
25287
10649
20287
3819
8508
3263
24448
29008
32728
8650
18183
6914
25899
16599
6668
14765
18750
16029
25598
20048
32551
24490
23997
23199
15579
4335
21513
32166
21828
2431
21051
17326
22675
14740
25906
11620
3800
10963
2705
12856
207
13777
8232
16900
765
12501
26543
2542
30460
31712
29370
143
14100
3562
2793
32085
24587
26479
27231
24357
27965
3626
22646
1605
23279
30241
32433
9594
17120
31713
2547
11885
10017
21515
27630
23891
24359
5135
20701
10189
23327
14392
7542
4877
12673
19177
2330
13627
10984
4390
10320
26135
16417
24661
31601
25311
16001
326
21925
26995
1660
17522
12301
3767
6260
11136
15682
21561
25551
19470
20735
16660
3148
20397
28698
532
6551
13613
7353
21786
17691
14108
12994
17346
23063
31625
26771
28996
23540
28941
18420
32664
26326
32013
13129
20446
32369
24377
19213
8700
16158
28248
18299
22409
9517
4680
6798
24042
24189
8000
28204
954
23115
30297
21150
15728
2888
3917
12612
7483
4078
20350
22407
561
13587
21050
11790
17065
1727
1597
28725
21989
25403
17527
30651
16629
17514
17424
28858
19159
13148
4010
2525
15331
6689
24550
29901
11367
26587
32553
19180
9870
15127
6816
10822
8070
1630
9345
7877
3041
25350
11156
11172
4924
1614
19443
2341
10015
3243
7438
27271
293
3932
16625
24626
19549
14404
30922
10806
32239
18425
25253
3827
8451
16921
17531
2585
6622
13277
2155
26580
9294
18672
20039
8256
4425
8833
13906
1827
2001
9367
18760
9179
19738
11684
8607
17813
22511
27742
14861
10176
13138
18378
1354
15042
29795
3481
13079
25833
18307
23224
18047
20388
22712
29219
24925
5363
6995
30202
26910
24860
13521
14038
26824
23712
3840
3421
21563
29293
21859
29204
4280
18005
25046
18293
26271
28607
23669
2626
16509
19612
4795
23576
23365
157
18919
7239
19422
29859
4260
737
32222
27256
21480
29201
3990
30908
15133
29102
12110
802
3967
2320
24017
732
12997
27427
14893
13139
26883
10425
15028
30492
31183
23845
30534
2343
27811
2309
26835
20026
25730
3935
16923
23198
24286
2288
17848
25
22970
25024
15711
30748
9484
29946
30307
32316
25445
6907
26490
28390
32211
23977
25540
15951
3847
18182
32521
23467
2483
32261
1859
21663
7734
9628
14172
19704
9083
12826
1848
7837
1822
10427
15606
13762
2257
32121
9075
32095
17663
806
2576
28641
21167
8632
29110
8223
30890
18148
2839
20111
15840
17646
27190
24250
22792
5055
4905
16621
17287
10296
17437
9266
29587
21958
8348
1150
408
28214
8715
26924
15578
5067
29047
26538
29533
29070
3729
15987
28930
19942
26614
7229
31218
11112
18612
26483
17471
27632
16138
6629
13513
10737
24688
1215
25439
15369
3799
4279
10791
5849
9010
20107
17472
275
8501
27563
16293
19924
22621
24370
18005
4405
5680
25371
689
797
19910
3506
8997
1113
22664
8008
16650
31214
13368
22571
11979
29357
25138
27350
28999
19209
19441
24164
26743
17190
20692
30027
27473
15154
24866
27718
23276
2552
19021
9619
28900
8626
6259
5215
19712
30495
12586
31871
1554
24278
2941
23136
16927
21722
10546
1857
6592
25198
13647
28063
19144
5675
27612
25073
32295
16975
12009
29590
9487
30040
27859
18956
12629
24786
15300
25186
11545
8813
20089
16624
30121
9042
9800
27461
7587
439
9825
15969
14938
14513
27732
29989
8315
31306
4563
29447
21489
28628
15289
9994
12037
21629
6732
6894
1226
7715
16063
675
17080
10345
27132
24580
21911
5642
14496
3778
21919
23661
20550
19614
15837
11642
29192
4572
13016
13229
5699
19956
7285
21608
30107
23690
5912
27790
9023
18080
12
15181
7278
9227
8485
28475
28987
12579
16291
2469
27277
27839
4698
3107
20841
21089
25360
9328
15220
1197
24359
19065
179
31776
23420
1204
16022
3582
3982
18099
3125
24460
3043
7673
17369
6528
28583
8460
1470
28598
8599
21708
22551
20772
4125
31746
2131
21520
15548
1340
12703
12928
5807
2777
3244
27379
26829
6496
27826
22862
24240
12310
3509
23577
25878
12239
6151
23019
27015
11268
32014
15139
15673
21030
4423
11225
7984
23346
1931
14869
12713
15238
12689
9278
24249
1267
10677
27605
28722
12051
18935
99
24262
14812
5191
5807
7279
24182
28672
53
24078
16970
24754
5844
10322
24668
6692
4295
9179
7386
5529
20694
31903
14069
3155
1741
20621
3311
31574
13358
29041
26229
5230
26915
32280
14640
16499
19894
5812
7063
5836
19268
12417
23047
28210
27183
19625
25109
27318
14292
5734
30755
11526
18621
11366
27441
1772
11031
6515
15094
22807
23910
16467
25647
32286
7543
16109
18232
26306
9110
3246
23769
19316
7682
22571
11618
5911
158
26632
15866
28422
31977
792
26676
31833
13872
9157
20451
23140
1539
31411
27440
20097
25829
1184
20713
11536
19271
14223
16668
4027
7864
2853
7141
16639
32598
24659
14980
231
2440
3125
24242
1819
24559
2618
11318
26138
4505
6534
24755
13252
12408
18836
15812
6939
11283
14880
22858
15178
17532
4676
18437
30695
10626
29409
22114
7797
6695
26688
17300
1325
6229
7929
13030
1790
1228
24596
18256
210
14175
6255
7496
13331
26464
28511
5850
12909
30809
12442
11771
14038
32508
3413
16667
4044
4701
30889
3577
32478
15711
9019
20155
12654
9324
23068
11582
14005
13162
19694
171
5896
26602
32585
2379
28761
2978
26973
7836
15360
29469
3032
932
8636
5297
31498
21893
31732
2994
9542
18514
28995
23525
22668
9761
18228
2359
19302
17505
21066
22447
11536
25454
10052
18338
219
11363
29086
8742
18643
16688
4955
10696
17312
4844
29186
17282
16810
29292
5351
11239
21889
3860
30891
3233
25467
22509
15366
1565
21663
29432
2500
389
28865
16066
25614
24303
9199
4665
13547
21460
13068
11966
18439
3523
9147
6267
4530
27990
23423
18679
26411
28006
14880
28647
3103
2683
13136
13896
14701
16006
11150
14250
300
25811
7243
9679
13295
6713
17227
19060
11079
28052
24911
23407
7562
29813
19441
21754
24275
6167
22223
20047
13130
11925
22507
31861
5798
13403
19282
22361
7408
14810
23036
5408
20617
22913
18420
28604
12654
18920
3512
26813
14779
24654
8419
32618
2926
5957
12297
3345
11118
28076
21987
15259
28108
12766
1964
19043
30536
3369
17098
5449
30743
25474
15793
4610
995
23414
8197
14258
11028
8804
1534
1212
14670
16618
21265
5848
15674
5021
6093
2407
15754
15357
3843
3588
16183
7592
30249
29532
269
15309
17664
3647
4202
2788
2165
14583
6979
2716
25797
23768
9063
15381
741
14872
30472
18512
27937
25057
4727
27364
7939
5797
20271
29938
19574
1714
1045
31834
9259
5382
31486
2863
4412
9316
24434
25449
16400
6311
2736
10970
27262
599
20721
4964
12085
10362
13297
21352
30811
25772
7852
641
13684
1394
3685
11891
27782
10956
19693
15454
26234
20745
8226
27192
31430
32223
4790
1145
15945
17339
14898
9240
6518
3926
7738
2231
2485
29577
9490
25371
4614
26466
10593
9182
7912
10871
7477
8808
24953
17274
24136
12315
26078
19726
8066
27598
26853
1241
3006
27005
12521
20699
1489
574
28151
12030
10696
24695
25902
17134
29554
7247
27500
30250
11807
31842
29479
24156
4518
11961
12696
24038
12461
3577
7967
12989
7204
18138
22243
26490
24595
29147
6585
23214
15766
30005
30791
20598
17957
17165
26729
16976
15385
18413
18899
24877
23660
7541
7672
32200
30145
21838
30507
19253
28836
28768
25348
12221
11538
22085
21510
6121
22844
24829
20094
32733
9608
20707
23726
9959
31193
15583
3627
8536
4112
21214
1668
15507
6099
31871
24356
26979
18317
15375
24698
8338
32437
21944
22103
30135
23892
6389
919
19535
29889
24137
30979
25359
30127
3377
21366
10617
32618
15959
9535
5038
29790
19976
3783
24707
30681
29416
19060
1494
30994
11493
12236
14115
28521
8297
29150
14930
11248
12756
7389
32467
25643
29993
5903
10989
23060
17927
10469
4947
17762
7132
20588
20729
25099
28245
25572
26917
18440
15897
18349
15305
28760
5558
15211
11280
2887
5851
610
14135
3056
26569
27426
28062
3329
5380
31337
543
29374
15182
15685
25502
28233
3541
1657
5345
17952
3244
6946
13986
2023
32632
4762
30691
1896
2156
28061
24706
20184
25463
10410
10765
25691
9659
19884
6871
2251
4418
18650
5964
21429
20716
1244
23937
20645
12460
4655
7952
420
9716
24010
27938
27390
15470
15106
10957
3145
15085
17579
31137
27298
5283
22912
21629
4154
31380
14277
19623
9490
8522
31786
7452
1282
3787
2035
2085
30464
1224
4694
13099
27039
23319
26916
29900
22742
24164
9388
18735
16643
1827
21213
24724
17199
7368
23978
31791
24212
6459
12467
3382
25436
24710
25121
19001
684
8401
25297
11954
8161
28305
31158
6365
18202
28924
3704
31177
27894
12992
1889
19375
23455
27380
15994
17028
28935
21071
20977
27338
4721
22680
21438
10923
31028
20061
7302
22856
15547
22248
17856
24655
15825
13935
3862
7115
22299
20619
13070
27713
30438
27371
28393
12024
1572
2122
16844
4248
16560
28574
10013
28151
25306
13203
20528
14127
20511
20023
8483
2292
5944
9463
29958
28708
30551
2250
27967
2976
19117
1708
20525
91
31279
7246
15116
29616
24218
9484
11033
32761
12980
4895
8694
22365
31445
18708
26959
2281
1447
10108
14782
7138
27178
8934
18668
30042
9979
30218
762
15362
18133
17479
29471
11839
11864
16464
8082
7808
30473
11042
23722
2510
31643
16185
23363
31909
31085
23555
30309
14850
27475
1429
1056
22717
409
3229
11706
19225
23365
29335
4877
1178
25757
24132
15658
12822
32489
13400
9282
14351
21882
10355
19655
27456
1003
23123
16334
14198
29095
21320
25272
10401
1707
30696
29201
2603
7566
16899
9144
4232
22206
22234
13376
16655
12556
19851
25495
3080
2923
14800
9445
19718
29684
20201
1463
9591
26670
11991
4189
25977
27277
14795
11664
30447
4408
29150
18777
32468
29199
18178
16174
10448
4077
24377
20829
20745
11562
12037
12206
60
10085
30239
20803
28172
16512
29803
9668
32154
30955
27436
25017
26709
24358
15989
27191
2836
30849
19168
9151
2402
10023
17281
10339
15128
12634
11293
10538
6194
19968
17304
32438
5851
23135
29357
11556
12234
7461
4834
24372
31953
15019
8634
7338
9651
15994
13356
16372
3895
24079
15956
28428
122
22747
873
7072
12937
6542
16879
20081
32303
31893
28717
16889
7180
24545
7394
4176
10983
24555
18484
30800
28742
26101
18665
32248
1851
27538
4569
27150
29056
5992
27555
27912
16070
5941
30368
26925
15947
23312
2325
10232
28331
5618
15789
32445
8184
10100
17958
9870
31756
21210
22090
19296
26910
26449
15137
5738
31380
15733
29285
14286
25624
11798
22070
13179
8942
26172
12559
30034
20869
15464
19961
28808
22860
27421
22782
20043
30406
21663
9185
28584
17377
13307
8972
18092
15492
24391
14026
19145
29031
32555
5302
3196
23847
24481
25972
11309
3994
15864
27294
14423
9056
14367
16641
14056
12730
16672
4874
24043
14495
16107
20347
16228
9997
13653
14434
27771
926
8800
24140
21469
24923
28605
23478
24416
5844
7567
25796
5350
27505
2674
32566
16003
12035
31932
30359
24034
28574
20739
24759
28388
16811
29151
18012
15755
20025
31984
17461
21271
7060
14627
14351
15982
17433
16946
20043
15297
3912
3434
912
32621
8475
11185
28349
10271
13206
27847
26402
7228
3744
18380
23279
22144
12817
11523
27116
26085
26124
9429
6251
9414
9615
24601
11900
27460
5960
7570
5983
16617
2219
2233
21823
20875
8001
30141
23837
10611
13379
7881
28426
31935
3687
18053
16025
32261
28154
25567
32660
2105
7983
15115
10990
8145
1719
1992
4089
3878
23697
7398
1497
8734
2340
7429
20793
17672
22667
12447
4668
2759
30768
23881
20150
24115
29340
25141
27805
25276
7565
15868
12474
18513
11849
16794
5540
5760
26675
21690
3823
13022
6556
20277
3233
9897
23259
3029
21221
26540
17312
6238
31236
10339
2693
9935
10896
29536
17126
9189
27107
5613
11507
5857
2760
7667
19459
11915
5751
28442
14124
8055
16839
13106
22544
14215
17055
10706
3065
19121
6573
6974
23337
23810
9307
29326
14955
11747
2815
17165
2798
2204
24402
15584
19539
32278
32548
21736
13573
27621
3918
9193
9417
29829
8935
16619
9622
19684
25275
6880
28326
801
18680
5512
7629
8852
17707
28050
6922
22798
23659
10244
23132
354
6612
4316
28630
14116
25400
3319
10742
22448
1552
17203
9779
5230
4281
24785
5077
31317
19421
32029
6409
4782
26671
24656
3637
283
13403
12725
905
17111
28476
20747
17623
29503
2640
24363
20388
14738
28778
14826
28543
17397
9383
28481
29841
29626
19875
27563
14454
7905
237
26575
25931
2783
25272
22879
13064
1183
28115
27456
3856
14791
30683
16619
25095
14140
17839
2323
26596
12520
17444
9096
20039
30395
14586
24155
3340
15087
15
3651
11552
3473
10451
1599
29075
12605
2044
12925
5871
11561
4475
23163
7369
16484
3758
20076
19861
6752
1239
989
30911
31919
24525
26008
4855
10762
13553
23240
12492
18071
12900
18783
3964
3436
3703
6069
8202
32591
2915
29041
18578
28351
25403
21421
20442
3385
12318
9301
10025
23988
9393
22736
1628
12398
10444
28643
3638
3050
11892
17106
25848
10041
21258
29128
305
22906
8385
28536
5848
8861
1110
28677
23192
12652
19195
16159
3947
2763
15508
16752
4714
13886
9765
9526
22756
5037
26763
1585
5293
15972
24427
2239
29368
8542
13417
12358
10216
8387
29338
29906
16420
31919
28219
23551
25514
20789
21667
6426
1701
22436
30838
30851
14081
19720
11804
6741
31870
8692
19569
16457
32515
22399
9662
13016
26422
11661
3305
416
11593
1616
15080
8969
18966
8974
10363
14120
32367
7716
12315
29156
9391
17995
3117
28759
16533
16154
1404
32119
16723
2764
26086
2549
10721
24900
854
23397
5015
30798
30450
13984
16123
8488
21653
2406
9944
24385
30335
22344
18832
23616
12619
28101
7346
23880
1058
9140
24271
7546
6447
10210
15242
12732
10834
8955
30191
22969
7705
12462
3334
25129
28908
29708
3751
31827
16007
19249
3215
11984
32686
26151
26548
17297
20507
17671
26070
22308
20668
24929
17751
27954
31259
1758
17228
11853
29470
7972
18388
13032
16368
29946
11433
32679
23871
12973
20980
5850
7080
8114
30054
17220
20335
24972
32644
32
10356
17393
15170
8806
18018
19496
11220
10058
23850
7093
29889
19461
32176
26168
2105
21209
22211
32403
4008
6479
595
16203
17035
25540
13022
21041
8067
547
21804
6977
15271
12788
31292
19146
7199
24982
7550
23247
19951
14536
6979
31661
12304
2671
27505
13311
9157
5011
29819
14271
5932
11178
2704
15022
7699
18969
28435
16885
3342
1272
25676
14604
19142
27925
10589
19931
19348
27452
29303
22559
27471
694
12621
20496
6498
7440
16841
6209
2849
17182
20222
7879
26717
26430
1119
6557
9781
9441
24366
25159
1072
6472
13367
13494
24457
14732
15805
21868
20682
18913
17845
25312
18332
23067
16434
22052
6366
27506
27169
30405
13044
9090
16438
17907
27746
12438
25126
9441
8345
17189
13847
14959
3856
16541
24660
23559
12439
4960
25414
32196
30441
15372
31648
28122
10880
2048
3289
24370
23213
4380
12767
1876
5095
27335
17930
21386
20580
8247
31310
31042
22246
26605
19126
26037
31704
12414
26637
20678
30873
27289
27102
30509
19736
13382
23712
16340
24481
18796
42
20609
20214
23958
19053
21942
10914
17142
609
470
1418
683
1856
1928
5829
19007
6131
4960
23725
21108
11977
2237
30262
9024
17775
1517
9855
22806
5405
29592
13991
20327
9997
9051
10722
21609
18737
16819
30668
18967
15141
7965
16637
22649
10083
5243
12765
5413
15542
1722
1977
17414
31729
19890
27671
5468
3552
589
6727
1284
13695
30700
827
16122
12906
25862
25497
11548
10133
32530
13
4656
23101
3496
31716
22057
23838
14563
32215
26534
31719
5897
5924
22204
31467
15726
8420
3317
32537
22677
920
18072
12846
3993
7429
12587
30505
14027
14402
21303
17151
5533
19471
8523
28049
17343
29544
25667
3803
24967
21594
21706
15470
12182
26902
4126
15136
18873
24388
18964
30978
2317
409
24667
25490
20839
24492
13060
28210
19954
10245
26178
23769
24858
26743
29039
9993
19369
10417
8016
1793
20272
4879
25498
2355
20393
8118
10677
12280
14426
30175
191
32643
10237
30579
18644
1555
10269
10969
17805
13421
29635
30475
14790
6794
4434
26096
28837
23693
17328
24806
22488
29688
5798
7069
3869
4382
2698
8492
4360
12508
8987
14174
22785
14980
23980
3149
10892
14874
21125
25139
24013
2755
1414
11644
21835
1402
10765
22816
244
2053
24090
9519
4705
26663
8369
21422
18012
10008
1920
6049
26527
31026
30658
31337
28383
30189
26211
11088
25609
1037
25445
28003
25804
22042
29826
6016
29783
2833
787
23215
30820
18265
24880
17077
1909
23032
10777
9447
27741
16903
468
28989
771
10339
30744
6567
21091
8614
4714
932
2005
19542
16774
14352
14226
8028
17920
17725
1652
31927
18475
1862
8445
23665
10042
19104
9115
9170
17317
31986
22570
31957
18639
24615
27835
16856
14821
29633
1940
20887
17929
2160
23672
24411
10160
12771
10024
4975
4936
2782
12073
4052
31007
32653
14536
11573
7808
4632
1884
1053
21023
19831
21707
5736
16310
23176
25167
11512
9969
27486
1658
15785
31112
28892
23672
28038
9386
20099
30869
829
2466
137
17918
24016
27061
26667
29132
17294
18761
12868
1854
7490
3661
3101
8518
29098
24020
6791
21832
13610
32003
26407
15134
16834
14638
14354
13919
2878
6974
1434
25825
25516
27222
615
22140
25619
16822
27081
29201
19810
15839
2124
11211
30119
1271
12941
28837
5505
11888
7757
27437
2520
19941
20932
1415
24011
9540
7479
19636
12522
16946
21197
6421
19878
2731
12447
8234
1029
31977
12558
21408
7323
9864
13657
12683
30645
5863
15983
27120
11479
20689
10241
32134
15977
32605
6620
14781
13741
29202
9078
13824
15092
9295
13766
13879
32274
21482
28505
5777
783
27416
28323
9344
10015
16781
7827
2309
29140
30948
12650
10285
1683
30784
15820
6620
19013
19252
12823
8137
4430
26592
4597
15562
27075
8285
12845
20818
21975
17244
26303
24887
2711
12297
22319
26297
1752
24886
27937
22209
5741
13237
4390
14950
5533
27653
10710
437
2260
16178
4383
29618
23704
25334
29660
24474
25023
26916
20393
29547
23007
27206
758
23462
10247
17285
9051
4180
31148
27594
3627
29511
31718
9251
26444
9122
28893
1896
31302
10908
14717
15646
12697
25984
10098
21403
6228
20728
11088
1387
6627
6540
13073
28147
29737
5478
19653
29012
4047
2904
24965
23443
13019
27424
7337
31478
16772
23274
21307
14769
324
15894
32683
31425
4656
6460
9667
15897
4741
30573
13022
20476
8323
13500
11861
1962
11902
20989
20027
22846
23858
13773
17482
16087
20567
32467
22300
15606
12661
19269
7071
1575
21754
6573
25283
484
13706
9965
12149
15030
14742
28032
18641
30621
30512
10756
15507
1202
27165
2293
26063
28427
20524
25020
19427
14303
8135
8936
28073
17130
19656
21435
19697
1043
20366
20200
20014
12365
8783
6811
16495
30139
10415
442
8593
32535
13714
21098
29363
18004
9007
26070
12523
31362
12647
21804
17975
31987
7764
32743
1719
14748
11556
18260
3609
24253
3880
9039
4436
14277
25384
29774
30873
12144
16122
13986
21894
15666
30546
31481
2462
16856
6620
18470
12534
5997
19848
18981
9520
22618
3366
29273
11437
8658
28722
27929
10751
21869
30193
4203
24477
7699
1725
10255
7131
15388
8092
17088
24857
23733
23576
25782
24122
134
21067
17263
19288
13714
30010
28335
32437
10334
29028
2758
19957
20565
14234
17
3979
15211
10768
17347
20594
15617
8117
7653
4637
1032
12736
4252
9392
23658
1931
17579
29040
8101
5285
7992
18808
6329
32035
25811
3247
24389
5174
3508
15606
28141
10499
12100
20902
30718
5550
7904
24377
16981
17592
12761
26439
893
8332
16063
25781
3863
8532
17375
26665
20607
27921
22282
22720
22700
15851
17048
11524
856
709
29613
12312
30561
28181
7611
10038
1648
26355
14152
27484
12248
4208
13298
19265
19137
23336
8112
18830
7045
21787
32602
2891
22618
11192
6764
2711
24882
5179
4615
24989
11999
3641
26936
16835
15739
13433
25213
27428
30215
4102
22149
14401
23378
8578
26680
4595
32284
5309
14839
24485
31868
21127
2085
18367
4223
25794
19686
21605
29202
24763
20774
20578
4130
19386
20190
28767
25857
11735
2194
7257
27148
18192
31263
27986
28299
6809
1715
13126
21976
17523
18461
5984
196
19776
25415
11886
26166
28758
1536
3987
7957
2066
29183
17211
26984
5230
14629
7764
26300
4054
3843
23996
6598
1592
21404
5621
26442
8795
15212
19232
7740
9585
14505
17705
19236
31983
2504
29759
23239
27292
4419
31111
20483
29416
23194
10257
4347
1408
28824
4619
3956
5151
26839
30260
20607
2983
18566
8596
5977
25456
9834
6507
14223
14048
11811
8551
21093
7484
26801
29209
889
13245
28214
13226
16548
3559
25853
4298
28961
22
29116
30186
32753
30810
32022
20651
28029
22916
29284
25494
9342
3201
23477
525
5658
15335
32531
18561
24911
28110
24841
9446
2453
28641
20578
17252
191
18869
24370
13136
2083
10585
27931
22618
11514
32302
9929
31752
25610
13816
7871
4963
2178
20534
25430
3312
16933
15279
13826
15073
5802
12878
18392
11661
10851
1839
8013
4638
29726
6906
2881
27017
26697
27248
18236
11204
24409
27459
13559
11059
15212
11051
20254
19555
4396
25910
14676
26106
22519
352
4472
23790
25918
12899
26150
20726
14123
9680
30337
27966
21127
31327
7984
12639
14298
28803
6311
18062
13268
2370
27304
13587
3819
1860
14601
3582
24646
1578
19895
23829
2010
7201
1019
30480
5075
14774
30972
30729
5429
15340
9606
1582
10179
25739
17673
11449
12576
11452
11749
25378
6964
9683
32484
5266
3537
23660
17928
15260
27542
29113
1160
26152
5652
24346
13333
13743
15664
6126
12641
12206
15816
32170
12258
29268
21402
23080
6868
8574
8801
21569
1917
8166
23104
4765
7348
26775
31588
202
5028
7333
31974
27276
13774
6426
23278
24948
31821
10547
20510
8372
13406
10445
15918
25394
19743
11034
2515
24539
12951
31128
28134
24634
23031
32580
2498
9545
25375
29707
12014
3719
29540
23681
12796
14154
11665
12757
17072
32343
27435
17925
3941
11184
6906
14414
14253
10413
26820
3559
21048
32334
4700
17134
2551
3536
3548
26531
5760
14206
25902
7636
5045
25546
27345
2712
31904
8860
11225
4160
19874
21738
17208
25739
4557
5257
29245
22297
24462
20035
8794
23586
2191
16937
13354
12136
219
24106
16306
9066
16708
9957
10728
28891
10498
8892
13169
6738
8860
31530
25775
14403
4108
18518
31483
16686
16926
15080
15151
8726
32537
6171
19816
15157
23713
15379
1546
5358
28892
5746
16388
24835
7892
21798
11349
7176
540
12676
15055
25368
15799
5019
26
20934
12853
32706
15613
31830
24351
628
27353
23086
29589
3678
29046
13447
21046
181
27138
28008
3136
16333
4951
13013
6136
10216
23421
29252
17997
14924
8816
8272
15288
17048
6691
10417
28774
26199
26564
6764
31641
21206
27202
25671
11852
32051
18957
13696
16662
10423
13853
22206
6480
10085
29237
3912
27002
2259
6761
27253
12507
11065
16350
29028
24168
25288
17105
11500
6887
11069
3546
982
32340
6069
5746
18762
13444
29891
18100
3976
21768
20672
13408
4825
29268
24162
18725
20676
9249
26000
16416
8068
4367
13941
7328
22970
15247
21204
32300
29280
5632
16795
30151
1278
8728
16570
16498
13856
8070
18741
2803
30727
3541
6520
8917
1951
1428
14828
14512
13745
11444
12231
6058
20570
18993
21032
30270
16572
15605
30051
17468
12531
23033
24729
6673
20042
30125
16781
11593
31663
7322
4786
28242
2149
16197
10121
13187
16121
21847
21289
5468
24695
15356
23839
24592
24541
21385
14457
15936
29136
8289
12574
266
17550
29465
865
10562
29732
23514
4565
5631
3809
27911
11618
31834
15882
4384
9112
3186
26319
30695
1860
26548
22398
24257
26433
19545
21751
14430
26513
6703
7264
30620
28844
5277
11546
425
26904
1505
28403
2920
11578
10141
2205
26135
14700
29842
31327
32558
14928
18347
20746
6026
30563
27709
1327
30154
19413
909
23183
6138
8600
25491
21459
10351
8887
21245
3709
14833
5353
18039
6943
3872
4966
810
9674
28944
6905
19074
714
22839
7254
29493
29584
29321
2223
4993
14320
13793
3202
8373
16269
9635
27829
10226
3985
27807
14820
1075
12449
25657
19962
13707
14608
17863
18430
15790
18258
2875
31280
9651
180
17154
32341
4376
26699
23340
25679
519
8746
10188
12016
13015
30424
10402
4880
10454
11010
20983
11485
25670
32620
23753
8051
20901
27949
25128
21165
24626
29212
17888
17210
25004
390
13400
6387
5981
27938
14266
30571
4183
23110
10324
15560
15614
5978
31807
8914
23494
25998
14910
30282
9022
2760
5096
22653
19790
16352
27402
16153
26556
20240
17991
9790
3573
30374
30977
10456
28683
25596
637
29485
19194
23210
26689
17330
13871
23546
4033
28195
27211
25245
23355
5330
25892
1692
3552
3136
3852
7569
15156
7402
17751
11030
17847
5989
28183
13694
12485
28333
31018
21187
18875
19643
29303
448
27739
21845
2420
9120
26226
2858
12780
10647
16055
2846
16895
19152
25335
4579
12650
22182
367
32713
24072
30486
4474
20183
31129
30580
20332
12058
1219
25438
12221
15677
31574
4591
3434
1882
5588
28980
6040
21520
17457
9700
17018
24534
17879
21323
16246
1166
749
8072
16515
32606
2777
18424
2774
18619
23555
23026
7357
12998
22748
25525
27339
16860
3616
12702
30773
29544
11864
27551
20092
26364
26274
9964
6220
7585
28852
16375
25509
17259
1567
4255
20280
14160
6353
22180
10004
17721
29918
24159
13441
18010
12160
17840
17708
7103
1884
27447
11653
14120
6662
24007
19046
9751
4808
24599
17909
21287
13983
21691
9163
29087
29063
9811
22614
18247
18680
3
28539
18555
22449
27171
1664
14973
14004
7991
7466
20496
30610
11553
546
29762
5096
13973
24221
14217
30250
26830
9532
4881
32671
31103
26673
30293
12205
16653
23204
21229
20567
17659
341
6822
19460
18086
22146
25560
4226
10802
25867
10228
9034
18884
7892
20573
19206
2289
29291
1401
29264
15479
25579
29703
10173
14891
11552
31923
24346
9523
10475
487
22517
19061
3560
18405
19808
8527
15439
6931
21233
17545
8984
12437
781
30600
99
29985
25190
3012
278
15887
7363
14972
968
4272
32512
18088
734
29665
21077
31535
27123
32736
31963
22874
23166
8286
2891
2952
9134
15573
2057
28708
29081
15131
17250
20693
30614
4152
28946
6644
6631
21365
16138
9795
23196
1973
18800
29404
3507
3848
4070
20327
6276
31870
20495
24208
16477
14393
26959
31417
19561
10694
11731
21227
32470
23726
17618
21523
10550
21319
530
12907
24614
31696
22189
10038
4654
31677
16149
14000
1513
17744
21078
4677
870
11113
22171
27393
11469
26527
32500
18504
19014
18063
13910
14023
3350
28276
7140
25514
3595
29689
5228
30735
2843
12619
5429
18619
10312
4977
3064
11788
14279
20960
2092
6191
19808
17482
2438
13203
8472
19128
6081
12702
1294
31704
1947
2462
29347
3480
4384
17922
29405
11251
6954
12746
26126
12811
24617
31292
28336
31097
20512
6361
916
13281
21488
6543
27964
713
21977
4400
12933
16811
13118
22563
14472
13896
31656
23898
6595
6976
8462
9603
30836
14560
32084
19075
20550
59
20753
3872
2863
23676
8085
23293
23961
11898
3115
13004
11712
9869
7323
191
2651
28833
1267
16703
29822
26248
24711
26593
191
15509
31799
4246
5016
23654
5616
20770
15628
25089
13686
16079
30605
28451
608
31842
19998
18644
15204
25678
11701
29503
13012
9000
26083
16321
29801
22107
7350
320
30784
797
14815
23230
1826
31137
3344
23597
13320
30862
13224
24965
3806
9393
402
26645
29832
10478
29034
19990
8227
4733
24546
12422
24973
15699
5733
23348
7463
25821
26874
32535
30937
11508
27498
8931
23127
14094
421
478
6819
6065
20322
19696
4820
16430
19206
506
26133
12427
30663
19817
11504
1473
2833
10763
26061
14376
296
13089
20149
7727
25872
23733
3164
1872
20394
1582
16991
835
25119
6945
202
10610
16257
13930
10973
29870
18864
31612
15120
1824
9595
6645
2132
27266
18952
12150
28828
8335
8054
31665
3228
6071
28864
6851
20688
22552
13541
14789
16321
31914
29510
31133
4484
19641
18255
29722
29827
2457
18265
5953
19328
17557
21199
19169
3286
20776
2960
5230
9986
10096
32405
11531
3683
19167
16340
15849
22590
2356
32100
14032
1797
9641
19937
29435
27609
17518
15890
8233
16717
10839
25033
7153
25453
9426
27659
15190
18687
11803
4721
12443
8712
8627
16334
857
16274
5390
23058
20174
10413
10379
8047
14968
180
25770
24250
24802
8913
30586
3859
6335
5827
26192
2760
21557
17119
1982
29047
2683
32597
22979
30067
24486
28341
2112
6249
32448
16306
14251
6980
23067
15397
26631
9549
17892
18773
1044
26263
8443
15733
28867
14746
2
11886
12524
2078
3765
7647
28995
30555
7033
9826
4233
8030
311
3602
30719
20910
25450
25162
22560
13104
28791
175
7567
11592
7742
12656
12879
31297
5358
14028
24370
20719
15389
30165
24980
29586
7704
7284
2376
9726
5495
26798
29395
20217
30965
29989
12760
18661
14719
12002
32724
9631
9867
22609
17164
27046
19627
15757
451
640
8802
32222
5551
31833
30518
3713
13230
15086
22790
23207
7094
14761
25502
9407
1290
5901
11913
3320
6836
28501
19750
24834
7215
19032
5375
6421
30308
8368
7765
9781
26840
15387
13056
30132
2851
30497
8054
19960
18084
8184
6697
26751
6259
676
13590
27935
12183
24162
3482
12947
15225
19015
11912
26675
32409
19749
22650
3331
31104
11438
9316
22511
16886
14300
13423
30037
23156
4240
26372
15812
7644
14457
16422
18948
4968
25911
32006
2134
16096
24512
1489
14076
16657
29443
12749
26620
23674
11724
4516
29218
12872
31720
13312
29508
19333
23177
6231
18377
17036
11244
17417
7020
8384
28216
11688
30526
17533
22954
29334
28906
25423
10735
2774
24381
31842
5841
28444
14310
20282
16406
25894
31354
10916
4261
26191
19643
10221
23787
21602
11289
9809
16509
28844
22649
6838
32511
18773
23606
1947
27716
4336
21861
12619
8118
5200
25694
25174
30457
17053
25464
21569
11211
31656
19475
4221
303
6268
27868
23958
19402
25142
21836
3245
22925
27414
6770
15144
31892
32213
22771
23720
15694
5945
6223
8507
30687
7656
29541
3028
26818
19578
10810
19704
27827
465
246
13753
30668
27565
4143
22248
2030
16251
27242
8327
5730
30062
15071
5501
19648
14801
16765
26509
272
2204
20526
3977
15664
10053
11612
13763
21878
28888
32692
32453
21141
10314
10026
4162
12997
17675
10045
25164
17950
28122
1660
12486
10821
5597
18249
8477
10571
28657
24029
28723
32722
11327
18316
15516
20082
13328
10058
16653
14939
22498
2927
4881
315
9146
16567
14846
1122
19901
22157
12840
3876
29434
14473
12372
23678
5771
311
14704
8189
5852
27162
25217
5596
3402
31984
19676
24172
19440
27192
12953
10425
28093
10482
5957
28779
11466
17318
28887
21226
29419
30375
23781
16326
22661
921
13848
2133
1439
24113
7646
4766
10555
5692
20062
13173
31462
8931
18609
29672
31374
29485
13135
17882
25236
26565
31943
27630
34
6654
5812
6311
26047
5140
23788
2253
11296
24245
31994
7442
13633
1983
29135
14069
9653
1612
26548
23783
2107
8172
7299
27052
20369
13105
4119
19205
10893
2929
6401
5004
24169
8647
12668
25567
7007
28507
4260
28416
32629
13539
25570
7676
15259
23402
15531
5835
3827
21072
1642
10872
3184
3731
6330
28290
24226
3916
14809
1409
32208
2941
9561
23308
3144
11529
27417
22235
19699
32004
14964
19241
26668
25901
28088
8796
29394
27321
27098
4072
27548
1619
9832
18545
8877
15712
29118
1328
16233
24711
17789
22167
22662
4977
16185
2616
21094
461
4466
10211
30628
26008
198
18958
32749
17051
16740
21882
30993
31541
18628
21524
18009
8794
26518
30490
10780
11996
16376
1150
3469
29673
27627
13199
31447
726
26632
15574
32108
23066
5743
8510
23705
1438
28161
27769
25695
5172
10703
30366
12414
1636
3281
26903
11730
6767
3548
2746
17890
6542
32718
5942
26807
2683
2572
9649
26858
27954
1326
25263
24065
25593
4088
8502
252
28062
28812
1840
14122
5376
5599
22800
16193
14800
19818
10424
13486
22169
290
27546
23850
26622
4521
15390
29838
22852
8390
19012
27368
6672
24595
16267
18638
16753
14325
6673
11762
25120
23249
17147
7671
29703
6269
25623
3971
30465
1525
16576
29078
13025
19792
5635
6938
14517
14834
17920
22715
2380
21762
21138
3320
1269
9759
27442
5754
2186
27726
4632
28837
23469
25399
7332
17006
21586
26770
4861
20332
21374
5596
13048
32561
32589
8782
6715
28378
24122
8463
23458
16613
14235
28585
993
8003
23915
26810
20843
9134
17228
12012
9107
6717
1740
9254
25841
21046
19688
24836
29960
28963
6351
16517
21797
31784
32744
21508
7306
2963
24341
21354
30668
23733
30010
23969
14202
13809
1785
7500
12799
20754
28608
9653
31946
16353
17414
7174
16556
32504
26833
189
11649
10961
17532
11610
20754
2850
27831
23130
21818
26733
30159
16745
26952
24530
18224
12244
23205
10537
6440
7485
8375
845
32749
6802
24580
15034
10210
11584
10395
32347
10006
27299
29616
30365
2061
26561
9350
21192
29124
20793
4242
16527
4335
16246
21213
486
9861
6952
28330
5395
24446
9717
1369
8968
23004
31595
9099
10224
31464
7738
27015
2568
31422
26016
4828
4784
18699
24356
8520
32194
12054
30855
11993
4898
21245
1528
11090
32406
65
30855
2256
23000
22917
22748
7085
7402
22419
23081
12709
26794
14752
6493
9271
24486
19153
23707
27214
305
8446
26346
27937
15031
14517
13358
9304
9037
4738
12631
15728
5516
13677
17624
21088
7072
15045
15194
29565
24988
18204
27826
2203
8720
5267
11537
19829
16606
29272
24187
27983
2121
23916
13947
473
15439
5802
3092
31063
30777
23045
16890
10239
2672
6929
8451
2210
17042
27333
14040
28815
26053
27263
3312
15029
15692
28744
19391
11783
29528
16473
7722
8997
12832
32735
26943
11576
14643
17660
11299
18973
23821
26638
7243
24007
9449
31283
20975
31966
31447
1293
6332
19116
8718
30658
14538
28218
26499
25927
19405
25270
16571
30687
29327
10008
19677
15838
32414
4358
27659
13235
25665
18164
24818
12069
2225
9615
12448
4061
16518
5212
13462
22821
4720
3484
4895
6383
4647
23924
4576
16409
26533
23626
30383
20463
22162
10354
27305
242
23040
8970
4990
18136
10328
13346
22288
21971
13204
6689
32061
3350
31151
18531
9208
27286
14682
6439
14751
27661
24305
22185
29064
325
15789
24459
26334
29587
26907
27257
25003
26273
17101
11533
29237
22129
4175
27120
22158
13983
11612
10819
24167
5863
11858
9789
16677
28902
1764
8469
6711
805
2319
15394
32678
23891
20559
1345
26349
466
27922
17527
19468
16502
25709
19671
20184
11913
22542
21670
14997
24594
27250
6334
11206
18006
13144
20272
18500
22432
22645
11565
15758
25662
7785
1063
31072
15564
1522
14899
20615
3509
18783
8626
2035
5110
20040
29744
29710
3877
24445
29836
8780
5298
17212
31833
16643
10350
423
30853
14718
15945
28532
6456
12365
2400
20711
14591
24542
15415
10493
16170
338
7746
2283
371
14217
6827
29638
26848
12415
11343
10884
24042
28892
19210
29731
16350
32198
15924
13864
27524
22778
30827
29003
5375
795
24723
30321
30964
30793
11292
26586
10478
23286
11907
23196
30465
16629
16924
11344
17582
22228
11790
24843
14599
19820
11679
7568
8723
17846
31922
4547
1396
12001
3469
26465
9287
19105
19424
2287
30284
19401
4355
21744
24647
17180
11648
4443
10662
20064
11217
13132
30051
15797
12395
20218
16940
8997
6907
17385
13762
124
19695
31073
14239
1882
14648
16158
7899
8070
8526
9801
30544
10117
9077
26279
8701
9068
32320
9233
21672
19954
11603
10276
15559
16329
17260
25657
18849
8495
9637
20375
25009
6592
3059
30184
1867
29326
27379
18922
12418
7795
10982
4199
22088
7334
20473
30567
32471
27021
30667
11684
18256
29138
20521
3646
12450
15289
27420
13488
13230
15025
5157
3331
24745
297
2759
13378
3521
17572
17990
15661
22787
26640
9903
11569
380
83
14104
17816
23454
1832
25897
27902
25830
12329
20955
19716
15036
5164
8064
30792
30875
9939
24836
11412
16753
10847
3698
1365
30793
5573
8889
12879
27687
8452
18097
1680
31539
27573
11609
29602
28954
29156
1379
17669
9394
17182
9202
12252
6365
12235
19618
2791
9391
24767
15049
17073
26323
3339
20476
24075
2090
16921
3029
9912
4534
29176
12532
19050
22967
15348
15172
2030
19475
9066
2943
15523
4603
10458
27637
26160
23756
31038
21129
27766
22579
10138
1020
18372
1941
9429
31854
22346
4782
27079
16673
31697
17784
1939
32641
19113
18254
4663
7521
27874
19793
6497
7816
32447
19467
9093
876
871
27730
24364
1341
16606
18287
32399
21285
6196
11904
29028
13519
11772
283
28920
13862
30464
22324
4734
16479
32051
577
21414
17465
28903
10651
21874
22915
23104
1576
14662
30687
32489
311
21566
11463
20485
15019
11459
29389
29801
14940
30305
3623
17160
20666
32723
4714
16814
27316
18272
30102
31730
23768
10603
21587
18022
27067
23877
19322
16912
1947
13381
2775
13342
10563
20251
1326
1493
3631
15713
24955
203
24049
15219
4478
6998
4819
641
12663
26948
30654
24290
5423
1228
15706
171
9783
965
27255
14977
30580
19734
11180
8875
12764
25198
17981
19051
15994
29237
12866
32655
20920
17858
8198
19523
15325
24526
27822
10537
8917
24360
18971
5548
2353
31147
7697
2705
18030
9070
23704
31438
21626
13882
24994
22176
5748
11585
3567
17624
31923
18700
11054
1653
10763
12214
23397
14456
32331
23896
6034
26612
10762
30916
403
11365
12196
24694
3395
15426
30079
967
17638
12246
19859
23652
11463
26187
5673
7167
2591
16648
22498
25156
4409
10557
1276
3855
16084
5051
15825
1244
24777
30474
16032
28543
4589
26549
23184
25365
11577
20201
10226
26426
31784
28478
16839
17020
9313
11221
17026
6672
6294
17827
23567
14788
4268
780
12563
6197
19740
30132
21366
27458
10649
21138
3103
24768
17139
4166
20478
20335
13371
16300
1616
29741
12072
21169
1054
3946
29625
17765
24839
30428
27420
23890
2368
28532
27087
29453
12505
25488
23813
31242
3138
18802
26443
15028
29197
19953
12395
29373
18933
5998
27792
20403
27936
13578
24236
30677
23457
3606
23063
5412
27457
26060
1913
5821
21375
18236
28905
7269
15061
28040
6486
16486
10557
31828
8998
13210
1012
7289
18974
24517
30334
20729
13442
1063
27882
6200
24445
82
855
11625
10946
16698
3767
32326
18292
1163
8915
10500
3652
26175
14736
5766
217
27759
24432
1233
31348
1385
2395
5568
21460
11268
30624
13816
32343
9776
18999
28703
23139
4561
10825
73
19716
13262
11505
15283
22742
15716
21317
8372
15910
31681
19344
8944
26196
9678
22498
1999
7803
15436
32203
26414
25940
12322
25443
9300
20568
17141
32141
29479
19493
22010
29565
15775
15395
6920
23416
32124
15719
23538
13531
24116
4312
19475
17247
15152
28816
6186
12187
20023
21637
10345
4299
8747
27240
18632
17359
7667
17613
11167
13175
15288
1421
31348
30205
16468
1896
26897
25555
1799
19183
32474
2975
13676
10914
2654
10117
27564
6741
29484
30628
17650
30168
24040
9699
15391
8918
22174
5869
18622
2558
30037
19578
18490
11105
12520
15569
1870
21019
21521
17290
32702
11062
18631
3993
7749
17355
11722
12936
9422
12906
27260
13572
31975
28604
13554
21659
3698
8807
15947
20164
28317
25138
31040
23840
31509
13930
12029
18175
13687
21380
22063
11302
29448
23555
24671
27856
13477
10397
29054
21234
15101
23449
13761
24771
11005
17275
18863
26748
22156
20707
26744
20828
32121
9139
21640
11760
6833
29552
11868
1937
4534
22251
11668
814
20556
12064
28746
17228
14454
14686
21667
11082
26272
3240
4259
26602
10270
1628
31814
24845
13781
27154
16844
30910
1848
14535
26708
15218
20855
827
27820
25998
1778
15255
23656
25130
27380
19027
10033
10005
3486
27223
6752
4633
17441
4192
15052
11136
28977
24998
28895
29142
12726
32188
15088
4849
16836
8119
22988
13871
11725
23186
11158
15359
9237
29905
10450
5795
31335
10085
14268
8244
15367
17360
18910
4582
21479
1417
30689
141
10013
4770
4004
608
13205
28584
18571
25085
1795
27339
4634
686
8732
16958
12482
23019
7174
2529
7418
8736
6669
5150
22674
10928
28567
25104
11844
26937
31322
24299
3981
12314
3788
27288
1211
11826
2267
30623
25414
7147
21727
16458
15971
14711
1229
22280
17879
602
17837
5647
1801
14889
18766
12869
17500
13969
30776
30049
22203
2714
32738
25421
19830
30509
4389
20175
16460
17621
25329
8553
1993
27330
19775
23166
20434
10003
4166
2485
14462
27733
7154
18595
31015
18502
27538
30628
14785
10207
18897
16905
5739
7314
4327
11641
324
1745
15120
14481
30336
18895
22333
19662
14011
27786
13834
1965
31628
19465
25329
7952
23134
17122
15805
25828
18811
27136
18497
11777
31594
22179
31817
8273
1147
31144
15825
11317
32416
1035
15733
13604
8062
29866
24361
11670
29892
13132
31018
10784
15036
23777
32565
12256
288
9484
28150
16923
4654
28894
2755
29477
20478
3813
19338
31873
31764
12389
31496
8778
7474
2021
27964
26065
30575
12525
22556
19336
19085
17679
9350
14367
19080
