1373593594
507959084
149545098
1333328333
980683993
114648243
1691540446
299592944
155630328
127006125
1602801976
1864176421
18209830
1156060151
843159004
646239709
892746610
173050873
2035039370
2145530496
647222745
436640108
1523280242
1812129454
1223860053
618622007
2101376906
1419242764
1925616230
545956790
851770228
1151726177
1053915874
1001315326
337570862
2034599867
1115963569
2029111309
186709164
1271593898
8633786
1789511140
988286671
26843617
798087643
1831445676
673083326
1690834253
2004496549
560639048
1688881101
504235646
997279157
1064677695
168881453
73655562
1683299703
122774711
1492898327
1461432285
668731502
197184907
465674814
1722647376
1198500233
803245677
1609763596
166980155
684873338
1796472760
1438574053
693507124
1438500252
279377076
720350741
89104247
2110822752
1393434067
1779938500
1967835654
1954073116
1321335953
324587652
803868625
238530000
493469105
877524187
1921829703
616243817
222938866
1235778341
1284975319
420123773
1701453155
860139047
1618624007
357215184
322418995
1785604162
1042088522
