14140
11560
32491
6522
23286
24830
13730
28910
2828
12701
5209
2382
12710
18151
12414
15130
15057
15355
23230
28189
8635
18338
13783
9457
24102
17386
12199
25029
17943
22800
4233
18526
14286
20387
5346
8540
8187
19943
17655
8895
12335
1144
32514
8617
22929
3631
26500
4453
24530
1865
13276
29609
6243
8134
793
7704
10725
11536
14605
30987
24545
32477
4002
7057
26297
31574
21106
26805
990
18041
30865
4607
7748
30908
4269
9021
11027
10483
13146
31618
21152
19827
28583
22384
24987
14456
26101
20659
23178
13252
1289
30414
15221
32649
7519
25882
19427
14473
16065
31243
