19858
7097
205
17453
16038
27675
3343
28268
32026
31344
312
16307
24123
15716
21911
31270
23157
20292
28821
2713
2838
1202
12951
29931
13652
23452
31014
23189
1682
22127
23886
20354
26079
6023
12611
28962
32448
20715
331
29626
26927
23607
7127
6654
4835
3801
25843
19169
19922
7808
30945
14764
10229
10706
25089
21581
28747
14686
26101
27634
3360
19665
11777
19415
1935
18540
20152
12892
28742
22197
29397
24667
393
4717
11623
12984
8826
3267
14129
31290
12183
967
6992
1433
11396
23841
5918
4568
17163
14595
12631
5332
13153
12636
19578
5662
6570
6479
14450
2566
11456
20707
1910
25336
23088
252
10798
19724
25478
21386
5911
18392
24779
31744
296
4745
19531
9224
25014
7730
31644
4212
22933
31331
10715
4728
11648
28670
30521
6423
25018
15942
438
30428
14582
11833
31533
12234
6773
28704
24721
25493
9070
30564
13942
10259
26546
18595
28371
26605
9616
28163
23558
6554
28918
1478
21784
25230
6618
7967
28483
31406
20952
22852
28849
25608
21789
30917
24711
19137
6787
26396
22562
8526
20221
20613
31136
19687
8246
21520
12195
30265
6773
31220
6737
21084
7620
25638
19872
30724
11857
27946
17616
5371
9236
10538
12089
6095
32178
32069
31302
8648
23202
16681
15554
21788
24718
7908
26450
21350
4092
9463
24131
85
19501
16044
24710
23713
6725
1706
24569
3396
23469
10183
12009
25318
1974
16413
9940
30105
10367
31328
11379
10438
7960
20847
13559
11111
29415
12840
12436
18551
12363
28545
32316
7079
6784
15572
19629
32339
13507
8827
3245
16564
26294
8349
22676
855
16389
29767
29964
17614
8010
12991
20245
30629
16430
12053
6988
13464
29905
24058
31340
23810
3693
11221
18197
16793
14646
30996
28876
8537
20356
12480
2116
5310
26675
11605
24795
14646
9290
24528
27496
12502
32732
27913
11828
19020
10796
13635
32326
25877
10516
31234
24036
26096
19368
5661
9302
20370
12310
31763
21229
21403
24785
28322
15172
28617
19694
10134
23238
27499
8142
24800
3952
18713
15357
29671
2520
163
23898
803
8303
5447
9848
25063
26627
23591
7493
11902
13704
1786
23273
21114
27927
18177
29425
23881
16951
7228
21933
27913
19804
9439
12758
6557
6829
256
6516
5633
5642
7826
28159
31706
30798
406
22469
30034
6609
23696
19595
14626
20018
3384
26999
3312
11603
20851
9262
16860
28068
18561
5945
24406
13221
5240
28077
28722
31398
12273
12811
9726
31441
19457
1125
18067
12395
19051
31682
6122
26711
10259
14020
15921
30172
27574
24456
16414
30120
27865
9934
9604
16916
1791
31322
25636
31913
3359
31386
3781
20707
4437
29576
31367
21558
21720
23762
20084
10063
29740
9528
12632
15516
9113
19766
2514
26638
4059
5348
1196
7198
14107
16666
21864
30734
19998
15319
25883
2929
1469
5092
25471
29421
17557
8116
28227
12864
10495
18319
17061
28545
26435
15088
11587
29608
22536
5419
11310
5201
19215
13650
30529
27325
29217
19802
25265
31770
30790
27770
20452
14084
6456
2260
8327
27211
19735
19543
24539
6391
23646
10468
5711
20361
28694
30639
31572
24196
29258
10217
31085
