14140
11560
32491
6522
23286
24830
13730
28910
2828
12701
5209
2382
12710
18151
12414
15130
15057
15355
23230
28189
8635
18338
13783
9457
24102
17386
12199
25029
17943
22800
4233
18526
14286
20387
5346
8540
8187
19943
17655
8895
12335
1144
32514
8617
22929
3631
26500
4453
24530
1865
13276
29609
6243
8134
793
7704
10725
11536
14605
30987
24545
32477
4002
7057
26297
31574
21106
26805
990
18041
30865
4607
7748
30908
4269
9021
11027
10483
13146
31618
21152
19827
28583
22384
24987
14456
26101
20659
23178
13252
1289
30414
15221
32649
7519
25882
19427
14473
16065
31243
1798
27004
5145
5046
30259
19378
12676
30096
3989
31481
2215
15225
27937
8385
30534
32249
28620
23166
9234
3017
8956
24398
7619
23701
29757
10460
28775
8448
4918
9092
9466
5097
3547
10680
24374
28908
31972
20130
3500
13356
21629
15370
24596
1872
11583
10107
30690
32716
6495
8865
1818
4706
23077
19190
20836
24552
2464
7326
17251
16203
3225
27790
5187
10452
24773
19956
9617
26282
6974
26323
5456
11929
11060
30702
13897
2321
13536
7144
25250
10610
6330
425
23730
7046
31468
9732
12820
27215
24326
20630
21754
9220
11251
22513
24516
24406
11308
28922
14034
9719
24107
3471
31894
26717
10531
3693
3053
24260
18926
19537
27823
31602
3143
15454
30340
21054
9273
13247
5626
6483
15319
3725
26581
10034
2350
15859
7847
4598
120
400
26272
21468
30355
20508
15270
6402
18353
13135
26024
6767
22096
6910
3888
10836
30317
27528
10808
21905
6388
19312
5951
15995
19324
29771
17052
5341
24625
2781
11281
20285
21009
17023
3235
2400
14684
20419
3753
11280
25669
28251
19492
16924
26606
32311
1870
7841
15763
31726
20854
14472
16390
22623
5130
24400
7515
29592
12278
11533
4324
16119
10028
22961
31072
19086
1156
21387
8047
16844
30151
16653
16457
7002
19462
20434
12464
68
22065
29920
11299
11865
18917
554
9301
22996
11908
13657
9437
21052
32395
9163
7983
28296
29472
10204
13003
1159
11755
13157
17844
28543
13607
11139
292
27157
30201
12698
1662
16236
16640
32153
28804
6033
29997
11647
29898
25367
19669
11806
14698
10750
260
8478
13050
16858
14101
25670
7867
12080
27775
7671
27923
13860
21746
29433
12350
24145
24227
18811
25408
28153
20708
15700
7454
8286
14583
10639
1101
7023
6436
27431
5739
26791
3593
16655
6189
30003
24114
28021
16793
23891
10217
31816
31349
1794
8527
21240
15103
20441
7852
28029
25822
21041
21252
27802
10329
1416
32491
22883
18887
15910
409
16893
23366
20479
65
5029
16048
22748
6047
22003
971
30134
19409
11104
30400
26466
10855
15111
29391
27252
21181
26536
19776
18013
22665
30706
27805
22486
13488
5122
24606
6786
14430
15399
2917
30158
13909
7400
14955
20765
22149
25672
12731
13090
18397
31816
3806
28812
17506
20142
3350
11753
7038
30213
591
14532
13978
32741
10322
31761
19439
9332
1596
5068
13208
5933
3630
17372
4844
21728
17223
22077
21004
4858
31695
9310
4024
13319
5045
20424
1895
25973
9020
28161
7574
19099
3569
11184
1632
22778
32224
11009
14927
18882
7943
8523
11634
17560
12043
30705
31919
10134
13610
29830
1371
4243
30321
11316
6920
2981
31279
18014
20382
2789
12969
21124
430
2930
7695
13671
9474
3001
29615
29038
31097
14067
12649
20041
9234
27118
7523
9172
24134
29969
4094
19518
12187
16283
6664
362
25974
12331
23347
10645
15664
32389
7365
22330
29805
21139
1170
50
13225
21674
29735
12320
1812
4879
26697
14860
22944
24762
27806
11598
9816
4441
30633
4526
21491
13976
17148
11977
28329
17056
29608
25271
13381
13277
9977
19434
9852
11781
14176
19033
6013
9302
19889
7134
25801
31007
4750
6109
21573
13953
5155
20007
18317
17527
13333
3358
14732
16404
12724
4889
14922
22540
9336
28426
23812
21110
31403
21598
19586
8144
20579
26148
31141
8004
12979
15730
6208
30761
8994
12036
24104
11469
28508
5159
14479
19058
12584
6869
27533
23190
2714
24866
20480
31096
29322
24535
9110
13783
9541
26716
7976
7677
3457
14811
18250
7676
14743
29090
11040
4920
12524
23241
1395
14629
15792
24853
29699
21330
32460
11037
14623
14503
22037
8107
15220
9195
1734
23141
14371
28040
6189
21421
23318
4755
20644
16325
12691
11527
23747
26935
11025
16721
30420
2676
7243
1298
8839
27323
30868
800
20712
16956
13674
16590
141
10622
3149
18541
11796
6142
3794
15634
10445
13849
16627
23450
8115
1579
11689
3308
31393
10489
10685
28030
21442
16716
14554
28187
9546
15071
18664
29155
32611
30843
14229
3475
23146
11617
22068
19462
22876
26088
24523
7164
4235
871
5479
19227
9366
12117
29875
12851
21911
2479
15561
30406
19102
5786
13640
1480
12639
12106
27559
11171
1575
31266
23241
28030
6165
11805
12497
1983
7558
9580
10039
13774
27857
865
8476
10012
11573
29067
986
17765
5135
14371
32224
12338
592
13734
12221
4513
5679
31172
27514
12392
1307
1913
32301
25368
20980
634
14283
18591
13178
19410
9534
27153
16134
20941
12471
10664
11128
5909
7238
8969
16496
13595
2728
24776
17857
23992
2656
2863
1826
8213
22281
29755
16423
29896
17642
9448
1136
21823
2763
20398
30753
25186
24071
19532
27793
24180
5347
196
13639
32314
17182
23463
18722
21856
1225
17298
983
25112
27481
8185
7073
31748
16635
24355
7987
10838
5671
7542
4082
9526
19832
20981
27745
1636
6587
9223
16092
27934
8774
20090
1162
6468
16779
13255
141
16826
4588
1944
20347
10766
15569
12679
20242
15194
16376
19753
11815
9324
7437
27467
14560
17701
10107
30843
13603
26911
25729
27851
25422
5522
12680
10449
30505
28281
9396
9202
7449
30448
23481
20449
24470
12513
11504
21858
222
24543
28330
3668
7403
29522
18628
24814
10147
23509
17531
24649
6992
20444
3714
22046
27471
17306
8018
6610
3852
6178
15810
22703
14638
17868
4055
13173
3854
1498
11741
21777
29806
16219
27574
26284
16232
15184
19571
1255
26788
25614
21537
6757
3022
5091
11237
17291
19527
14076
19532
8067
29211
17542
8668
12935
21300
21268
24559
15708
23757
19521
30145
11804
20777
918
22983
3641
3460
13486
8002
4543
27722
11415
2581
11225
6023
8828
5331
19607
24478
897
7453
11246
27199
13807
10795
17921
19859
6033
424
27806
27577
15198
32451
4620
8822
10839
24451
12548
9000
11187
31834
30205
1788
22586
7678
3501
29537
31983
25972
15564
25277
4337
31341
9499
25950
17059
29654
23461
28339
24587
11947
13380
700
7800
1804
26216
22463
1384
10130
28436
16445
168
25315
21545
28964
23997
19332
11495
30790
14467
32239
5041
30474
6932
20710
25872
30049
21739
24582
28667
24828
19786
9375
31574
3261
21720
4291
17592
17515
14991
24733
23665
18601
10197
5636
716
18217
2025
21072
27281
8989
32385
621
1230
8686
12722
4398
14807
20529
27407
5091
13196
13015
21525
9517
7386
6307
20935
25105
31365
8162
17301
15692
292
17494
10626
7398
3181
2419
30086
30218
7090
5326
3121
23317
30636
19666
14482
12269
25976
20404
5975
30868
2783
22186
15669
30205
26586
22872
7307
1310
2389
1419
28226
29766
22836
24362
8695
17073
12180
7274
6492
32346
2387
4672
13019
13328
2002
17692
26493
9676
7673
29140
11
15170
3708
8926
9587
24758
8029
9667
20588
18449
9907
29904
23645
16436
21673
26895
16763
5772
24265
18550
14898
14054
28795
1117
22471
32133
1224
15414
19003
28530
3428
22648
24434
19732
2796
20956
32149
13056
31340
30924
7348
15634
15396
20760
944
24509
22412
21996
19544
27551
16533
14847
29394
28505
562
30732
29757
27549
29207
18310
16532
3465
20928
18824
981
25395
182
523
2659
16005
9230
29019
17577
14923
26418
25036
11777
5514
14820
15784
6868
22803
12159
365
12802
31577
25472
7733
5508
30336
1862
24694
32336
1206
32022
12011
20348
30406
9314
13778
25767
22762
15179
21080
8085
23009
31076
21074
31001
10306
18361
23597
6456
14864
14864
4904
14987
12942
11630
19392
23781
23125
12253
25708
2870
23971
5485
5771
14511
17654
24185
21403
31015
23514
21291
683
6334
31231
30786
12819
22208
25230
16659
4450
18380
11709
8910
18328
9013
28834
27907
31126
32680
5956
2917
5330
17167
9464
5325
12879
18870
20203
19330
9677
2220
9467
29367
3389
12141
15563
7509
29815
3261
4886
23035
24879
15063
5955
24643
23333
22215
5434
9032
17565
18197
29047
28005
5903
21923
27484
26943
22559
8408
22988
15365
23247
10238
5621
5366
8436
30441
2157
22052
28903
13530
3201
14968
29564
6819
7626
7415
28216
5131
1025
17731
28094
4211
28947
23909
29835
18106
17784
29897
483
28767
28353
13450
1291
16357
5233
10481
4281
5756
1806
17464
25289
15581
9592
32403
5169
9078
11385
14193
1335
28103
9372
15358
23010
19724
25155
5869
6830
28188
19444
3446
19843
32401
23284
28058
6888
3369
2583
4526
21365
18796
9942
15639
27014
26255
14498
13907
13111
9625
29304
16953
2188
19140
25270
25729
4591
550
21805
2438
23264
30608
7031
32075
31976
9655
12170
21436
30414
8337
25742
9783
1038
24322
6636
19019
2183
18360
9384
26048
25716
1364
25328
983
17565
26058
11765
4050
17103
18698
7673
22711
27273
25312
21673
594
30200
21528
16814
1913
22309
24295
5503
12692
24942
14982
22137
10588
10035
18976
19505
1250
24529
15086
13577
30419
27092
19873
31233
763
15720
20224
21712
23561
25361
978
7220
20114
17052
3070
10886
23896
24150
241
4753
29387
20091
21312
5796
19408
4337
11150
5606
32706
310
21169
25578
18870
3224
25872
16003
30468
30372
21839
21978
7939
16864
559
6845
2067
4285
25519
18234
24033
4807
4984
21869
7398
21023
13431
22678
22321
29995
32204
27758
13927
18572
27875
11964
24328
9552
25312
30499
6387
1897
12609
16702
24877
26718
22974
31983
18654
12865
1396
14579
17820
24289
30531
23482
22252
5952
32117
24182
9478
26440
9888
15987
31961
22969
15821
6310
19791
4198
20953
9096
2514
11425
19484
31525
5647
7156
23113
29551
7930
7442
12181
25817
1298
4364
24860
10017
15334
27848
24960
11885
17112
24240
24531
32410
6945
31911
3511
26833
24341
3649
4291
18267
24232
18227
9001
11190
25906
1544
10134
13032
3183
27414
13402
29715
16586
23473
22985
15690
23259
17822
10209
4771
29230
14026
14125
9101
19782
7484
14568
10852
4833
17225
21094
27203
8318
23559
18352
16154
10781
13316
14703
29696
1862
23095
31243
21450
20812
21814
15891
10204
14035
14506
11232
6463
10384
12032
3701
10228
17232
19298
12202
11400
6972
14310
7562
6121
19547
5125
24313
25976
29784
5966
23450
29535
31110
19547
31471
13605
17185
30725
16066
29824
18135
212
23748
5226
3974
27321
7029
2678
8520
15104
30275
613
24237
22656
19702
24564
21319
15381
8779
4857
1900
1360
11743
29102
16695
18284
17743
3405
22224
8836
24734
13533
30189
32004
15831
6731
1177
29022
26611
19900
32565
17406
9468
802
30652
30079
3955
22029
6731
17695
24304
32709
23264
14192
9224
13205
12385
30033
31603
5481
225
5917
31854
32412
8992
12322
26207
1291
6480
11861
20920
30830
26911
25155
26653
18920
13553
17227
26569
4572
31341
17419
30254
10243
6716
19224
1499
443
3341
9202
21411
19106
27101
31799
16124
27492
8565
16662
421
29393
4916
28935
2700
5427
24334
13753
32750
13790
6357
23116
11456
12040
16567
29121
23886
19419
9481
16815
28450
10441
4419
17719
6183
28192
28235
23609
10510
6366
14326
31432
20209
17862
27596
27868
6198
12979
21771
583
16567
27181
23023
14059
2335
19770
11825
11049
7575
28534
3789
157
20387
31078
27401
28424
10054
1290
7859
9613
3949
10417
8618
19489
8587
9233
20640
14653
21632
25495
13085
12245
4799
19964
25287
14734
31664
4121
30690
28972
21587
23292
7955
20809
27431
18491
15465
23373
29514
22664
16285
10906
6881
16518
3481
18439
24762
30684
9016
20880
27952
16007
21837
19020
29263
3188
20966
9887
22329
8014
18130
26800
13000
6805
20832
24861
22901
28144
7018
26606
633
30148
18834
8648
18482
2565
7884
9571
1991
28492
31005
5438
25615
24106
2978
402
28591
5309
31187
9860
17027
9856
14345
23198
32320
32359
21822
16768
1623
18220
4628
5843
28444
11747
26905
9599
26663
13013
27722
16158
9722
31883
7126
18352
3813
24873
6692
10640
12071
6654
24854
17831
14422
21848
23696
13279
4097
6813
3636
26586
12691
13463
7792
3557
26490
5648
32443
13351
8073
27807
283
5150
24219
21953
2283
4173
6010
27179
14555
14894
26879
4959
16952
29806
1914
24446
14702
1369
21843
18269
5067
11668
28402
6874
12933
5898
11741
1905
7935
12328
26400
27914
23624
18253
26866
29973
29156
31356
31637
8153
5072
20309
27006
15369
3008
1859
21174
31897
18347
1014
20352
8399
12681
20500
9788
25245
13404
8235
6283
7982
4717
24555
2996
28095
28888
8082
4167
6320
15434
30119
3328
11483
19210
10475
4333
4900
24630
13965
4307
26705
29776
2205
5071
1821
26361
28867
4921
30855
32251
15153
4557
15984
21901
28118
11789
11365
9683
2004
13281
17082
421
21813
29057
16344
29329
10969
21396
23511
5667
7859
3226
25168
8291
4150
19335
7788
26528
5385
17840
19777
23916
7682
6123
2655
6376
26706
17138
27301
22082
3837
18185
14682
3963
20622
8929
2937
4718
23816
14779
7499
14350
16415
25808
11835
8431
15272
13297
20199
6920
9807
8555
21875
5303
8840
15661
27682
16645
16840
4909
28199
20780
26612
20743
1720
26454
794
28391
18021
9896
27487
24490
8872
1151
32568
3136
5053
16121
20445
7765
17587
7352
29179
24112
2500
23010
18089
10203
4322
26220
20638
15236
146
22937
27041
27939
30973
16061
27712
30557
11076
8007
9669
30120
31509
28158
9318
18865
24188
14219
13756
28667
28667
15416
10615
1992
26332
22263
11343
4668
27078
21926
20286
11456
28559
9873
3820
19109
8785
32569
28523
12809
30912
24660
36
16383
31162
6932
23569
14314
24096
15276
31277
8746
1253
32017
25129
32251
28004
10749
6497
19097
11255
3898
23566
11177
3269
25373
30397
11476
22747
18001
21504
26805
29055
16853
4707
5877
13760
26184
13985
17844
26194
28773
19992
16939
31641
5834
5499
29840
8708
25853
30663
13114
20636
18352
31096
20742
11741
11844
25596
27385
14020
25997
17768
14631
23593
4053
6250
26323
2639
24099
10366
13783
20154
28349
1637
28999
4160
29931
8404
29521
3427
3582
21865
16999
5342
26513
3554
2465
11390
6927
15761
28764
6707
25205
21259
5416
871
2649
29217
12257
5774
17708
2577
7963
29439
17340
7165
25795
17154
14076
17819
22020
15402
7944
25647
616
31205
2916
25526
5696
26193
12420
3684
15429
9553
30354
28753
17023
13793
25963
9072
1638
15782
4587
6080
27720
13001
28778
11206
26090
22534
12422
10554
19570
16128
1571
31233
4484
17624
945
10587
2988
15613
27054
1374
25084
15942
3947
29859
23286
17982
18706
21567
4780
9919
28392
29172
23589
29122
27088
30377
20995
22389
26897
21784
23139
10894
9560
4295
8709
32479
21761
28985
21165
5675
13714
30053
2248
3897
20104
7015
19539
2854
20823
20598
4345
15615
15020
7446
379
6032
6389
24974
6741
3446
7203
13981
22431
6012
21166
18025
31281
29988
14298
12728
10250
23427
30522
21858
27635
1618
2418
1031
22623
24387
3648
2045
20886
12177
1982
396
17170
4059
23265
30046
17449
2610
14662
7985
28653
8817
22574
23759
29777
14540
6343
17728
7309
31404
1453
16446
23235
21947
18864
12777
5346
8506
984
3772
14539
29083
7334
27584
23474
19020
157
24319
26823
8657
25601
17468
8982
27669
29663
14817
32428
7938
6221
27193
5372
25935
11251
29919
14465
29593
19658
3191
27556
13238
10788
7323
16095
14918
29677
3096
23075
14986
20272
28507
13687
27770
29660
16166
17635
6417
22473
26504
7052
16620
2806
17163
18976
4371
10517
22063
31860
6679
1097
24343
6764
32093
27950
3459
28700
1209
15386
30462
8492
22590
32674
7001
27521
18005
29792
3415
32025
21005
10740
5034
24887
31666
31049
22046
18625
30625
12314
27413
12774
18266
5556
22835
13059
26839
11517
24922
27848
4125
22453
9433
26519
7952
16124
31712
24620
20363
9492
4152
18307
17328
1129
4144
31222
28797
8142
3547
29095
5792
26634
24184
30749
15757
23187
3634
6962
25805
15769
15370
26924
24473
23878
29201
14378
3751
11845
19930
31938
27716
31105
3375
29672
7843
29999
21251
9233
1141
28430
14504
31129
28601
27629
32578
610
726
24687
30076
3263
25575
26379
25977
11664
14934
5974
7950
29102
10924
25221
29230
16009
17575
6445
11685
9743
6030
32334
30217
12752
24769
2960
2286
26976
2196
19148
16474
6141
24925
26830
27257
5490
23756
25946
18833
5691
11131
1132
20535
18154
31430
25796
28100
14026
17629
24482
32515
21953
26391
5583
14124
2427
29322
19932
5398
7620
27352
1966
14504
5174
26443
26939
11409
5909
18981
26766
30776
4983
561
22289
3574
16040
2718
12811
27012
2764
7437
23656
29359
20166
18921
9657
30803
9561
27383
17019
22406
18317
9262
6556
8980
26197
26312
2875
24364
18286
10905
5296
9560
10634
20896
30156
17586
13230
27100
15201
12886
29657
16736
21253
24083
12518
170
3092
16230
5043
16177
10740
11944
27523
17981
27549
24198
4513
30203
11352
2482
12359
209
454
10456
28861
28911
31525
17620
21701
11303
26063
14626
16183
27134
15107
31381
28649
20483
6888
13900
30417
10335
30927
23779
25198
26286
23737
28134
11619
28429
24089
6027
12134
21364
15323
32416
5464
31559
13732
17090
9397
26919
2652
4816
20015
4878
16362
26015
21398
155
6206
10991
1275
9130
22421
2206
22805
7976
16376
30748
25828
28710
26118
22559
30355
11563
17140
18072
22435
20431
10194
22245
31302
15493
30224
30792
5641
31929
16704
8344
30646
24347
15901
3894
2169
29242
8909
15427
20545
3412
23651
18448
30569
23404
15784
32470
2968
7326
2843
17576
3046
4528
2102
32165
64
17897
27123
18034
8205
11046
21135
4328
19473
15402
14990
30985
24466
6454
27391
26169
7354
21209
27905
19627
14397
22282
4742
8985
18492
13428
31831
24760
6760
10257
16729
5995
13674
10490
6926
32310
2435
26238
15198
32758
5231
27761
12184
8784
31888
25030
29876
22760
26440
5473
8411
6355
3751
19750
17961
16462
23110
2902
29361
9904
32626
15899
29121
26781
27789
3425
12904
17533
946
15080
30518
6956
26776
18583
13123
26867
26041
22804
14450
19128
11443
32401
6903
25457
30190
27625
28183
13791
17279
15339
15919
18040
19276
17141
27640
6565
19569
7878
19721
25133
21475
30861
13726
29681
13395
11589
20375
20187
13654
20549
25284
22033
15810
15379
29279
1902
32091
9594
21466
18226
22959
25820
8924
5112
8766
27081
13958
14057
20446
3279
31738
17456
21342
13204
23070
32685
14186
31523
669
31214
6574
23684
21551
31067
16191
32655
12827
944
18486
12289
29946
7089
18078
10448
22717
1817
15504
10684
3057
12499
17820
2855
17474
31596
28523
17446
31806
6089
1443
5848
15964
13333
21771
22263
8509
5886
10736
32428
22833
31521
3527
1448
765
16066
2067
11888
3036
15297
26249
15864
23235
23497
20594
20852
7913
15563
10578
18027
26503
31147
1735
26893
26844
27449
15795
23750
4725
30050
19101
29459
23211
13480
6485
25749
25453
8143
28631
8292
23616
29145
114
9637
17795
28725
26410
7007
30968
24884
5722
6794
7040
18108
30366
24169
23590
12608
15855
20250
9311
16111
16912
6764
7568
6956
18986
20208
12241
4671
9139
11603
24049
3402
32403
9194
8890
2686
21642
10383
13174
25998
24524
25772
19378
1124
25839
26517
26177
15380
21511
21275
1924
526
1296
13918
31977
15767
5004
2786
13746
19834
7532
2021
6392
5626
26932
16368
31983
11020
14171
15533
9067
27331
17136
3320
24483
7180
13700
31032
18741
26011
4675
20976
8299
12581
23652
3217
18365
20176
31940
8851
30359
27880
10957
26307
2396
14291
23709
17631
4778
13895
612
8032
4576
13754
4366
16279
29405
23322
8227
3067
15115
11199
7915
30914
1949
8862
25813
26286
16660
9663
8473
25642
10248
28657
28061
1173
7973
17084
2326
16862
22132
29847
31855
7249
15323
12123
12142
27824
21736
29432
12437
7302
26058
12390
13382
14520
2464
4319
3883
4701
8183
15692
12245
25039
13197
14845
23459
8194
15963
10908
13030
2581
28371
4708
16450
807
21095
25742
5976
18540
2378
30988
18081
11136
26490
14714
8349
18171
9982
6738
8238
24901
3948
13407
27710
29100
13999
4724
16040
31667
16135
1885
12886
13485
13905
8214
15527
10123
31369
1595
22035
19187
18317
26304
5649
15762
21028
12514
17976
7346
5182
16733
12453
10511
11902
19936
11678
11750
757
9406
13428
24144
27953
5350
29614
7374
15222
4629
13411
24869
19787
26954
3304
12396
31544
6523
9900
23395
11215
9350
7007
30470
14825
27754
11610
17250
4146
28855
24379
29864
7656
67
11983
4736
2271
13087
30518
24991
16585
16585
15937
2972
22452
1699
28959
30975
17364
21156
21561
4508
28291
17998
10842
22303
13446
26080
22291
3559
15250
10188
94
26648
16654
6251
29569
26347
17947
26096
20789
26185
15570
26779
17672
1689
6860
31535
19456
26838
29928
14245
20097
28900
2120
27682
4464
548
21661
23591
17049
27206
11173
8711
9294
28254
23026
17567
7249
11834
19692
21825
10741
20979
23065
10737
1919
13763
2972
2004
31442
2070
5628
20965
6476
3556
23335
4074
747
317
7863
24999
22708
15910
20339
12881
29269
12707
2585
16453
5897
16149
14683
19706
15804
4038
30503
2356
6256
195
4907
4475
28383
8938
25241
3788
3169
323
15655
20366
17681
8596
19291
27847
22059
29487
2565
20368
9657
8207
9997
10951
9583
29731
7022
15619
23763
20202
9859
28365
24225
21312
3714
8461
11629
18808
19014
16322
21386
26538
30801
27894
12843
29774
18193
22514
19400
30474
12898
5294
3523
27593
14933
1931
23884
11277
30511
14660
27522
646
11957
10018
5338
7395
20135
25456
20421
20456
28811
6703
28301
25025
19115
19979
14464
20118
12897
24973
7761
15199
5010
16529
3515
2810
377
15867
10343
18810
17574
31142
25104
25027
2630
25245
18917
20820
6308
10638
815
20067
11504
14203
12595
5167
26176
31923
23130
18834
25044
11265
1679
13781
27806
13859
7401
14281
28161
6525
17546
13075
28634
23055
19655
26568
26557
13733
24713
26682
9601
26701
2290
8465
2814
5390
17220
10141
28949
9943
11775
17002
24049
15798
4426
24597
28813
31818
18068
28767
9590
18811
17275
21376
22739
23144
19437
21438
10658
6305
3981
23869
8772
14487
13912
26649
19004
5201
8328
18610
1332
7776
23992
23111
25408
276
8010
14279
18023
15856
10758
30435
352
24924
2819
6504
21401
7834
5067
10444
26238
26619
25018
12294
12279
22355
29863
1955
24114
31402
6343
10263
12452
22836
10189
30289
25162
17540
25942
16018
2357
18940
31365
20862
3909
22664
21738
30580
10293
28300
27817
11803
26839
25626
13784
25661
25505
9577
16680
10201
28265
29058
20424
31347
30061
28989
24198
16303
32662
14956
27704
31262
18430
4950
32602
19032
4271
2663
12024
25675
4782
13861
13007
28370
12088
12646
16047
394
17995
10176
11555
13537
22120
1602
15700
30831
18840
9313
26667
9098
5037
31029
4278
29716
1482
12518
5069
28568
31525
13921
31477
23189
17164
1359
22148
14874
27686
22599
774
5011
21756
1858
24032
24291
9655
10832
11571
24243
5931
21642
16131
21257
11029
31560
921
14876
14753
23956
10021
4967
30768
32734
28328
22780
23895
4081
23569
8987
1579
17701
23974
10755
188
4310
3238
6664
8159
13078
16173
28134
15409
1951
29015
17237
1624
7947
18856
24029
20108
30792
15532
19436
25943
28230
5082
25126
31128
11762
23486
252
6094
18536
32088
22656
11923
13668
1727
7799
15463
23034
26377
27312
2735
26504
8559
11669
6653
9960
15277
29952
9106
1002
27560
29520
21538
27905
18515
31931
9175
23356
467
28390
28568
5752
25826
14002
14218
2517
11633
26713
9943
15462
27793
7611
18607
16941
1427
3826
3725
14662
1646
6444
3004
10082
24418
10170
2585
19319
15835
13156
23578
14262
3736
19456
4111
18366
27404
24643
26792
18191
30213
14294
16056
23489
27531
21420
12344
2422
26635
10388
16527
24717
10933
26634
19985
11672
22306
19283
197
15632
31290
5321
5739
1864
22101
15219
12221
22688
15008
29912
758
18939
27075
4373
6033
7539
21440
23854
28499
21323
10014
32674
16523
2852
32072
834
9625
1396
9776
1090
26029
22837
22327
13201
15057
12762
16721
9318
14634
10631
21092
6172
15226
4993
9714
15423
30954
19172
26872
3815
10247
22932
13590
23876
21258
2933
9967
4219
16732
16863
13267
15536
6745
6988
668
9828
9557
17236
19413
12802
19164
32476
1314
29108
15166
18570
23515
17787
24139
4476
17147
16767
28764
31289
6201
20132
28819
6119
9332
14685
17507
6591
31572
8901
13394
25279
32303
2028
9725
27550
1577
21358
14173
261
31136
11595
8010
12796
20679
31986
30525
675
19856
20895
21082
14114
27344
9447
17838
19170
18078
11154
17845
26622
3067
10408
32031
29428
8121
30414
211
32417
5269
15315
1333
15468
10919
31367
30884
15553
24060
30412
10055
5057
18561
8175
19466
13879
23330
30008
13027
8910
12852
6335
20570
11138
2320
1154
29256
29525
4353
5557
28127
29763
12129
25177
28394
8567
26366
3344
19542
31167
28867
2864
1522
7742
18324
4374
20339
16737
11129
6333
19643
532
24575
13967
25435
1845
10715
12410
17750
28488
20433
2887
6440
26733
8916
551
25350
1168
20847
7311
4968
7648
2659
22086
24261
24450
12946
3517
17053
18054
12827
11422
23485
12058
7367
16039
29119
16893
14756
27321
23504
22071
11759
556
8886
6920
20279
6758
1041
7710
24768
25772
15072
522
16422
14391
12616
30965
17730
651
32657
22415
22865
4612
23666
21577
2387
28338
25230
18116
6066
13671
20286
31625
20772
10509
7825
28666
10450
28221
10385
2697
24506
9486
9160
8999
15186
21803
12547
28671
3950
24617
21590
10853
8035
28183
32608
9
6765
2134
4304
9329
14158
22187
27944
5798
13112
12946
5314
28461
14317
1237
23312
19000
27941
8542
8999
8734
14640
5449
17791
11785
29916
6974
756
6382
5785
10750
10513
9411
6363
20795
19342
3564
8128
22701
14103
17142
8691
21858
336
17543
6352
10582
23061
16789
31689
8515
518
17367
2824
9402
2627
121
11605
11379
16756
8468
25915
29410
29197
6365
8550
4874
21968
23069
27728
2454
25235
32737
16157
19494
21571
16370
31683
27367
6185
14599
21101
28774
32108
28986
5666
29606
20183
6329
17569
4208
14813
25790
17808
14826
9946
5825
9430
7019
26268
1004
19526
31630
22818
12495
125
21893
29091
21845
9485
7344
15315
23798
3035
24174
18017
14127
21445
13876
5828
3119
6792
18396
2615
10708
1505
13375
18434
15573
26611
15365
10492
10817
745
1212
14414
7464
12252
13352
12665
7319
27895
21978
8091
15818
5849
16132
494
18078
20794
25740
6545
21573
25298
22367
17547
23101
2166
23304
2573
3459
901
19073
15351
4100
26498
16201
20894
28756
27394
11958
24524
20898
16329
29069
21001
20460
13872
27088
18713
29807
12234
15063
17094
20066
9542
18338
28384
995
17303
27502
21889
28466
25683
8326
12949
7197
25945
2396
10906
14779
9143
4056
15525
21597
7627
3824
5542
27586
168
14969
10476
14730
9402
14653
12780
15341
15790
9549
830
22701
16780
26265
18152
11337
19238
7101
5087
22900
31670
1310
31947
27845
8131
9782
31755
10416
6980
4396
24825
19893
24840
4264
8815
13015
31061
9189
14986
16976
23504
264
28589
11907
8348
4528
11977
29490
19654
7630
23260
30449
15841
6327
13752
24795
30957
17527
17926
30339
24702
8040
24202
5678
5658
20484
10921
8511
2786
760
25640
27378
884
28537
5686
32589
4881
30171
4525
22100
20987
3168
30357
18301
21281
28238
30442
20835
7422
16708
13982
2494
10687
9421
27874
18835
12964
24630
10914
27048
19112
8861
27214
9019
3172
2379
19680
26867
24369
24644
10267
19479
6029
20763
18960
16894
30400
29707
5607
24007
19903
30532
24028
21066
18256
20611
7816
20557
7535
11493
32610
5372
15856
4861
15493
15507
8807
27428
23988
11614
24389
25104
24219
12003
11843
22953
11351
350
30724
23575
7225
2413
8437
17696
16327
25613
7545
5553
14852
30405
4419
9658
31218
20513
32258
10303
32340
27746
17732
13741
1720
12916
404
20586
21941
15648
31462
6063
26738
17539
14902
7322
18279
15295
107
3455
21608
30448
9345
11136
14815
28002
7399
15965
24409
27649
14374
31373
1860
19472
18628
3469
31222
542
18536
17528
25074
6454
13886
216
15719
28247
13469
28603
2298
16419
10728
14090
1989
26331
26802
3351
19616
18571
8997
28277
26783
23938
11684
26124
25308
22789
21679
7020
23926
19013
18951
7010
3033
18830
27923
3785
24128
1472
29315
21411
1657
17923
12083
11369
14824
13239
2642
31135
21711
170
23235
12714
17101
15758
13251
2790
20644
29866
25805
3060
19263
23759
12474
30289
4083
14478
45
16173
29189
13736
4910
2682
6508
24774
30229
23619
16089
362
15786
29759
26869
29222
20106
1958
3817
18700
13261
19779
17444
25701
18661
4043
20824
12198
15049
14957
24262
13471
9300
5034
5052
19702
18919
6759
20316
2004
14422
14656
24222
6110
19202
17440
21401
23911
23874
29710
25086
24803
11016
21834
25829
20895
9409
23449
29132
23728
14972
4317
7388
28714
25167
4584
21103
16018
24054
19858
27088
5781
958
14857
21825
25337
3746
29801
4931
26325
14771
32397
17681
2557
10941
3876
3694
18881
28711
10247
8864
8663
5659
26314
8893
405
5863
17296
12581
8547
10915
12836
24144
19569
14868
22854
21194
29349
30929
21571
23163
5848
27300
13001
13612
27969
22579
11000
20551
15921
30432
12732
19934
24833
18413
27995
31983
25417
29412
13898
9959
12371
7990
6725
22116
19664
4386
5534
31551
31433
3544
30422
4042
23000
19167
8298
9046
22423
27828
7407
28153
1113
22708
14689
20878
8216
24123
6585
27644
29615
31502
31677
7868
19017
16118
7196
12181
7962
4782
29114
26282
21325
26111
13129
19895
61
2346
23321
29848
14823
13702
7473
24331
21920
2410
926
32694
2307
31565
9483
25708
29998
2092
10642
30636
29230
8493
4562
31594
11959
7297
29762
8466
30744
11662
9412
25291
15983
10318
31358
505
10521
5106
10213
20229
20333
20684
22810
7776
27050
21867
3194
3781
3629
18184
22897
1215
20200
28961
6542
32620
19215
24675
10205
10880
2324
9421
10865
20876
11478
32531
6720
6273
24086
32064
32052
7536
29482
19104
1662
26515
13301
14045
4398
18321
18710
14440
10496
3326
11104
28186
5497
13601
10122
25628
6963
30459
18984
8196
26486
20612
18394
14400
23047
31032
13764
31416
8517
24018
9790
26287
23665
2392
32204
32234
14414
8023
5200
12565
14826
19312
30334
27490
11195
18963
23441
371
24813
28299
9020
1914
17147
19003
28644
21151
23933
22823
12556
10658
23617
22454
12817
26817
12188
9654
279
7388
19202
23200
16963
22999
12757
28445
17195
20544
18043
8138
25226
26161
4019
27960
8249
22392
26665
23864
26970
8438
19528
24917
29910
15173
14927
1697
17419
26782
22695
21173
7102
6649
22132
29171
2391
12149
14954
6926
18509
6139
5089
19405
7135
5150
16940
17163
28933
8262
17959
23555
23718
18958
21008
11978
18955
29930
2968
6685
28052
21005
13369
6749
20393
3978
11209
4568
1012
697
336
26186
24781
20956
1559
6052
19190
24834
5889
13323
27017
1580
4126
19748
22062
18607
7806
21135
7569
12249
25667
30129
9236
25815
8954
31415
17089
11222
24620
6871
12418
30825
14383
23513
2964
8491
21314
215
5945
30373
12506
30785
429
16754
15670
27427
18012
27552
25913
20907
82
22874
7289
12518
16627
13508
2452
26058
16108
12583
19651
8569
29033
2382
5297
31428
27529
15664
30093
14574
3086
21199
13917
15283
21850
7775
2198
9353
407
21931
24042
9510
10037
29365
20578
5954
409
10652
20652
16798
12819
30147
3766
28229
3345
560
20604
13842
18323
28978
11038
9586
6367
18247
21045
7787
9334
32060
29031
7134
16454
32150
17465
14857
27425
4401
24613
10319
1902
32551
25837
26684
11807
25587
1838
32196
11747
983
10552
29899
2716
7291
30237
24555
4371
31190
13064
13425
21226
21073
15056
10152
7891
11818
22477
29019
18688
24087
28651
6037
22491
17709
14076
10155
26870
31231
23379
124
25157
778
24718
4600
17291
12881
7347
13791
11282
25668
2943
1483
26783
9702
27642
21105
7589
1583
23631
8228
25017
5807
26587
19611
23622
24437
15236
16883
15490
18991
29772
23287
7328
18579
15397
23712
9544
14845
10504
10456
1348
21593
4673
3715
4476
5187
20493
23232
8484
30829
6502
3948
31284
3137
29726
25321
25112
1480
27435
27933
9897
31435
32578
9661
13149
28984
1447
6091
1722
20166
26947
28253
7185
27612
503
16033
7528
19888
30256
13086
29112
19372
23227
31804
31577
9237
1243
10759
6842
17390
17049
21296
18773
17946
27996
11604
24802
28098
2745
31361
25291
8182
28556
28663
21473
8343
6472
31275
77
5748
12683
530
15305
6835
28662
6043
29200
22387
20027
9598
7058
31151
17015
4660
27245
31333
29635
29254
17305
760
7429
12235
22626
28884
4621
19244
29724
15440
6877
6443
21010
18136
6471
8740
4031
21579
11454
1682
3905
13218
18534
3284
24074
23251
28525
15410
29657
31220
2974
10523
24040
18852
4659
22192
10855
6311
27371
20871
10282
23760
19805
26536
20127
19236
2188
8668
25090
15164
26811
25128
10196
23019
12163
19348
16265
28449
21026
22320
29569
15119
29206
14937
5689
11916
17387
569
16323
696
22609
2189
32627
29663
31601
9643
21980
9120
7809
17347
2810
26190
32662
14181
13489
32662
954
323
374
4706
30527
23865
6989
18430
10323
17034
14067
29305
4052
14701
9052
11855
31845
10696
28000
18244
29633
1851
27569
25747
15951
32352
18192
16456
20727
1873
21184
28139
2357
363
18747
29790
28523
15442
16677
16136
29564
4661
28286
10804
22422
30548
1051
11955
15695
8895
18775
28873
2292
13408
14342
13895
3869
31803
13994
2036
16517
18165
17130
561
18457
21395
8255
6365
20303
22149
24305
21111
23737
11747
20290
16002
218
10998
13544
11054
17720
5370
20161
24116
4530
18722
1731
21762
31764
7133
24114
20504
13801
24408
27157
11698
3217
13124
29674
22439
12179
473
4761
18577
12596
19995
20391
27694
30024
14172
11436
24326
584
22018
7431
20814
26789
21898
18384
4365
13404
28621
9742
32637
7371
11650
20778
30132
26306
4101
5540
23683
11486
2135
7685
31647
530
24421
18965
17406
8839
29581
1613
6532
9894
28510
14223
24543
27763
23967
3861
20144
11036
16019
23208
20715
25809
636
9490
29568
10967
3422
15061
10043
26584
10245
26397
23016
9342
585
31988
10940
31296
10897
181
15856
10363
7830
1475
29615
32708
22890
5242
1586
6013
696
11366
21290
422
9037
14003
21598
28918
727
31973
2965
1322
4845
30666
26038
12702
2896
2732
22830
29210
7025
32458
17298
16878
21811
21258
19077
2369
13553
13288
17373
29862
27331
12210
26881
27376
18685
31479
22933
5448
31737
22845
12634
11644
28439
32242
13647
1690
769
31141
23581
958
31028
1910
13745
28968
14524
20171
30251
29585
20542
27973
10231
447
22844
23795
18745
7256
8341
2757
22639
14324
14411
12611
5202
3445
22153
19326
29436
17563
9701
13383
5200
11475
27362
17824
13207
30800
8889
3184
23655
11613
32601
25723
26313
16882
25772
4240
32410
5509
19228
8964
14898
15650
11094
19040
1092
21950
22349
22103
23813
20681
25730
2299
13969
28418
2948
2096
28810
23951
8370
864
14082
10573
2632
24944
18587
31845
22426
2803
26604
23072
23962
9374
31783
19708
31904
19964
9465
15103
29547
14435
17842
21579
25443
10791
19366
20467
27168
16909
13267
27405
29744
3843
5060
24072
11541
20494
10677
15424
12430
28803
14327
29136
24856
5242
12182
21415
1971
18816
28218
30175
8425
12172
4939
15434
31501
11829
12376
22861
2497
2593
22714
12017
4794
28353
21620
17975
6088
16443
31326
20652
8720
18856
30083
26686
21148
7040
31175
334
23575
11858
11213
17158
18897
7609
16407
14829
14346
3979
5487
6328
24940
6995
20102
31588
9689
17922
11996
24705
28263
26081
16095
19665
4777
714
31575
19729
9009
1688
5121
18967
15698
20956
32122
25373
19499
2258
23135
16989
23264
11411
32691
8158
23595
21643
6273
26253
2836
7214
11458
12175
18684
6375
3968
2006
7392
27729
30780
13298
14300
18090
19342
26154
8942
28037
22283
6860
31229
6846
1131
3777
22554
18355
18412
1124
22789
14513
19953
19093
21491
23725
11247
14856
13198
21813
6281
7395
3902
15014
28410
13449
27047
28830
436
20912
14451
7860
70
12986
6481
8551
29827
7234
22589
1877
6881
24565
11011
28334
6687
17827
17918
22247
24107
2709
11814
15027
6722
27426
27722
1583
13913
27261
1433
15708
11196
19665
23911
26323
5365
30608
25646
3764
29935
11272
14291
30176
31067
20535
6443
16744
15443
14816
23230
15941
18749
12254
11467
3401
26867
5561
27276
19285
31009
30071
19642
2509
21230
23476
9556
11081
1246
14837
2205
30861
25590
17210
1892
444
14370
30418
24199
8136
2005
19827
16314
10797
18159
15498
6021
13535
27875
976
29836
27264
13849
31006
29715
22231
5265
18050
22465
13694
5066
20114
10404
6362
13282
11008
2934
32080
32766
31087
10783
7350
25580
27269
22138
5640
1287
18242
19036
15709
8795
24720
10451
10265
16394
7451
9387
18787
8687
6498
28727
13018
22912
3599
23118
19843
27385
28803
15507
7942
19895
438
7929
28443
19425
16190
13447
24895
1358
27309
5465
22187
6563
6944
23016
11398
15804
3349
31627
10842
16462
9341
7741
13509
16842
21779
10144
6257
9092
25835
18242
325
29204
15694
21535
29149
20220
15813
9064
20280
7564
17780
15491
21681
30467
26281
3667
1073
10743
30901
2489
26274
18679
31739
17755
12455
3182
1094
3748
8074
3018
7520
3084
8822
4574
24032
21657
9190
4229
7235
8357
1885
30601
31294
30691
12120
29379
14931
157
8064
21379
5027
21567
3877
10546
30723
32025
32744
19765
81
353
11447
26133
29449
8055
25855
9693
6419
8045
10268
18372
21727
24007
5397
4364
12212
29567
646
22826
20805
8013
21213
23847
5510
21541
22729
25158
13501
4352
24560
27623
12764
26079
11745
2219
782
18957
3913
31449
10384
10149
17769
16385
9666
16469
26567
15327
4222
20321
3620
2689
10920
3307
22191
15788
14854
30321
7288
2429
4690
151
29223
9292
1422
5671
13550
24021
11928
2134
19388
12698
18942
21577
26292
22659
4371
25047
21213
7624
19267
8081
13851
31504
2467
8191
18270
16347
16588
7213
22297
18461
13546
32614
15350
1579
27664
24640
30664
25563
6863
2777
10432
16103
16134
95
6885
1171
23803
4054
3518
12432
4779
27669
593
13087
30047
25362
9554
634
28032
6752
10644
23407
1196
29942
9923
30030
23049
1586
20565
11525
12506
13854
6334
27530
19792
31473
5347
19321
5026
19417
13266
16895
7520
12535
7856
20214
14596
5291
21746
30801
1994
14867
22737
5307
11713
31950
32759
10619
18466
15878
15487
24475
7649
8877
29212
21577
16003
1798
11160
18557
815
19304
17537
29660
9735
24127
23327
32477
25529
10067
7848
26666
23376
14413
19895
22857
8273
26231
30971
11899
13059
12739
24108
13796
21262
7439
28484
27117
24647
23463
23019
10983
15819
30731
9011
15345
27467
22515
11141
1819
18598
16785
11996
27851
14269
17942
5424
8800
4227
13687
10038
25622
6995
32625
31558
32297
1415
9675
11932
28990
1094
9179
16068
13822
6557
28491
5968
25604
12241
30237
10188
16377
32500
15853
5620
29949
28855
2166
24612
32073
30335
8536
1039
32275
1467
14617
32180
6834
11892
29033
12942
771
37
32426
7435
16651
12494
687
19520
2526
14916
1220
3035
5567
25035
10991
18521
17288
24038
6262
889
2893
3694
5537
27888
1084
31458
25793
29534
455
2814
26737
24961
3078
11663
32540
23464
14166
24965
14272
20843
8007
21834
17393
14234
2229
4178
19232
7795
28468
23284
797
30744
434
22648
12763
9024
21079
1905
31860
3628
15792
7245
10092
1501
19725
27178
11322
1412
6183
19947
18436
6714
27142
20363
26539
12017
11554
28082
5383
21674
25289
18310
18804
23273
10688
6340
18829
19558
6189
15375
28215
9222
27828
10120
32482
19977
23265
6046
267
18821
30406
23592
8453
32275
997
31665
6138
6600
11088
8466
13101
2919
23822
1863
24705
27860
24769
22395
25663
29132
22918
11621
7188
11988
16669
13783
29529
19567
7754
7060
27799
31380
31354
13923
25675
14431
23210
12385
28902
17415
16261
5531
1048
18192
28876
476
12622
4802
6139
24772
15738
217
28202
29722
23570
19582
305
5219
15707
30582
21519
24500
20967
3994
24205
19140
26460
26759
12318
18501
632
7574
14858
31349
6738
28687
1227
8944
6371
21913
21687
17608
17604
19189
480
11479
30777
16108
1849
21588
18799
10630
3322
20901
2050
9085
29253
19316
13250
4593
6665
8709
20663
14941
32551
17095
15459
21194
21459
23081
26694
25155
12349
22446
7592
1416
5233
30788
11922
27655
16764
19154
14366
8455
11729
25360
23024
29991
6379
11931
1797
7175
563
8265
21420
21061
1827
9657
25809
8107
27820
6959
25729
2470
22485
12703
8107
18938
31142
31496
12580
23989
12868
4356
24046
97
28509
2460
1722
26494
18886
11872
21163
21040
9827
10680
30557
16692
24136
7797
16934
27416
12829
23979
18076
16556
3271
11971
22103
5556
22853
24012
9720
16863
28631
1042
17257
19965
24166
16114
16743
364
4128
18668
15422
25555
6243
10490
7124
1811
9436
27680
14057
11643
23280
7493
15261
8252
9306
28481
307
18972
12054
19767
10004
27246
9342
17701
9495
29761
23476
185
12543
28120
2879
16487
7494
25690
15865
3256
5401
18379
3880
4581
22947
17211
29163
22948
25742
25917
2008
22338
5063
11419
19171
31218
17026
19784
3713
14693
29567
16790
7182
20634
28811
31657
28268
6904
841
19244
20718
18330
11058
19266
25972
22250
29915
27840
21975
5745
22134
28825
13447
3821
13724
26266
20594
6308
31306
1111
40
2553
21289
26725
10301
13373
3858
7625
239
8903
12241
29617
24329
20551
6697
32098
1032
18007
1817
20082
14715
23379
6750
18231
15280
619
16953
1407
14220
25078
17522
19841
24507
9225
7325
32532
23818
13641
3996
27423
7696
26109
6245
7505
18964
8552
4614
28178
23339
12117
17126
28857
9121
13299
11597
4607
17050
25059
18726
31411
19449
4752
2820
2736
10113
14527
23652
13
27450
24935
26930
7827
13591
14018
26254
27508
18389
14756
14031
20793
28454
9484
3784
16381
28431
12280
75
7641
655
8574
3564
7071
11649
27417
11271
16843
26051
15681
21253
18870
22424
19006
1754
5901
18763
11069
30674
25986
25110
7076
8334
32449
22593
32419
1353
3238
19086
25355
30817
23469
18645
31076
2066
8618
20460
12346
31108
7354
15561
27319
29960
7801
31467
1399
18334
22389
29174
7575
23996
30435
30365
19983
23370
29329
17092
22338
29937
2844
14566
25812
28309
24675
30389
26044
25376
10811
31489
10906
14722
26981
25307
15946
27382
9405
506
11449
32390
1715
23134
11255
24017
28415
14130
23438
26380
19601
28407
3603
24647
21447
4319
20730
12273
25827
375
9902
32415
14012
19081
9954
9737
6580
8769
31009
4437
26345
28046
23981
29337
28592
16843
14470
29083
319
10655
21193
14299
20649
12578
17979
32211
25360
32065
18214
32125
17941
29283
16484
28182
11412
11853
30137
27938
17295
22850
8294
30896
21351
4719
14842
24287
338
31623
26988
18081
17673
10155
18023
13759
26305
29068
26341
14365
6493
31955
27391
3136
1250
26305
31491
30989
21803
27154
27592
12499
8414
31272
32062
25996
15518
6501
26441
29280
20098
28377
10448
15979
13766
24349
19729
15552
6849
11390
6967
11694
15127
25182
25646
1346
17968
4056
25270
6924
24041
5539
25014
1830
3977
2873
7379
20595
22774
32568
3906
20517
3625
5896
9434
28290
13023
20926
366
7399
7313
29248
21081
12557
28839
21674
24154
1419
21225
13041
18339
924
22582
7367
13356
31267
4472
9918
20557
26092
17111
5295
24460
3893
6957
861
20404
8301
32698
21846
551
6715
16410
26394
16244
18626
18035
20095
2348
7716
6131
10580
15858
5700
14714
16197
17362
2001
19603
31486
11476
1664
30889
32404
2512
15000
29816
22304
24451
20916
17345
5037
29155
27844
32066
17236
22960
12118
11493
7845
6220
21524
9784
24649
7628
27277
23325
4326
30031
8760
2755
19011
2958
18101
23764
13741
17333
20823
15600
18841
20082
13280
2651
2698
30539
16523
28658
21301
23604
21328
30820
26595
17249
8291
12958
22808
857
19454
31367
31090
12620
12128
14830
27347
2470
28438
13760
1731
18148
18041
15231
9743
23206
11384
17135
2998
15622
13719
22547
30470
17961
22328
24919
8451
17939
28697
5647
10504
20160
14879
14624
13489
25712
2386
27645
18167
2114
31784
11734
4765
20740
262
23308
19404
1610
21764
16615
15610
29117
24561
6539
8976
23222
4503
1064
5323
24588
9279
19826
31074
9258
26744
7249
21098
32612
32277
22233
23799
11403
7797
21372
19973
9150
23559
10878
11798
6020
31500
15274
6172
18456
18335
15428
24472
8452
3315
24894
25092
21745
4573
31150
1903
27582
16018
3456
13927
30415
20401
21608
16155
24488
14980
6427
449
1210
9859
23743
21558
6268
8217
20128
27364
30398
26795
27684
18665
25659
2007
23809
31606
27757
505
24493
9332
20901
22516
23063
6254
17242
13359
25236
5035
20161
26845
21788
19098
15775
9090
18614
22900
22364
31154
31025
22300
14424
13084
30997
3914
13186
29896
16345
10216
29222
12701
26710
13756
17926
1062
13180
1096
25005
21910
9028
5358
27392
30217
16869
6488
7190
2572
26955
27927
26185
29024
7877
21130
19341
2811
22270
30466
25089
31312
13870
547
13764
20944
8337
13454
32010
18097
12057
22973
21103
20974
23648
4397
27019
25231
32224
12995
29126
1322
23910
21097
7021
9386
1732
9976
29446
18511
7622
22618
1761
29430
20584
30960
2800
1947
14662
11825
28376
22300
18004
19604
6728
15167
30671
27312
17290
25335
2932
12194
5208
13283
26607
24752
4336
25880
23702
29228
30059
14112
2391
8090
32074
27970
751
20245
18770
27652
1885
17390
22426
8431
22167
25751
16866
6034
891
6079
13862
24522
20744
31935
23923
10560
28622
821
9466
14386
12195
9710
7523
6007
31128
19722
25699
11197
9772
7002
19601
3094
959
11021
14197
17331
8521
32140
21986
24814
12619
8866
17030
30094
6406
23264
10944
27719
32748
14656
31153
22401
29524
2056
14742
7515
29297
29937
8021
9454
30341
18569
29781
26838
19282
11478
21139
4847
19409
18236
26355
1372
22311
10656
11732
29902
4565
24270
24038
30722
18223
5656
30016
12428
32527
12864
7341
28884
7114
16281
21831
862
5219
5480
9288
30542
7935
9872
12572
5675
24473
17775
2491
26339
28407
24323
309
25103
19933
29009
23694
15225
6272
16647
16845
25819
3645
4704
7504
11754
16779
26952
29026
9619
1071
5313
17424
8325
25519
2437
7992
2287
18952
20460
22242
23435
5795
2321
2515
30171
17286
20272
4192
6579
27336
30035
19841
18935
16455
27182
5670
25766
21405
16967
8910
7703
11855
11610
16213
16771
8776
23291
11533
23236
23686
4733
27409
11612
4116
531
22742
7353
19768
2357
26371
27064
22765
581
19075
26983
6291
20339
26072
6415
26086
11998
23730
13170
24365
6651
1472
11089
1971
13371
11974
12081
19579
3304
26352
6751
16688
14416
17254
30514
10587
1062
21024
30352
8665
19237
12028
179
32395
11254
28429
17197
12367
10068
22070
24618
18223
26990
2808
8950
25817
17037
15497
23999
13135
4854
28454
21659
13280
11794
25257
22989
31319
30924
18270
32580
10354
18235
13587
356
15766
15745
6254
20233
3776
14323
2692
21193
31423
32378
18086
24954
11937
18232
12926
29172
3691
19567
11356
536
5645
31135
5066
19730
18068
29679
16486
14042
29602
462
23281
4353
1307
5594
19619
7338
290
257
14529
28119
29252
4070
13426
5094
32242
6022
12495
11099
16181
13595
19257
15583
14749
17729
30703
3465
30843
22103
15071
17501
11855
6696
25277
2322
26756
6858
31315
25
11099
14023
25624
18394
2598
10363
21507
23361
4022
7357
7073
32121
2838
7362
31846
4855
5242
20285
29761
3003
24178
21707
14450
17106
10083
17295
21152
30496
24376
1561
5158
16732
21845
8589
21423
11100
716
9985
10498
19603
17620
21542
6943
4056
7031
10027
29834
1640
16522
27102
12775
27695
10978
30741
16071
16707
20933
17740
29890
7346
17567
25999
4294
7293
27382
7579
4782
5860
160
15936
15126
28900
8756
20233
7022
15871
32190
19487
27726
3387
31671
31595
7689
1901
29748
7419
22405
17079
17501
31399
22346
28496
22561
6900
27352
16771
31784
6968
28734
15611
3081
29951
5608
17725
20670
12974
19641
6006
9045
22374
8282
4471
10215
32299
27089
27134
13518
29766
4181
15927
14867
21223
19552
6274
15654
23567
8455
21623
15570
7853
32647
1063
4463
9736
18720
15013
7514
14428
8998
24518
24994
26824
20821
28964
19204
103
2661
21609
19226
702
31454
7882
4559
20822
27182
30161
31510
12969
13816
28000
1244
16451
6064
1779
24890
33
26725
13861
30960
11613
22237
3702
29199
29709
17383
32331
3829
9320
14573
15158
31102
8490
11465
17272
20089
3386
2777
6340
32089
31882
12374
6214
20525
11327
21473
5092
12243
1555
2911
4292
30824
29431
25607
20238
29186
16636
16569
32499
16802
8307
29330
18158
26212
31827
16317
32585
5881
12764
19596
18148
4951
27514
6855
21810
16047
8940
4932
11652
5536
3749
19895
6026
21674
32371
2764
278
25317
27486
5235
11556
21747
16083
30843
21528
7219
5378
20835
6470
13879
32388
4461
31159
28793
1345
1011
6186
5193
30865
30974
2650
3850
17569
20245
2943
27294
22809
20307
14359
10783
25339
4029
14054
24272
24014
20434
29500
2387
16381
867
19574
6940
18042
32676
24263
11301
9126
32388
18745
14563
5493
27706
5358
31866
9933
13088
8620
15149
8240
31173
15257
4376
27547
1853
15938
6433
28590
16828
26850
44
9740
31588
18402
22670
28933
346
22428
16836
29811
8479
17508
14438
30177
6174
27593
8790
2035
8577
792
27453
1282
5705
1826
17720
7430
21406
22847
25038
31417
23395
11667
14118
17401
25358
11920
9590
31086
17591
31164
4287
31086
1646
22965
17080
10781
27602
24946
10503
3801
17888
19659
17335
19669
29960
19004
22503
25347
20870
4582
15039
6456
28143
28118
18601
27275
26634
6026
23741
28414
15330
3761
23676
2144
19737
19763
11202
22129
6783
31857
7414
13896
20451
4046
12676
20722
10794
26734
16013
32092
24990
26174
18909
31090
3720
2612
13085
16009
15360
3544
32073
29946
7428
5123
19557
19216
6088
22246
27500
13093
6989
30543
28298
19719
29493
20776
17802
32417
3542
31040
21138
32727
26765
18511
22798
23985
5716
5940
22762
14524
5271
4224
10756
17069
25156
15160
27617
16200
3362
8919
7583
3200
10595
16531
29226
30176
26492
2529
13491
22313
15412
18491
20830
21053
20219
7713
22075
7227
8830
23902
120
9708
11128
4748
10709
9054
18891
27098
10839
14030
22479
20749
577
17099
17386
31429
24640
10137
26721
9986
22502
28628
5485
21734
23641
12373
402
16829
21325
8026
5164
22842
21551
9952
15947
31491
26531
30292
21952
14705
23345
22379
9848
30096
32059
19023
11785
31854
21811
11515
13707
2450
11275
29160
15785
21194
30956
10729
28919
298
1578
25939
4231
15185
25208
12386
3767
9454
29272
11992
19532
30595
13782
6887
11205
6249
5750
11089
28393
20501
20843
9422
4771
1689
21001
6830
7439
10605
4221
8895
4565
7792
18620
113
182
26666
7609
2872
25188
24404
31963
21554
14231
9626
21934
20234
7773
13727
31193
540
20913
13378
14672
474
18256
26400
3786
15214
24520
29785
28790
21153
23762
20376
6377
5883
4577
30797
23643
21547
763
27965
24084
426
26056
31037
14881
5532
14569
15674
30539
32503
25994
7037
21834
2790
7995
26669
19253
14704
30203
790
19005
17749
20118
16040
6299
25400
13618
14403
22727
31747
15908
1458
4331
26248
26888
23541
18071
25700
14864
4931
694
26153
32156
11343
20929
23228
27147
15051
5170
3579
5073
22826
13116
23203
26570
2475
3513
13169
8143
10387
12644
18312
25990
21433
13384
17939
6014
27464
17016
1323
25723
4033
13313
4091
12558
16703
16157
24610
31593
1023
6825
18008
12658
11807
9433
18005
11542
17062
25131
27119
19168
32197
26777
20354
20170
30301
2835
30612
2899
30912
22828
5561
32465
32444
18196
26805
23305
26838
4550
24033
11005
23763
13186
976
2821
28029
31870
4145
10017
28579
9177
31991
29582
8290
25808
184
21399
163
31796
26195
8878
2533
6683
2006
21435
8253
7127
28831
6836
26010
8740
27329
21614
21070
22437
31657
8371
14026
31634
5121
25236
2729
1195
30420
6912
11505
28784
7155
20886
31125
4755
4504
32696
22590
30894
8522
12769
10314
13874
15360
21304
11797
11423
29065
22373
25976
9211
30507
13987
23952
18301
395
28694
449
23177
30156
1632
29690
14817
13819
10863
23610
32025
3243
2200
20819
19531
31708
27626
16110
15885
29474
11196
27855
20896
12547
6025
2906
22890
21408
21758
26966
27046
23704
25680
14066
8027
11305
16083
31237
21386
14232
17353
6042
3756
32467
26487
5804
20572
1366
22655
46
32592
21067
3945
79
5517
15349
31875
11515
23771
590
18411
5541
20343
31983
22506
68
28937
24625
4483
30619
13269
23954
1868
3774
15925
9050
2685
32210
9287
32638
21063
31764
27107
10692
11623
31517
24784
31016
29178
10084
14135
2174
8083
20996
19031
3674
26507
10175
4475
27693
3992
22851
13609
14512
25249
6317
9885
18822
9169
4172
19318
29
14315
13991
4526
24021
30941
9153
32719
9060
26519
19355
5476
32633
12317
16891
4014
4255
13275
27500
26265
15972
3642
16262
5614
11707
18288
111
1738
21664
10652
2978
11599
28922
27666
10223
11929
26309
10483
29891
8948
18800
20738
24234
18508
5252
4530
15634
14565
22407
24964
32082
31308
22816
9871
32491
30861
30076
11104
1293
16806
15343
22021
24925
5436
4063
21861
15349
7309
20702
14547
7340
24230
19990
9698
6552
17621
2282
8314
20178
17250
2778
6443
889
31354
21159
13762
8186
25452
7352
2074
22926
24088
2749
10037
14084
12963
28306
24203
21184
23408
15462
26530
32260
11084
26652
25055
10606
9193
12785
31900
14018
4238
9824
1915
6122
14604
21827
23801
24379
16628
1082
23366
9466
1799
24656
24404
26143
6382
29404
30253
16472
3884
23974
14475
12113
25936
8779
1186
12083
8815
30947
2625
26731
26065
31200
23833
18604
11243
7993
348
11575
24461
24777
9867
602
2909
28658
1161
31798
16260
22149
3827
19654
32679
31974
29364
31517
19737
23403
4563
16367
8527
23302
29072
2899
27796
10532
20144
6087
27901
724
19477
11893
29088
15148
28561
181
24065
232
24828
15058
461
10069
8068
13329
6347
30318
8517
24559
1807
17988
4378
25771
9585
27043
7858
31492
12861
11250
5350
31556
14892
26203
10825
15229
3475
28716
16385
8979
5595
28285
726
6010
7985
18196
8841
9793
27262
14981
4967
4176
7066
27037
3613
6766
22461
18945
16846
18182
10294
19987
27747
23850
30047
17429
19747
24792
11728
12433
9603
24700
28115
10232
15423
15287
15128
27529
5801
18271
10410
19828
23617
29383
30498
8256
6279
21056
1307
13674
20237
13023
9189
12111
5584
7041
9342
10827
10696
24333
12477
291
12734
9209
17617
12448
9054
1296
23786
7805
32397
12146
11062
18308
21245
8668
27151
6387
17406
28969
7795
31012
32407
13849
24244
17261
21973
2130
29040
15174
31075
10916
22724
15017
31323
19601
7613
8127
4700
1293
28687
15800
24797
27266
28170
21754
4800
27671
10441
22143
10282
20530
14509
30328
19603
31803
30218
21047
29977
27044
10783
11595
14618
27686
19532
2541
6401
11597
8063
8347
10080
310
17392
31490
18496
30872
4366
13857
31413
21505
19384
12204
24757
15458
3249
8878
31017
25806
27470
30579
16453
31103
16498
19109
10773
26
5564
28597
11097
3379
5375
29308
17555
29460
3059
23587
17246
19898
22570
16192
11777
4129
20293
20289
3396
30402
30567
1806
2179
857
9194
8938
2048
26091
19025
29082
20861
30472
9086
16586
21259
10062
27942
26796
4125
2094
24449
15074
25824
20979
11078
22686
5071
2815
5078
13320
20866
13400
31159
16608
17094
8036
26949
6244
8435
20721
420
5236
30842
5496
18425
9716
13758
10915
15066
27250
29733
8716
14851
17672
17262
24904
5706
32388
22341
25380
24021
12487
21780
7726
14474
363
13341
13432
26823
28585
25542
20632
17491
14713
11315
21491
14741
7162
32026
14908
13572
29461
7891
22071
31455
31837
31151
19395
18718
16698
26507
27415
21928
27719
17317
20812
31942
3576
11438
29212
13272
5248
11552
28393
5191
31474
15825
24320
4794
29606
22217
27936
13965
4574
592
28214
25983
13993
9804
21867
6058
17672
30666
10592
1977
24912
19675
24248
13141
16335
16545
15320
16352
18098
23977
10730
5990
1830
17019
5928
20944
20926
29808
20055
15963
27157
21700
26513
8521
7604
27628
13896
31191
16950
32554
22664
25710
24234
9310
19324
27933
1080
18463
10548
26183
6664
23050
29605
6041
8287
4954
4338
22847
12043
3002
23786
28504
13058
4183
29649
14759
12102
28984
6755
2955
1291
14546
26390
16433
1820
471
4256
24328
23675
24400
1465
25717
30279
2795
12834
713
7395
19862
5350
28528
22613
22092
3040
4202
14316
29487
30845
7680
15654
24792
8643
3247
28112
9195
30610
21353
20847
8430
6954
25085
24031
26203
20718
23507
5946
23795
16232
27356
26364
21078
8076
16073
28260
4561
16961
3195
22557
32631
3869
8635
27933
26995
24688
24876
28878
924
24709
14973
2155
16714
19492
29411
12717
360
15963
20935
3240
16587
27007
1468
31983
18114
24941
21939
26111
32751
23317
29298
1755
31573
1338
31810
14579
15793
24179
4328
5706
24334
11382
30167
19160
9876
30869
12964
5422
6305
13705
12218
14936
11035
29295
11599
28935
5124
16144
9879
2032
26190
9573
30007
19311
28913
23643
18684
28272
5180
6099
18381
31375
360
6637
27102
2942
6259
27014
26151
22951
22572
20991
17173
22547
5258
4160
24447
27019
26433
20733
2011
28925
3735
25656
27570
16673
11892
18952
1873
12123
10169
31896
21954
19940
31187
7026
24314
4389
25232
23550
30292
25699
12337
25413
15678
29089
31168
27899
15922
8386
12708
25533
13289
4591
18034
20119
20683
5944
17926
14281
6825
29054
14035
28875
11950
21648
7031
22414
403
30356
21650
261
28691
11945
21721
27876
13215
26314
23398
9896
3922
25845
10322
30679
18727
12173
24454
3977
17258
4350
3534
17191
19052
32415
1072
19571
27259
26332
32123
10440
25105
10900
16930
32163
1100
17856
15947
9827
8094
27478
15908
20301
15558
6253
17526
16851
18943
25249
12156
17942
1655
1465
8181
15785
16898
29831
22136
23448
17680
28944
31496
7593
29917
28653
744
27361
2023
19185
10416
31562
24229
1804
10913
27892
21622
12655
17206
10810
7384
6129
4091
1350
218
24754
23202
11480
4308
17662
30804
24130
7765
29556
13125
30904
4701
23911
29323
21958
29644
29572
5168
2850
12827
5557
11654
31140
2122
14918
9658
19859
3097
4167
24236
21538
15739
8497
24574
19002
10824
13772
14444
2170
31282
591
2395
12413
30458
24009
28852
16219
25828
2241
17650
10610
16232
18201
22394
25446
11818
20793
12587
31846
17964
24681
32055
11697
27458
23165
5681
857
26055
24760
26983
583
143
17899
9329
28544
17180
12253
24842
7335
7189
26607
17183
24002
4083
7936
15654
3137
16382
10383
28337
15164
23928
28959
20803
252
23832
13280
10082
31165
32442
13195
25069
26546
32084
31374
28592
5194
31532
26217
11062
22194
32328
600
23262
25499
4390
30002
30513
19005
23470
1681
11123
17051
18533
32563
17528
12553
2531
26784
442
748
5255
28685
31912
18626
24681
28801
6720
12642
1936
26678
15071
19076
5222
23874
7256
10883
5224
30070
8772
26466
17186
17799
30874
32526
24923
7019
17536
5346
3213
18438
22368
10352
10904
11270
6205
10623
15798
3084
5960
3408
13490
28684
32686
18726
2901
4598
23477
22020
20258
8086
24327
8633
23619
21433
11085
4378
26306
10897
17152
30607
9212
13658
7804
10193
10323
20798
5975
497
19748
17782
7664
8861
13049
3251
27979
6047
13311
19900
12572
15782
23226
18264
21025
11081
12535
13166
23733
19785
31490
25963
13731
6166
13082
10212
4408
29333
22818
7549
24732
15905
27289
10505
10594
8144
5836
8434
31581
28407
842
20955
30901
27888
13465
5253
9275
10778
28455
31471
27130
15394
9347
22722
5646
10625
16589
10987
11706
11846
27756
8842
24244
15894
5630
22283
30915
26481
22677
25490
9612
31798
4640
29597
21161
9066
15911
741
508
14389
26812
21637
29763
6701
19886
25949
25068
21208
30719
23993
13866
13419
30104
17966
72
21976
29500
965
3902
4104
21691
24412
27522
24677
7528
7240
8992
21660
15564
25151
7181
25505
5020
32374
24760
22515
17641
16390
6883
12065
10135
29588
12465
4749
27664
16945
14336
19824
19001
30591
13304
25630
19366
29461
20708
12428
1546
18725
4673
10255
23025
22108
10005
11878
2481
19210
22659
6651
15517
29059
18075
19814
17021
13253
26487
2611
11067
9307
31875
24805
1759
3713
29212
25146
25021
20872
23901
30129
20717
2940
3125
31050
8956
22277
23485
3725
2273
8331
18633
14541
19251
22173
28350
12462
24473
31124
26787
4325
29313
20083
18554
16447
14613
14610
6352
15589
8042
380
7315
11486
9979
2197
16676
22485
2391
12288
30381
28189
29462
31039
25269
16626
27409
8220
8433
20482
14803
13384
1629
20524
25930
30275
6796
3975
5314
31611
15164
23206
28949
23992
7726
18202
21787
31159
9525
1849
25192
277
14476
11038
20023
25456
7020
29425
31393
21192
28382
5737
12307
26411
22223
9614
2814
9617
30050
26308
29136
28165
12426
22021
10020
5381
30167
10606
19509
11308
28816
32509
26521
15886
26115
6041
17452
356
11289
17234
15434
18281
28205
25323
17729
10627
13342
8853
20229
14886
24483
20990
19494
15605
5087
32138
30208
10795
15158
11488
8498
314
8030
27305
13905
11954
18361
31124
