14153
21786
5644
4471
31776
7769
26180
17201
3339
20877
4617
2558
2961
18800
2878
18946
24025
23520
30553
23983
21529
14725
8306
4747
16978
28853
31897
25396
25147
6036
16237
4769
4474
24960
10731
3242
16410
9132
3203
12235
9018
3338
12145
25637
2
5487
5450
9157
8924
26610
19413
22569
22240
19605
16157
12544
29071
21799
17092
22578
18117
20840
17818
10016
6377
20079
25454
16685
22887
9545
18725
14205
19808
23779
7945
6653
27296
25385
28003
6563
208
24944
12107
8183
748
12305
1983
32722
1272
11607
19699
9061
16879
31644
24040
23422
15869
27310
30272
13319
