2143571300
318675235
800242945
2021470792
835936839
1663163397
320494438
2003336517
1885645121
310519576
545344644
64130618
882326780
1262725062
1897986784
1636338879
204063082
738802764
306432442
1414059851
799725726
21138567
1953318947
1531032647
1722833009
568614269
1471987128
772259181
1045148891
137883753
35054700
1041236543
456558988
835297645
915223687
1292495827
350977395
1235718125
1148348697
89138868
1546237702
1693693341
153269486
281080834
808934755
2051256270
1917419713
1012997837
642575387
76368507
279574040
1442301113
97507075
85409340
825850112
1820340084
654023609
150353592
445115617
1699172500
288237345
480170318
592925396
744796334
1315467963
1508149083
2037292161
1666445358
596383561
1038157210
1755584226
2142621263
584366903
1908853712
276218449
1393301658
1812626335
46154515
258815847
307718074
122523022
538389888
1750019187
220030097
623799228
428385651
2040370182
1277822837
578739243
338002151
829511690
866976588
818172469
1422437086
1611772922
2133640433
783102521
1501581436
1652602143
1379486082
392254998
1260702722
1374623697
976621902
1022072786
1650842147
222439912
687215473
1696996662
481255760
994933547
1819519684
1019645648
597469086
2039549782
1643444876
1025854737
1932436316
773784065
1604593980
122954819
1603295755
324086921
941127289
878249193
1935859843
927284074
1661351715
1289957631
432402569
893354149
1682212630
1693105291
120494199
511350884
567694430
1771336346
733790796
1254909903
1320849360
1215046556
102359803
992885396
87208556
699828889
884951530
1730653432
1725683627
669904198
356953850
1182793959
792859018
1960249605
1506880880
1733986307
691015151
1295257076
513786733
204883218
437731059
946189302
1098237367
2119943689
491810946
1218731566
483810925
1059505376
842584264
1217601722
166931631
15949976
285164630
269291434
1008835373
372373187
969120324
1893786903
2103026619
547320303
416207454
312496821
1730114262
1209066472
125262779
1089511495
795569131
816277930
237284923
1309355864
1021161148
675015982
108061518
2119398515
647476024
599872464
1190646434
1131286949
1659377840
2033230698
201405023
1826309472
2049180675
486569654
2095600906
910532400
858942841
917237582
656835655
814485812
1464557885
1073043109
1126982634
1047188500
134625933
1252245413
2136699995
930195064
2068523343
226501270
92067280
942200843
901517252
200128799
914115710
1548993276
800001263
2104762144
532796578
311895456
1990509195
734201601
2138204928
1892206222
1220771255
2086322186
655254974
2079714096
856076121
1312090629
746716261
173150358
237650091
1873698895
1220338858
372276024
978460660
1209555205
1302471089
899500355
1436056475
1394538369
1841701198
190090080
1594667168
608333260
1739083356
247184784
565611757
124396286
559080240
408637304
858597888
549801520
153359878
2079369143
488640058
808614852
2011599592
1344716179
2120705481
610832205
1517866538
210871924
337047452
590721748
583147949
1315508112
1800276954
1885619038
67524819
1088849781
1132673759
1909226017
1278939861
579857280
370075629
870539570
827042064
935687386
994935856
1386122304
1344324690
1853533744
1935923824
1497684568
1785419240
277080234
158815772
1649535184
1621796414
132037606
112883741
992179304
342909530
449931193
1582901052
926057479
1765439305
1235694358
664192869
1832964124
177060492
1796866629
1594706493
1456000353
229240261
1964782122
179056275
1056282325
752985861
1173992132
294920981
2097310551
880042228
83361157
1447511472
517977820
360441391
1606327244
20029356
1982237805
1738364850
132913097
826933461
2081274381
582844290
262350866
859848212
200799947
1498045224
1524041082
2033764071
1675105716
1173424063
1480986916
983622422
1402664324
1298285391
1162678697
311463001
2051271252
189187181
606383982
2001098155
1069229410
689745139
1301125979
1587207230
1050186530
759969576
1607236587
884940688
350850778
1740149684
1711874149
284641511
175510327
1974225015
1144489724
376310274
1324786592
521047158
262590698
852408660
1694471221
1743577614
1836031082
949651897
894379357
851226132
1261114898
798166961
1040413313
1867498880
651781469
2109642723
409760371
1952907448
1549366306
1459946901
565393376
1009119245
197403941
916244155
601785281
1909278091
1200885666
777295608
1736019458
197891742
1153605883
913322402
718938900
1416196581
1765731063
265926473
1012290547
1454278497
1215578370
1906669905
158020981
329209620
557353218
1198434295
49224852
1209134687
1160593370
458985223
1014558488
562476028
1918932125
1579951864
1571595273
2116336066
348712371
25896907
1878130509
1549598038
803192515
1466666320
1747489780
1956798398
232505074
318945033
1225511331
1998236137
584871506
90318231
1305030987
1800449877
1996988136
1463051968
2129659497
406857706
514002615
31400702
1615992394
1674595986
490385925
483067234
89588366
261834402
2063019098
1661183640
230686821
264247822
1687080547
2108817330
1813845860
342789414
1428000002
1413851992
152104165
1660505077
1732797025
1377615496
1511257566
170184884
1467933727
668804905
1970634761
1317438215
2131856874
1952810610
1724295922
498375841
1984211312
1192804668
25488179
327113590
1675871902
115076546
588947992
1591407352
1776260186
819634813
1855655174
1315857085
780968496
1522017386
1658646499
61484850
788385731
1810750664
1721989927
373699108
1040882513
1085763846
543883992
361332592
1754568751
367035105
1678770808
1738941977
172362068
1255583082
89834171
9089732
300904102
115322350
336203322
1976776004
230398896
925151315
1420699708
2006659082
1744786128
1128871235
1175032519
378270976
503404973
686195371
439755827
1291790704
349462387
14262106
1665489813
1390344900
1100025952
61890157
1751677493
707111056
428925263
1282964653
298569385
601287331
391064087
388403556
610377063
691968189
503725907
946580386
521260545
734124803
1871731701
1941960253
593300238
1469034181
923347840
1768332757
1847305158
1426752814
307044480
139577337
571059870
656506868
153839443
89066035
2046851768
1253865396
150956193
1651045613
1960976452
579881456
786526618
112062189
1181168787
1177590705
500465746
1791545850
1869558894
1004191653
590642588
243335791
1738316456
314890641
37812397
184133046
1783924823
961160237
1952465804
1483746333
240429403
112026636
1623323670
811489274
768533504
1777163113
900555309
667901625
883544861
1051511502
171463590
697037665
1631392958
957990209
809099855
665078097
2135580914
1309565601
309140300
1857656161
166273606
899782888
2100991952
1904590062
1214673530
2138804349
2088723109
851114705
952480939
1893705265
187377390
1192910342
2005731901
1810701060
2004399616
626781758
1440380525
757471278
1294683383
176441739
1808982780
1466146973
873479404
1292892091
276653534
1682579259
1957970188
264750801
844661212
119626840
2122406962
1010934818
1019409729
2075915266
768041233
86599611
2067235968
709280694
937714316
872233259
455502311
1125091706
2065143601
313750564
788309118
1922059570
940532322
81205995
532047200
87732057
257647734
193546332
1553879031
1131127139
1486438423
1830532565
666222750
1296924964
2095283366
1510883963
1416551804
2070206680
374335133
288477885
1998638299
1142376366
375077496
1918390619
1851657060
1312791812
643140230
159675723
290399870
560800183
473426288
1078708988
335376105
1413958610
1159914984
867423305
1501690668
1417562718
1060969638
908086051
401206209
399924413
591134968
1067428960
1696849377
538934687
430829275
965917534
461657719
805164408
1254395419
312812370
1947540775
1629472916
83719341
1651714187
794781080
726859571
1811389911
1085180951
1287659755
137332551
16406291
1623035860
1551291161
1176321275
342975518
905498181
446400346
1403945156
1813584232
847606555
1803869569
257235553
1915035515
1353235299
796170240
198381142
171669185
1257827959
1003545551
1426064604
1570640330
803602678
908053872
1654359671
307833217
1702834953
233735595
2119223128
640532256
1521395350
109072031
656938547
996947562
1660363193
1833259823
1339923080
418377726
132176521
596384588
84478311
979783076
252770510
341713864
747334944
1606005809
1137884104
945716086
1777674994
248228415
1949261637
1056255950
1818868745
605380667
1964309823
1325744769
913213885
1519661128
1559480364
884953365
12709736
933392066
994025397
669648283
1930339628
506904942
355424458
1122779061
925282668
487600979
1719163649
1009760979
1467384056
1971934159
1351474843
67235352
1430456320
341875299
1012951438
1060647666
590103715
814729428
2116903617
261488812
1420110095
1933729792
1587233581
185840332
1305907272
999230297
1070793698
1318617008
1932622363
2064819095
1988265291
1715478344
424240389
196206102
690773757
1349523057
683807081
262453758
211800389
3707489
86904270
1563275232
70942841
1517360590
1905150532
1083894280
430524609
347770599
1898623708
399944578
609259411
1171250155
186190722
49009345
1357090488
1492097994
1048239642
280400538
663231354
833378358
197735985
504012997
401373054
621976374
700219099
1092146811
1971499431
1384026181
1354600569
35816172
1387733670
1441504839
1599091405
1458676512
811381782
1356758289
395087144
1241906391
1704528888
146227204
1641850969
166304651
1317477359
1828041691
215313996
527084199
1172656037
1263553639
807484737
1835887391
2096931997
1005220722
192416740
350821403
1627197096
892635840
1442968214
1451212880
129178373
650085135
1487029052
1516912043
2091589975
938636809
828104907
755488109
147911450
1223192051
1997394500
1852440338
1369419255
1491761821
2018744990
539412967
1172319864
86575338
1066497166
197492253
1350128977
1873981904
2033379644
1299577326
731718978
78312736
1650398729
211432427
970948576
945883295
1662645307
1100126949
1595968431
1002190711
469555345
1540074758
1940827521
1297660252
148079219
2088738971
373368656
2145473719
1793695662
1742787911
1489751892
1664957004
134717230
514588108
1751532342
1201214397
712080361
954177672
927712653
597976357
106271350
1659431631
676289093
1756670080
1870864058
1647237670
555069727
1386025717
599880971
3554510
240732781
1069436316
1543629268
34076654
219612921
1691708487
2122815625
592981577
1689698558
1769027639
188285840
1031966802
1286500995
323003071
1546554910
890549690
1524217468
111151623
1844727362
304446473
709127980
1950998712
1963878104
1385417074
1560185144
1687258515
885171096
2115254872
925800584
1485052067
2118809382
1166533365
407004736
1514955003
1200610019
626617657
1059179842
1175941997
1219599234
601394753
797485988
1407885074
1633361555
2083986984
1730888145
1032432818
827053026
1107621965
1143584441
524296740
1412068438
1852712422
327811804
1228462895
1090645848
1887996949
768237762
1975816944
1855768173
1694038346
1313385363
1827093907
713088064
1720390099
1194565262
1913698083
199524108
