19872
17322
6125
15403
24528
10614
15793
16559
32537
6752
32488
16484
14375
16366
12376
2318
32125
28457
3376
31276
15732
30358
7475
25221
6528
2151
17944
23556
8886
5363
3121
6597
16267
10596
17996
23664
7903
9903
18647
198
23610
25802
19527
23673
14677
5657
4794
23873
4316
32553
4314
7724
26226
22176
7685
26422
14326
24948
28588
19225
29700
8028
25593
22374
14783
7044
24501
2773
17870
13701
17256
1497
12453
30356
15298
10616
25094
18169
28985
6234
24007
6084
23284
20000
19925
21691
14568
16631
28025
12950
31041
16748
14810
11631
3331
3202
3012
19316
28657
17409
32423
30687
26542
16658
18659
2600
15906
29961
26946
19832
31519
19586
19910
7266
24900
18607
22438
25806
12834
17136
24723
10293
32158
3748
9535
19476
150
27968
14624
20122
22216
2206
26482
13220
1007
26519
9595
15852
6190
4307
31250
18557
29618
20448
32354
21611
28052
20610
23532
7872
25084
1098
27595
21177
27532
1642
23356
11315
19452
29128
31069
7776
18433
23889
4661
21182
31348
29328
31477
5194
25264
21119
13181
31473
12860
15517
16674
27463
7594
11328
9903
15995
13502
24621
7593
9867
1491
102
29912
8884
4219
22083
14338
6189
19302
19140
1274
25364
16773
7974
12762
29609
2670
5044
10380
19386
8707
28896
7055
28766
25422
9874
30711
9190
10928
30144
14518
31761
25403
22591
32539
10367
860
6873
5272
32104
15549
23967
14792
5774
25449
28288
26288
9840
20530
12827
24646
17857
16976
3794
18223
22296
1098
3616
973
21225
22554
10284
13177
4020
28300
28062
31501
23164
28135
945
25254
29563
19407
9865
7848
17172
32362
9672
27138
23305
18626
3932
21939
6126
9834
31898
12685
30430
6757
13713
29240
29548
25923
7832
14459
476
26253
9258
23991
31124
11619
6388
10676
973
31844
14891
5536
25230
17614
20003
16469
9179
23782
4382
30683
5418
30107
25698
31790
2838
4966
29582
24385
20823
3700
17453
9794
22258
24071
25484
4128
27309
13082
9929
9547
7110
9796
12589
29883
4836
31966
13499
8755
30542
18792
8457
10695
13403
27433
13391
31900
13098
12566
8894
23279
23698
9205
18451
3928
30556
15298
5995
28496
14000
1106
15705
17650
3278
30006
10294
1534
5631
226
27320
31779
12234
7951
11462
17022
4202
22109
7819
15454
29312
2365
8650
26954
10502
2574
7537
14917
12164
14982
12144
19536
2694
14932
12491
11313
3149
26883
16366
1907
20933
16162
17730
28334
2999
17058
9725
3336
26688
6783
6462
30972
12418
1443
21337
602
28313
14599
31599
8591
12240
26907
8003
27687
14101
616
6472
12944
13227
21875
7423
11041
20511
14821
23935
20058
11645
27882
597
18542
7875
11991
24207
9214
14486
25615
7700
4648
2356
15655
23863
29632
3242
10824
24203
2013
12615
7637
21240
25496
80
25166
26638
5904
16117
1909
4250
9138
7044
10927
15223
10167
15069
7852
27815
25325
14886
13898
27810
30907
30912
14007
494
4959
15993
13526
26864
19579
4611
25061
32258
32464
21413
2908
19910
25929
28720
21016
32697
11067
16437
23736
20235
20971
26485
2376
1454
3921
18585
25117
11693
