19862
17845
18069
8749
26353
31602
6455
25340
15770
25196
164
16351
13494
32263
11335
15840
17207
5949
30651
26238
14253
16683
27966
4177
28255
1743
19555
6897
11675
9744
26887
8723
7242
31742
30341
27637
1735
1628
4910
5885
26098
7772
10227
19101
23680
20649
28773
28537
7829
30378
16096
13004
30612
29958
20738
22791
25142
17251
18530
9148
26329
8564
7039
20155
13339
7474
4855
26747
9640
20073
9978
2491
11600
27511
20733
12392
21085
6992
9651
16834
15139
10438
19257
30651
29912
31496
8081
15775
28070
30568
9041
16378
21759
12385
31900
13239
22065
1496
9810
6277
