19868
6574
21029
24107
14214
6687
12680
19486
16025
12900
32636
16440
25004
32587
22951
17748
5307
10031
1545
7751
4316
14877
25228
18206
24693
23860
29404
7080
31661
17746
120
18229
2336
17645
266
24988
5847
28990
14068
23939
24439
8869
16427
11226
28600
21577
1864
14505
16409
9983
19164
9484
5843
2925
12036
25211
17931
22383
3390
4943
6731
19129
30331
21634
3379
18110
7030
21687
4204
15825
3907
23674
1246
7562
6187
11208
12835
14444
695
20690
21051
29380
11019
23550
1409
14036
12405
5423
17117
29745
1862
5702
6204
11882
23777
28393
20285
24298
529
13699
18989
11808
20384
10635
11574
18397
14629
19210
10195
20221
541
2903
29319
13385
18749
31525
21711
29852
24071
6592
18261
581
5276
10644
1638
23981
3025
11759
10406
8506
6532
30216
3587
1138
20785
22847
15079
6756
22720
2214
29618
20291
32673
6593
11367
26965
19483
11914
8357
4363
29409
24248
10202
9330
27879
17985
6579
22986
8051
23838
22231
30067
19063
31822
18900
5905
12574
13341
29785
25064
12453
22438
23719
1160
14700
24983
28482
25519
24141
5684
10476
27755
28204
1695
7379
20863
19407
22870
11018
14344
30704
31741
31542
5984
401
8798
3978
20547
20624
13998
