19881
16800
26950
22056
22704
22394
25130
7777
16535
21076
32045
16616
15255
469
13416
21565
14275
18196
8868
3546
17210
11264
19751
13497
17569
2560
16334
7447
6097
982
12124
4472
25292
22217
5650
19691
14070
18179
32384
27279
21122
11064
28826
28246
5674
23432
13582
19209
803
1959
25301
2444
21840
14395
27400
30052
3510
32645
5878
29302
304
7492
11379
24593
16227
6614
11379
11567
26101
7329
24535
504
13306
433
9862
8840
29103
29346
15552
28402
107
1729
27311
9349
9938
11886
21055
17486
27980
28101
20272
17117
7862
10877
7530
25932
16727
4367
14736
28542
7189
21787
12247
1957
7144
20744
19737
29447
11664
18668
26149
4097
24451
21675
10586
12620
24618
13666
11892
15999
11340
6662
14501
15829
459
5960
24296
11057
27278
22204
3730
16479
29630
16699
7209
4765
25909
10374
22138
10586
3379
13355
20454
29245
29779
5549
20989
13929
3518
18399
12110
29952
14239
23953
26492
18149
8151
9070
20885
12231
24817
6437
16544
91
27480
1479
22133
11752
3783
11120
30930
17161
14338
24106
7338
19887
14020
526
23488
28261
8184
13485
2165
27864
8235
9646
13278
30102
21058
25272
23066
25878
28264
6802
10467
17401
25931
7048
5218
22671
