1079835750
79128222
2117165630
380403532
1983910206
1748221783
1439479784
2134001884
20167352
1567371878
676563754
332724370
1526817099
953952398
677759116
1006001917
1844320085
393066139
1035618522
606422522
1860635626
1340061228
1757525474
1710224006
839665316
229017213
1368373135
442540866
253511429
519427364
648783615
1333347179
598555586
618465597
1713750712
434982144
219203732
1005746848
421500380
239371084
425635079
1098064135
572095454
1952452178
2052016533
1249854571
810970447
1748852970
1642920710
1846588970
207791844
1356072688
1039166550
1965317318
918813047
1878831867
46850884
139702534
173889085
300362313
659129898
822672700
1633709492
1257685485
1441138297
1199976556
1692667629
1660342029
58239757
2114168010
1899713113
483874836
1064748497
324324920
288843366
969281382
1574179491
1099813813
570650705
1069616553
798919135
778442549
278205594
1838085686
596276220
1197018641
1569433905
643127104
1336721175
1743322990
943489417
1995851074
418512043
429715261
1106052911
1859650340
1629691818
651236892
1372508722
1687931575
617921254
1124738187
24322763
1682669751
1449063107
313166129
504467486
875758950
1412979942
1075118191
1945375504
64415430
1853560740
76097450
1902501116
302353312
1273116091
1324451373
945480416
462353618
920290715
1888969833
310721044
1338802758
171201447
1416773955
1050969451
1800893265
2068010848
275994525
1341341192
538448454
1400732712
1365663955
73634558
702312172
1678830084
578102044
1578071122
944326378
1653220235
1375962978
1008741808
1359297327
1452060428
763759276
1661650640
577692871
2088210649
459647408
1040046490
861017717
201133594
1350767534
52336827
372335041
620057842
1103306278
25744658
540585042
1379300803
1367085850
1079033496
632549868
585266157
1152668054
1334862040
116612593
1730770098
765449514
1060938971
1236506685
2141412493
2069680780
448320365
1445989273
685956408
2109971005
2023682145
626683410
422134765
916244987
1487701127
623268359
119528873
1540037954
995603400
739586715
495860585
1021348058
1280171757
1875161388
240950260
211721606
360227608
826216417
1364389660
1695089648
942829010
947676111
313055515
2003767982
36699148
306984360
1925965114
485019513
1752973633
464437874
447506870
1629172130
1091121284
869641636
397933469
431338763
1492909995
517462343
1971376718
341029748
1257049058
319753655
1362377806
389737168
47431395
1603328067
601458774
407659004
282060836
1965848434
2102748652
1224889847
766040897
268320519
1081174181
802740046
575304879
859655647
1287759559
180794865
1324093521
1735266430
1809966995
267731158
457424418
60416817
699069921
1950334413
577879160
522962991
143880513
1834928218
842716646
1506258320
77181738
890148042
962102739
678640512
1297807046
1244163575
497005299
1253072050
321569774
1263046196
1521392570
1402743955
2065786242
2096697449
114915954
1206062154
130008666
1439009476
793844936
1939975662
1706740634
1251269354
2000392479
258326907
1054120119
430787991
781289899
1198000633
118232561
1624006545
556775305
195414300
366670939
1518878044
874054812
1664477985
615557971
1371060111
770066388
937127746
486622660
143975310
192388053
404925254
93189111
307304008
1610987408
223197778
1746313484
257348696
15689792
1305570470
1508618050
2016082271
1563897377
415254522
299386614
197703628
1613255155
417619175
1821710174
22546812
613033475
40897465
1541424856
1487088288
1705375451
9499179
710664751
327958191
946626925
1197287411
471933501
1139014979
1602212666
565122612
1446318987
1065716426
788320390
1045148823
1323065123
804010182
203235645
684199525
672608805
1767133022
1099454047
971995419
1964836651
565225554
1389614595
1639063177
587772366
2002648070
1679960642
2129197222
1342252710
1237852445
2138696402
2052917462
1565810636
937839679
1102721225
2037744137
2076854658
557450243
455383102
1375689997
1623166670
1243703492
273355172
798748145
2047713675
476590817
1482947670
572838832
96240192
434918070
1544834252
2061076843
1000143624
786965199
1552656372
1587915991
642129621
1085133366
1569629565
1984382332
175502164
1560842319
1889816146
1741312800
351198351
845053723
1631573290
280569361
1402503967
2086956392
1656259359
878186989
1183176236
1929614531
1676935134
1083406263
258721701
1012399156
1656245096
354961893
1447317226
1053595700
268555088
299977203
1840560899
1821211460
1887893194
335206872
758861178
1310039111
172105556
934363342
723397783
2061921702
528192495
1074596134
759491778
12282137
1355165495
14512097
2099238529
863941206
892699086
1134931117
646072090
422150572
70853733
904793791
1434549728
1727098829
1259755684
734383307
633210881
1528310772
1034360510
326288132
1202038584
774770056
661495004
1960899762
2084809167
833600561
747779457
660723302
748038615
1275971952
1735319436
1507530393
1288254089
943001284
1522042490
1240008970
1806942490
267257928
227456439
305530932
689408500
298310172
1210324723
2123958229
2025409001
322596759
710857888
511136234
1850907531
1745218398
837424366
905462467
372504806
1498919371
718878582
309830325
185036284
1466658039
970553628
933074899
595146343
558389416
293121645
1883400432
1501390700
1815164135
975925754
1160849543
2082422064
1203382193
1466380475
624346916
1501692366
529221551
600821497
1379617719
851818310
1311679385
1890753954
555242194
909414135
580694672
1460704661
1281918941
2079614043
32099595
1591749267
117166679
1498757634
414819247
1050241579
2093903977
973208663
1343363224
1829820761
327115716
1011043711
658262867
1487965259
945982127
1861645061
806862086
1570329044
1215853779
1336083637
23666893
447987850
40418300
1335346279
191258156
595660494
97276766
771952829
2056365155
1379195708
704083224
2088464751
823461327
821249904
1439738737
1238280574
1871491483
1386159067
64005589
1067371059
1068496180
391121305
2078414770
1726759048
1879086564
876913250
1440920461
538465003
299758646
509290592
1874548640
323425539
957278442
1914966940
1658771818
1148536599
363143786
1756048585
1920489428
272025294
987760645
477089004
213006397
1811221972
1298338908
1652745134
902018898
1022346743
891420553
966024487
2089717802
1959916734
1357145793
2020648925
1539192134
1088748709
750078527
832628947
1627213712
1049837173
1341919539
1354278705
1373262712
151714333
1121761997
884550883
1300250932
1484905784
493115820
1073256712
1756931078
1480876465
1550345717
1969937475
1144614789
701200977
1475198961
2046633687
1723547721
219135867
865174526
1665781875
31568953
74836671
1538947152
1570761087
1163585381
141542031
255906386
643315445
1191379204
1597825925
1997594150
417158269
1749540258
971872500
1301709152
902307543
309294636
1794824972
1975564255
2066225714
1128217789
1378426324
1888679541
125348930
2079627302
1216394854
24498969
1655691375
1435530721
889673495
1173989602
1467099674
964510167
565453107
890377113
2128095548
706995138
1146283499
623927345
1898374343
596625776
474037848
168048964
198682387
1445910348
1469758116
1100989930
1755204984
1117099440
929070537
1673947050
97833581
160013214
1415142943
223182511
92156868
484054149
247681480
1747848243
1919584871
1137354975
774354197
1239200897
2101865142
1339807304
2129578011
2082477042
2046802443
1128377862
558920740
1797693138
1725003639
1032958588
1965742102
1923686026
331385288
1288016570
877192308
2086590272
257632362
1806262845
1613053674
355465943
1966276059
880712969
578648454
2058432927
1364767118
826329934
1658797522
1136868341
1963684909
285668072
228585591
1918066404
1625475376
210679954
1853059798
1524794171
1339057816
264496890
1175003661
916577807
1297455478
993262115
692780185
1628840766
133795037
1569972493
1567947390
391427399
1228751691
1033517416
746893342
1047544102
1914230385
1325541796
958493382
1131513856
4388082
469807256
120898549
1968072992
755475328
349484140
1738655748
233467057
560164094
1444231898
1758261228
1899221911
1708728789
785781242
668316070
858700619
1779043357
1361096256
340057738
1912838395
783585101
1908005128
156782146
2012336792
794038897
903675489
912397247
560785634
81733637
1870890629
1692299490
86121720
193214237
1813198040
2054194712
948689566
15198532
1645366812
1182156623
575362627
942115062
792934203
327100890
503360203
1578715445
995416960
1362060823
1210275155
209029568
1702118561
975629902
992614670
1462640041
1132412048
857467814
109195290
2036087537
1769865061
669980925
2117821175
1493272042
214796767
56459247
1686486280
2027994807
2110653959
487692198
2043193340
1608537123
1669848821
471072319
403168537
315299376
798173209
906528741
1894014822
1793590169
121105916
956806329
2002619738
1823224477
1932436231
847750760
1138380870
917364631
1705218574
1247576161
805968521
1327599988
1917557086
776306048
673388382
2132353853
832765295
212391014
2012865013
795935606
700083212
1908574705
256989081
222448385
232163376
660157618
537747762
1030336585
1566686359
284278936
676443106
1687792275
1241085265
531579196
1363533104
1026037848
1379329956
354430327
1943402479
937064883
1602006488
601887352
117181223
1372079926
1378193400
790569605
1356950131
63475047
1002960620
1222331496
859410653
1703043832
983422553
1116399734
1925492218
1215585929
1776557353
315756332
98438866
1195760064
600035268
774881973
736068692
1841120533
1306461169
2099601796
719674733
538307478
306548475
515593564
1475372361
1908554963
1117480917
1592553584
1133151241
348190669
235639541
342617725
411665717
1238600161
1564949221
1271076370
794160346
400888127
239992457
572168916
1616474056
2016549810
887925248
1714912923
1064826226
1487960516
342311248
1800894918
1181597401
1648772417
1753013067
1901272134
39596247
2059561542
269382050
1514968608
1820632858
1386862967
960038544
806300451
1735053637
1195678086
1148918176
2146719354
286794599
566383750
1270312076
1080954945
967271877
1510304533
1653123861
436262285
1379370695
393565461
3691560
296713274
1881525977
346002808
2097608192
915639730
1994775226
1703137611
669428216
2034371473
1615215506
938810267
1401856434
1288364716
178189586
214411330
2094665167
1913243223
1410089416
1096099696
1912478929
1696884016
1662483446
1035307358
630355313
482271675
398128243
135995527
918533960
1777498939
529560988
922225521
2074212213
263603318
1268228329
2024336757
1179243048
1115519907
1579990721
1848671265
1002407733
1047722579
639997884
256780519
188603647
818187470
471191849
135785166
583947046
1881281266
1231884862
348942327
1430681634
746884660
1384249685
2061036947
1229156335
1782377929
49548826
206648
1412393220
579109815
922432169
1339121785
842713133
43176850
1215974894
2021956181
1158696758
648481967
1723143798
13620843
1696204546
215658034
270401362
1884808193
1033845505
741593211
2020593360
1617792551
475390829
