1395448472
1345140362
404062482
780753685
1058840250
212191946
1754979649
435512917
451305759
332367610
1741120944
1073918868
1763428599
1930641633
1786572888
48376037
398496240
1992292220
1729264797
1355306152
653332047
727799195
276930421
2011887243
394821021
309628356
946494672
1152815619
100264895
952314281
465275344
1495713367
149970995
869337826
128983404
1208811245
1081529772
1883963054
1644324162
1532835532
68847016
1237961459
459270752
1832275615
1021119444
98359993
1880651653
1419615684
2090652213
1462432802
627438188
596500613
42748349
904368610
460904208
437569371
1213996966
1407398880
1590384990
1314261861
212229513
2055660334
662491580
362200508
777514512
791474985
1571011754
1859044284
527954391
1067852268
1244396168
596801407
158330079
1703666921
281593374
1179449523
1802026914
14761379
451581559
1745195479
1477194182
1079019748
194212444
1519942531
1983388358
655116652
1957511902
1049901676
2062515533
1400413244
216679890
127261398
1308589930
879171470
489461907
2086104442
1670646455
2060473661
1797665079
51117198
