19862
17845
18069
8749
26353
31602
6455
25340
15770
25196
164
16351
13494
32263
11335
15840
17207
5949
30651
26238
14253
16683
27966
4177
28255
1743
19555
6897
11675
9744
26887
8723
7242
31742
30341
27637
1735
1628
4910
5885
26098
7772
10227
19101
23680
20649
28773
28537
7829
30378
16096
13004
30612
29958
20738
22791
25142
17251
18530
9148
26329
8564
7039
20155
13339
7474
4855
26747
9640
20073
9978
2491
11600
27511
20733
12392
21085
6992
9651
16834
15139
10438
19257
30651
29912
31496
8081
15775
28070
30568
9041
16378
21759
12385
31900
13239
22065
1496
9810
6277
24890
6818
8068
31359
30173
17223
12075
30475
9461
20997
4121
2306
15370
25624
6447
24594
20258
5177
13777
18273
5337
13925
17047
24435
18612
223
8773
12110
1971
18040
7934
20700
23333
9742
27572
15504
26048
21331
23011
30796
26353
23759
6015
11651
2161
4905
2347
27291
10777
30114
5291
5013
8183
18402
28572
17903
5793
13559
18018
13257
4553
9115
20323
14920
14610
8117
7795
14136
26402
32035
19598
25077
12025
6071
18381
11147
19329
21631
24467
27164
11622
18506
24839
21378
6951
10087
22472
2870
5998
25264
18140
18288
413
5576
28137
20880
9385
10912
28327
26045
10283
22080
26261
13772
6068
21188
20715
4963
29793
31396
17616
1374
1200
10553
25550
19569
22162
1149
3203
6927
10178
5139
9625
1163
10324
18823
5368
26494
19345
24022
14137
22376
6914
10289
27486
18842
16331
20990
1729
2387
13883
3104
17739
14121
24480
10616
2534
22442
26208
17067
821
13636
10309
18214
2178
6498
6937
8032
17144
8408
24435
17503
30482
12161
30160
28798
595
18214
18917
19821
24888
17826
2100
17273
20843
20036
29150
19982
25657
25205
8888
31098
5446
28059
32160
28147
14719
18493
13074
11228
23121
30311
5622
23876
20760
9552
12988
24752
14043
11322
23723
28954
31798
5274
9590
3897
15767
28025
29457
4099
10158
28186
10178
29809
30
11229
4219
28290
9849
26467
3431
14210
8555
13555
10435
7052
3125
1052
4079
24142
30813
19100
8901
23820
6052
22145
3369
4583
16953
2958
7905
23648
11564
4064
21928
13080
25893
11218
19837
8921
24918
24861
2881
16090
17070
32068
21889
26175
4944
11055
3985
736
6723
18453
19162
9547
5995
32672
628
8716
31672
29516
13560
5164
29085
28945
20623
26871
18884
32065
9551
22786
8192
13235
20936
29293
19587
17441
24025
6246
30033
3535
30665
7150
21492
7789
1938
20960
881
6207
3200
18991
27260
17275
30971
3183
5608
20211
161
32151
5985
1011
3225
21253
15453
29037
18979
14018
12624
21075
1907
264
25887
13125
21183
11009
16600
7020
3991
24274
1952
15526
30325
18648
29421
28387
12949
3633
24309
31439
4614
3199
7014
30641
31746
18152
13399
16530
8571
9314
18302
17571
7158
25389
14756
14041
28316
26016
24663
24794
7566
15401
29663
7452
20346
4240
23923
15435
11628
22139
13740
23020
29926
25911
1849
25665
28722
24245
10709
23404
18679
2003
18806
3030
26891
30173
28103
18386
23944
13652
5593
25726
28706
19950
15381
32234
27319
18397
22134
18045
