2998
22067
9407
2052
9890
4593
22846
2972
12254
21626
10287
18271
15892
13211
704
4115
6658
16365
14001
15817
14217
27040
20488
22205
17665
8822
17157
24959
17616
24850
29272
8784
25915
26995
26002
18383
2684
32444
17370
19157
16148
25142
26337
1437
32354
17303
6680
17960
3445
1669
23072
24543
22047
342
10369
123
30794
6426
18336
19490
1423
24283
29419
1234
6917
4643
26455
16643
19799
11455
20492
30088
6938
23491
27486
22199
22877
2510
31744
21705
20097
24207
23156
14212
28491
22408
15046
7447
29239
24082
31354
24645
11535
32418
2755
10693
28861
9546
19190
12521
