2982
1093
18390
12808
23854
17727
7284
17608
28000
19599
11027
18050
3502
28783
20815
15729
3640
22543
4847
29266
22676
15171
10950
19900
10186
19064
8918
8116
419
21229
14268
1405
21796
29472
2888
25005
25173
29574
27243
6790
20295
6014
10838
4738
3668
31368
24800
3888
31145
19890
31784
575
18434
2388
32124
26840
16053
26365
23418
13618
17650
14253
20341
30304
15433
27205
4635
12909
17004
22075
19284
9898
16439
7826
14701
25159
27117
16650
21365
28449
5317
9620
27367
31963
1445
16904
4234
16944
7469
9754
16534
2183
1271
907
6680
5576
16925
1692
9623
26735
20732
4808
28408
31199
11832
14258
30367
31480
28929
29277
15831
16107
23188
3739
29300
18509
32516
15560
32183
11371
27450
12215
31345
16606
27706
22253
22123
18271
23465
2317
8966
3036
5516
12948
22815
10443
31571
23750
5173
26046
10262
8425
2254
25655
14878
23472
14870
3774
21927
13562
13002
32306
17636
20413
17748
18781
22852
13884
5944
29386
29172
22145
31662
26843
19365
8967
24976
19478
32143
11191
22647
28608
18358
17173
28962
18605
5740
956
32023
15958
24343
18952
29068
4652
14900
30226
29063
20780
24220
2529
17221
948
25094
30686
13529
3989
25294
13705
13333
105
32501
26219
7597
10791
15464
13131
1946
23028
18053
8613
2749
2364
9435
32600
20421
18178
20273
13983
25426
19316
17098
7746
5466
27075
31976
6670
26573
21553
32399
8066
20596
26220
15755
29387
21023
27162
9909
12275
12543
2485
5489
29781
18001
26009
25723
15444
14140
32603
31716
18764
4861
28509
87
9161
7233
6303
1953
3575
16850
20184
30320
31322
2678
8902
27483
23231
30741
18626
23331
23411
9753
19863
16953
24242
10010
3476
3968
19554
26043
8672
11347
2562
3279
14350
17866
11997
15041
2033
15161
18563
1074
23474
22010
17273
2531
24095
11885
19504
9686
9030
25148
15412
29616
8003
32740
26534
14434
32598
19313
24300
27912
6457
16520
30887
28945
25776
30123
14309
10145
13153
17593
25241
1075
6886
23732
23624
19075
17697
8391
6404
1451
6863
30856
15518
31372
31840
30074
14872
6511
32007
29142
1881
13036
21517
3211
14628
29708
30826
9859
6987
28074
6806
17704
6432
11039
28829
32295
2605
7198
2162
20595
14117
21980
5253
3726
11034
28532
26263
15876
9455
32139
3277
4152
15633
28975
17668
22626
4962
24069
14949
8921
6518
27556
16697
20878
19714
30268
1278
25049
30353
8827
23738
16249
16505
26801
14735
18646
14862
23346
25488
26760
6933
11260
30931
26653
23420
13721
25287
24599
29512
2887
13768
26933
22222
21591
12017
29428
806
30419
17458
25428
11997
21859
31394
25567
29418
9329
30486
32744
32739
6796
31986
30737
13169
10
20287
28432
8706
25074
10238
21426
26813
27673
14780
11295
23483
11914
28519
9825
25716
21035
24160
4640
9335
158
7889
10159
12383
870
32321
16461
30466
24139
16486
25508
10475
26879
25146
20118
13323
11265
4945
22329
10155
1218
22889
21024
5285
21767
4675
23773
15828
16782
18353
12739
11465
17396
2545
26865
32447
5078
17465
19084
32209
11063
16275
5707
23147
27169
18411
25657
6399
7567
10086
694
2041
28043
27638
30143
20980
30356
11052
31600
46
4674
14413
14791
313
4909
167
31147
2036
30730
549
4909
22202
23063
4130
28429
19161
6842
23163
16768
15430
5220
27368
25136
1423
21180
3212
25989
18448
5626
20938
23331
16490
9616
11355
21940
16177
13840
19357
8167
6629
26186
13614
17080
10276
6068
19386
16627
8477
9744
14353
11251
27976
16968
26749
30128
16469
29853
6738
9209
3938
2560
8646
18685
14192
28864
25603
25872
26648
18534
14203
5548
9850
10462
7804
13750
31863
25815
4100
21251
10272
19307
17110
7451
24429
11523
11981
12605
31795
10101
14449
26531
9296
32112
15048
1542
16936
32026
25455
31589
24918
14839
5352
2307
17307
7693
17206
31919
16922
5702
32423
24647
20168
24085
8434
17023
10782
11868
20609
31967
8465
21390
19984
6923
26435
28433
16503
18247
24955
26598
29380
24634
29779
20107
14477
7154
11056
14368
27781
23593
19319
21706
15692
6087
10238
17749
15500
32168
18625
29725
25665
13470
15063
29998
1624
23738
7332
12714
23164
13767
14927
25195
7725
3864
20086
7658
31506
25732
15137
32095
10128
19630
20213
7466
30107
7306
27307
31858
17356
25628
6848
12
1204
10371
31085
7326
20593
32567
27865
27652
13438
28303
5518
12786
13776
14214
297
5083
14622
27838
30038
2066
17792
31429
26364
16432
21819
1432
29109
4789
10459
16229
25473
10226
20611
7317
12475
28198
24450
2314
25676
6375
32294
677
24606
12227
19925
15628
468
28712
21337
12970
32696
1665
23420
18167
4596
25250
3541
24057
15366
11110
8673
3339
19054
5526
27222
18653
22697
8717
10931
13500
29539
1818
27420
30483
10985
18726
15973
14130
10717
18071
11885
10319
9261
15092
17069
17866
12869
32073
21776
9398
27780
32205
10501
32404
23277
18114
30931
22881
3360
1181
27950
28884
28296
22887
13063
17633
10965
32611
9128
29057
13997
32497
13055
13237
20638
31666
6202
16328
3672
23789
25749
19669
18969
21809
31856
31114
1128
3388
9893
28203
3590
30236
9752
24538
3618
1684
4496
22805
14540
26561
24005
27520
18860
21757
19898
12005
5876
13060
15692
12665
20627
8790
31243
15713
16300
4316
7754
6004
6726
3789
8818
6979
16197
27347
6300
22614
28313
22890
18014
5305
20917
11145
4324
22712
26690
22661
28483
26598
11541
24370
22283
19300
1887
16971
22299
20831
23588
9236
21690
9691
21487
17725
7907
26799
10435
27402
19423
25809
4180
28849
5402
19668
5751
2052
9519
8367
31704
27983
3141
8384
27883
4740
20126
29201
9509
1429
16749
22489
21099
5666
10728
9798
19659
32340
21151
21113
30314
4873
2828
17363
22461
16177
17771
19055
19452
20087
18124
24303
20948
19237
7526
3964
21597
29505
20782
15880
75
2300
680
5078
31080
590
27645
20029
1090
23514
30799
18601
30752
4887
25929
26594
3387
2993
8954
19089
23339
25645
26083
25344
7072
32205
8014
24097
1362
15283
20450
31698
21307
15688
26741
15455
19459
6111
11553
1864
23996
21398
20122
12101
8655
12157
11710
30600
23862
28923
32110
32322
20716
17005
13981
12392
28322
25871
4774
10935
17844
14880
32739
11254
15451
26433
17531
31867
26916
6687
17275
28400
8353
12113
6185
24151
2910
16516
31637
19788
22550
24021
10352
2698
24103
30334
12577
32433
17476
13493
31766
1863
32618
20689
23128
764
15893
8111
27747
29490
5043
24660
18740
22204
30809
3283
7075
8678
28853
12913
10739
30646
29252
5384
31656
2162
22468
8617
4504
14690
31213
29829
25669
31191
16476
30222
7274
26989
16080
21337
14804
13196
12952
21959
7283
17461
29772
24036
9137
14843
12732
1423
22530
14671
1062
11612
21181
1281
13996
31030
22570
4
20740
73
22492
31858
14962
13343
18241
31695
2291
17160
2679
17554
20667
31168
24417
28897
2018
26700
32507
23197
21083
20005
26858
2206
18981
4504
3416
320
6085
18029
18686
9758
28403
1991
26498
32029
17300
10571
8196
2733
19176
900
16372
8523
7429
24454
30758
19018
2692
17874
40
11220
31354
13434
979
4140
25770
134
3872
29237
15352
26261
27709
13112
23841
3784
10208
24034
21930
2011
12252
6796
5910
32149
16370
14528
27228
11875
4329
29176
14232
25664
32224
18856
30209
29911
5092
11903
22555
3308
16318
16618
2094
19192
3598
25307
2294
27923
12702
29896
3740
5655
17392
25590
25573
28163
29721
28151
12202
8605
6098
15730
11912
1372
21197
17442
13528
24452
18501
30241
3297
7571
2777
19047
1357
30940
16026
9357
17370
20082
8547
3031
12370
11847
28009
21362
3005
26005
18962
6138
2005
2173
16139
13888
29370
16111
23957
8009
19175
22729
5151
11674
20325
27971
24602
24498
24638
2442
21001
7129
17205
12971
6103
24856
8372
16051
366
2441
19718
18708
13189
465
12742
17995
31929
6634
27544
31424
224
21286
28695
22766
11930
20336
20494
2755
13096
17877
27114
10826
24706
8260
8303
28039
14755
9874
27051
18851
6440
23233
18984
20809
9753
27266
4198
21071
2823
23032
25736
30361
9047
19391
78
27706
4829
2605
9027
22749
31661
13784
5944
7268
17965
15704
22768
9934
12143
590
14621
25950
4542
20389
2443
2809
7031
1303
10908
14289
26651
7155
3316
17472
12193
26910
31605
13046
17
16472
16750
3671
13646
23745
271
13599
9011
12956
20001
23112
9698
3666
24820
15405
3161
9402
30104
22255
4423
30871
11087
5656
22045
14691
30787
18814
5223
32587
1397
24939
31069
2170
1782
13818
24501
23450
25689
24004
23484
29592
17768
22460
19877
22696
22294
3160
28193
19082
23733
27122
2352
24587
24937
8301
23350
16334
7645
16411
17489
22092
26164
16350
17898
11546
13379
11918
32394
18283
8701
5019
6127
10197
26670
17140
23392
25432
13677
10279
24637
26012
29003
19657
2266
19066
16337
7704
16781
28862
22826
13791
13830
10795
2460
10906
28895
11456
28093
10971
6516
10554
16099
26604
17397
10970
17372
5046
1978
9320
14815
30177
20438
20088
18883
23613
6638
15084
23919
27233
5964
16826
27026
3218
25647
10992
32660
4582
18789
14837
15308
12712
15388
32273
25587
32767
4086
3119
18904
5579
3931
1506
18006
28624
28179
4519
24707
18710
18964
10346
29995
29839
11928
23627
29309
31227
19827
31905
31747
31241
25252
15167
2776
7615
30250
14071
24085
5403
28697
3933
20364
26875
13036
26061
24761
9274
12317
28592
5109
6172
10995
32250
26093
16364
7580
7671
31571
2019
29819
14152
22227
31564
5059
19241
11081
7654
23365
14581
7729
29834
7302
11243
3678
269
14101
5682
13040
13672
20251
23835
9856
8726
21044
6823
12957
25534
15997
6217
28540
5138
24559
26348
3051
16887
30699
14392
20871
13542
789
23825
14639
32658
4454
3425
9144
9675
25725
23832
2786
22946
18486
625
16011
5070
22910
20854
547
2894
12134
4294
7776
20560
6774
2966
15155
3666
28227
1270
5626
14727
2371
28757
26615
11132
3809
4936
4353
29435
1997
29831
23161
23344
23702
15416
26240
28170
24186
26993
8039
30180
21117
248
15207
16997
12984
6477
10387
13476
6644
26602
29962
22160
3447
13257
1905
400
6430
20775
15265
22630
29100
2696
14236
6233
4450
6907
3270
1427
720
7583
31058
30408
19946
5734
24058
17432
15198
30745
15347
7479
25125
19356
20256
2763
13144
23668
6278
7957
30790
3718
27904
6612
30403
16673
23603
870
12227
25407
965
817
27687
7432
8906
30017
3030
12952
383
818
19216
1026
315
17489
29183
20117
26786
10494
8847
4958
16412
13653
14464
18157
21126
20237
28602
11868
9767
8863
17632
3470
485
25515
17447
2741
21176
27800
14953
27415
1376
380
31861
3345
10323
14907
14506
17244
27130
22514
1732
30095
18204
2454
10741
10725
32155
25560
14648
23617
5982
4172
8674
18031
8590
30667
14457
32173
25605
27670
19402
2410
11523
5307
28214
22349
1315
9021
26957
12409
24462
4719
3998
5136
6767
29985
24780
6901
25511
6142
13285
18647
21953
31413
23536
28267
24872
25687
31429
248
21911
5888
30242
2841
8146
26298
17146
6847
3988
14238
31504
20597
14792
10045
28869
29672
19195
25918
13614
12710
24082
32584
17514
26150
11064
9250
19507
6665
8987
8728
16562
5023
19032
9377
13208
8621
26931
30016
8554
877
25484
17320
10524
4567
19727
14627
25058
3615
3498
23348
17219
14719
10820
379
21359
6710
1452
25306
4050
4561
11727
32214
17385
10409
2351
24640
16981
12973
30864
4628
13358
12641
16628
10145
29337
5927
20938
16106
7837
20414
15203
27725
27442
12808
27045
23138
19867
16144
30467
8486
2038
21067
11181
6233
16914
10014
32003
10532
9344
22433
8528
25343
10733
14499
2997
22482
6831
14062
25699
858
26269
6603
20749
16847
20772
20169
8606
6596
9111
8891
13607
23886
22983
3072
11035
26216
31956
27143
13502
29334
8258
24081
6875
25033
13647
8505
19381
23683
10372
31666
1345
9531
32139
16721
28562
6403
23872
30539
15253
9064
18954
1855
6654
10650
28268
9079
7810
12493
14807
16491
25415
17374
16323
18310
153
23610
3326
26413
11486
20988
26435
9214
6348
5973
11022
3925
23513
17201
15279
18197
1267
12055
14749
8869
9074
11345
29454
12600
23627
5198
17092
27986
24454
14404
20778
18824
20978
29721
27551
31367
32535
26756
26130
8791
26476
8304
15055
16609
32458
9633
23704
3503
12065
18585
28408
7924
29546
8125
22740
460
7900
436
25923
10180
9315
32528
26272
19869
29262
7984
4061
16205
13895
25700
30745
7495
7561
23379
31861
1788
25933
14746
29732
20130
20357
20406
27330
6708
20429
21028
21735
5562
1183
15814
29435
6858
20678
23433
22092
29007
10517
10053
15453
3465
27224
7653
13442
28501
19339
14023
17321
1711
16458
3174
31355
16757
24457
30774
12708
9837
8837
9679
24686
8586
4090
24910
16789
25963
10135
9464
14935
1573
8623
10785
14282
12610
22321
333
30322
9994
26074
30100
26643
22785
25769
16203
11204
20912
15508
18912
19525
18856
31097
4358
14482
3525
10071
22802
10936
6832
4030
18085
28904
4519
27524
6540
19658
27265
23738
3812
23827
1772
17630
11906
17754
2810
19282
1938
2088
7900
10253
8317
18254
32237
1681
7697
24187
30450
5405
26076
3085
16799
5155
16344
7208
19806
31228
15182
18949
27981
32475
23284
19341
1413
9472
19544
15143
7586
4398
11906
21454
31872
18270
11221
13158
12610
8117
27447
5968
11673
1972
7282
18236
21827
25519
9177
8766
9937
9344
10542
549
25006
25980
3523
26888
19805
9894
3552
11553
1538
30499
4453
5854
29220
9198
28592
9526
17841
16077
10945
27706
13890
4484
26012
16876
17569
20808
6639
11603
16265
9846
20725
19407
25516
23685
25498
8363
15610
20026
1504
753
11553
25114
8577
7554
15184
11045
17366
13669
4417
449
8951
10848
18806
10485
32292
26053
29379
21463
23908
11151
27916
8008
29803
429
848
21470
11457
8606
26342
1058
6945
10302
28679
23292
25632
30688
18317
11883
21519
156
24058
10873
11809
25323
21436
10351
30417
8305
14000
1605
15742
20249
14564
4700
10584
615
17569
24432
19840
24330
4521
5320
2155
3249
8125
3759
29320
31264
14946
25384
8226
10115
27109
7902
14983
27394
30109
20058
13418
25493
23408
10104
7558
3610
24728
26396
22916
12453
8103
14113
15903
4119
14281
12434
23686
9202
330
19997
31233
15467
27480
25284
31704
20161
26377
26838
19057
23502
928
15646
28600
9436
8204
6746
29891
8889
21937
26863
17079
29454
107
14042
2789
12268
2000
27626
31289
26024
19894
3628
15317
6889
26102
10919
3833
7935
31599
13898
29734
4726
1613
31523
13699
24043
14219
26066
20095
2847
15798
18236
30392
13386
18164
24196
21532
32178
25670
16183
6221
19835
12810
26566
3402
13761
27076
7226
21837
17636
16669
22819
25071
12323
14892
29393
26258
3181
18677
13511
18944
2419
29231
5485
23376
25346
18251
20997
19978
31888
25521
1760
16779
23317
20301
6098
22442
28956
27210
31971
7835
28953
17949
18247
21012
6653
4038
29329
14255
12808
28498
22051
6800
9182
165
19177
10823
29150
18806
22855
16631
29615
20635
847
21688
4635
14983
32568
6203
29985
3857
30219
3757
22597
3191
6816
5853
31019
11170
11465
12704
21604
14763
15565
1909
9352
10911
17176
29029
22405
2431
24624
2349
28214
10635
22763
1183
31288
31936
8928
24646
11769
13216
5403
7497
13073
2609
4373
5777
15062
26184
14307
12590
32042
11015
32685
27639
6552
26021
15714
4721
3744
14189
30378
5875
15182
8458
4124
22535
7954
4865
11186
21778
19403
26495
19321
5688
15909
10581
3213
19322
4133
19521
3653
26401
14850
14959
22955
14176
21815
23359
23855
17205
5590
30537
20636
28304
28191
7583
5450
10679
4177
28241
26262
12265
17088
28215
28303
6465
14888
18410
4850
17374
28225
7700
3673
22593
7315
21226
10671
27894
28044
26870
10727
3447
28624
24858
17901
10317
24016
14802
14557
10360
24990
29625
17524
15889
19200
16207
14276
6702
27587
14329
20011
8710
3665
20553
31365
23894
14982
21376
29345
9219
15552
8273
3826
20224
9013
232
21127
28786
9610
17451
12093
22290
10913
31808
23092
24787
24754
1615
17535
24774
7069
16265
3104
7226
28030
2921
31027
8999
11650
3897
23401
1997
24826
18137
23480
14744
15022
22204
5713
1863
9332
16179
4307
3149
1793
21742
24766
3447
17406
8895
5674
2256
5727
6306
16057
31938
19696
11259
5322
10877
4912
19742
12015
22429
15459
22036
17314
21254
17635
22173
21811
16659
32183
24945
23045
29425
5734
16075
13562
19781
30989
10280
4652
533
11440
29004
31710
8677
12750
17031
15282
18464
3384
18486
23580
26298
29987
31628
24086
29972
21627
26771
30485
1568
6266
5485
27452
2501
31866
28384
22480
15749
18439
24082
493
4189
13113
27536
32119
32236
25920
5013
16466
9432
16705
12170
30166
7278
30049
6345
9853
19848
31
26790
2015
21172
8166
31152
2273
9106
24802
3636
28201
3966
15636
16387
4821
19311
673
7541
8556
5919
29808
6062
22804
15725
22771
9760
13062
29695
27461
17233
31808
24107
25206
9951
14201
14104
803
24769
23386
26400
28489
14799
16619
2169
10330
32133
22092
7957
30609
4356
27045
1990
12419
31577
8287
25254
504
17154
28309
31926
18680
17582
8901
31941
6697
26437
22988
22420
30040
20776
28433
20279
22357
698
15616
446
7684
31263
16826
19221
29361
17476
31754
32297
11940
7967
5276
14668
28149
4408
10089
23003
17570
6760
16758
21278
18911
25056
26302
27759
28077
1390
13420
10911
19630
28156
29518
26773
30264
19802
11911
25400
22696
10557
8836
15504
18425
6023
6193
14887
21141
4040
108
17078
22634
30213
25530
24317
6209
17081
31288
16883
10059
27674
32725
7199
1789
29853
6335
15942
19742
17084
23067
20294
4639
9719
19193
6466
6570
11545
29063
12799
27005
12732
16516
654
17017
15631
30968
29228
12278
10711
21539
14438
8538
10164
2483
6785
16874
934
1594
6168
736
22991
26078
19207
3005
5243
1875
32392
1248
23645
19206
16796
28760
24091
21147
30893
1271
2318
21658
12913
16295
11075
22629
17425
7937
3781
28270
28811
15644
31774
14502
8021
15267
17947
22329
26179
13867
17104
3448
27306
11971
21980
13078
24006
10444
28654
17816
6233
26123
10120
11783
6549
31228
20227
3816
27964
10089
11220
11886
15622
15420
13069
20717
4419
24466
28455
6034
1217
1552
29438
14162
28656
122
32285
7200
20292
22657
13884
19555
26843
28637
6663
8359
30048
5532
4385
9106
20527
1466
15721
11802
29369
1777
29052
5110
16170
6866
28795
29778
24138
29717
23310
711
13473
10030
28072
23690
13023
18721
29709
15844
1403
28822
5650
11234
26521
19760
24996
26189
7473
18715
13836
13788
22638
26852
29809
27305
3668
23950
6559
7906
32422
31970
9479
4545
29447
5126
28934
11966
31071
18513
24682
5379
7552
31326
1330
13088
26122
24415
9365
19200
6283
17588
15430
29211
2283
12733
27895
25070
30728
23532
28188
11432
17821
8478
28401
10791
31080
31787
2238
12578
26508
10171
9817
28840
29748
25436
1261
32201
14969
3794
12795
27027
6790
4014
10910
29504
29433
13603
19
10925
2445
3604
9592
5902
26358
25969
19156
13793
10765
22724
26968
26144
5677
15623
25829
5051
24797
17849
26318
14149
687
8753
21982
32237
3944
1329
3997
11697
22880
19134
18127
6606
25644
12335
11070
15227
27259
21125
16057
17110
31550
26362
31581
13343
29196
25053
12051
25892
20164
32668
12378
28412
12404
25635
20551
26616
30585
17508
11721
31191
21224
20023
20018
10297
15661
16997
7923
23383
11250
29951
17575
752
30531
10229
23380
25991
15343
29667
3053
28619
15665
13102
6939
6231
2447
9040
21820
11163
26371
12400
31661
5146
19033
7990
5956
29399
24024
2269
21537
7177
23332
23946
19111
19478
15459
24796
22981
10431
2207
21700
30330
25240
16235
18071
5272
2748
10186
12897
3272
28862
1612
28797
9166
7395
32378
8546
5902
14990
9076
3008
21071
1787
31705
8396
12992
6192
31975
6871
31544
4145
16612
27174
24002
4212
31932
25598
15961
404
30955
26622
4848
841
4509
28594
1206
6296
532
15460
13975
25671
32587
5941
21766
2452
26073
22381
21242
1319
32535
8976
30774
4676
8581
7602
9422
28741
12394
31115
28135
7240
16059
7886
30654
21285
22846
23863
12524
28579
15343
23523
21224
30955
30371
15205
19405
30012
17643
7702
30045
21729
7483
2732
15686
2400
15180
23823
8869
7413
10686
14696
11465
24126
3842
13690
16185
29752
16759
11317
28408
28266
26323
28552
15623
9568
8901
19576
23084
32603
6361
5487
22514
27975
17819
9942
27377
13293
29439
6629
8783
21866
19456
6586
14471
12000
21384
3753
24937
7787
17040
5076
14691
17751
4488
27387
14846
14992
12537
25237
22443
16729
13673
25119
11456
22593
31359
4276
21950
13395
359
18910
25301
31886
3704
21676
682
22933
18964
4356
19031
11687
26832
3899
16051
2256
7893
17891
725
11617
25223
23012
20435
14495
16996
11471
6607
17336
21038
9582
1589
4347
29516
26272
5950
6471
31854
26723
12473
3524
1136
10035
23050
8658
21633
23955
24947
12607
17796
31721
17554
5821
3254
21134
555
18067
15249
8742
14632
402
30449
1581
14558
13387
10614
28115
26258
22143
13609
5898
7228
24279
26722
16349
25738
7893
14825
515
14376
6923
4187
3252
8255
13195
6351
12475
25148
12446
28858
29389
6354
1977
10000
6169
24130
27820
22700
24864
27610
797
27634
26311
21179
17461
12211
19882
12768
27801
24912
17332
3420
1692
24099
31725
10979
25779
1050
7314
6028
8233
1445
21355
15061
28691
13523
1113
6888
27783
2488
17967
13853
4617
26641
8642
5567
6470
26667
18244
32275
30469
9984
11725
24470
6234
24995
20795
28039
12060
24543
572
32165
8858
29211
31913
5434
30858
1665
14358
18264
19010
6496
9895
18531
6699
1230
22053
23247
7538
29585
10064
31019
19968
31552
3959
24927
22701
8613
6215
25906
15280
20838
4577
9231
10586
484
11055
4616
773
5732
25719
28699
71
14445
4144
6580
22123
12656
22037
19316
29729
1967
27769
18225
9588
25175
31706
31038
13309
30959
24760
748
22358
4598
16295
20048
2514
21704
8100
3911
5483
29378
32421
21944
27900
27558
5236
5401
9649
28993
14268
17717
9403
11851
6500
44
21832
29838
18973
16827
31410
5707
15927
11197
29430
28377
17337
29682
32105
24207
7856
24320
22950
15844
16327
27831
21195
3029
18712
6553
2789
23431
21826
22938
6824
17710
13500
12324
22884
24109
5481
2398
24884
31871
18540
14510
9081
18773
6717
16509
8582
26368
28924
18234
7581
11794
9478
23969
22555
17856
18375
31293
11503
7051
19663
20011
9552
32288
18727
22306
20912
24444
15589
21168
32747
595
6910
30406
8645
5811
860
4983
30611
2533
25392
509
21304
3476
28554
1277
1875
6704
11815
32268
22199
28821
137
7281
30748
24296
25933
26924
532
19650
25530
21560
21312
21137
21910
9998
19139
24635
829
106
25847
14084
17908
15697
4191
15025
9338
29523
20189
24045
7648
24590
30501
11757
5787
29171
10866
16720
7128
20045
21112
3657
28943
30846
15257
27647
7131
32396
8027
17204
25097
20189
13082
12837
28142
6975
3834
10162
3326
27948
288
14783
15515
20299
8482
15066
31019
12345
14267
21278
877
25226
20164
8279
4109
24075
32095
8551
5494
9802
17526
28904
11239
31321
3940
4882
13257
12750
11505
23263
13888
27406
21636
10862
13312
28364
2964
4773
22114
27852
32608
5659
14006
30189
9952
4917
12251
22374
16635
6543
28174
15184
762
11933
12544
12901
2877
17810
29739
2823
27692
28288
29029
6532
25457
193
12726
21912
4453
17559
8295
28979
17607
24591
21595
19581
11956
2859
931
27415
4819
20287
21836
20132
18385
21916
1403
23177
7181
2412
4029
9456
29332
4317
21400
22803
11343
24962
26470
3767
12667
29686
3427
15094
12122
23234
32516
7746
24104
16512
650
21415
25425
4417
32472
25936
9185
21293
385
2637
6972
29289
27430
29076
2575
1086
13823
15941
4486
17783
2743
6450
3776
22538
6013
31646
19072
1019
23896
5957
20773
32638
26554
32669
1756
604
8793
30812
19476
10391
16698
3386
17970
26705
28430
22264
8326
7914
13762
4513
22910
31081
21842
26640
28698
15389
31966
6322
1440
11652
6655
22413
18321
10347
12891
4481
13787
6487
31607
29902
6480
27428
9421
25303
15959
9964
2079
12070
18402
19242
13322
20399
11936
7711
1246
25177
16499
32629
16301
11194
13348
32035
25506
29474
9558
12176
9620
24540
3256
8443
18907
15280
2175
17434
20579
16044
2324
15873
9983
18469
13833
1862
22015
10488
8018
10339
23300
25365
3762
5467
9747
575
3443
27809
27881
29197
29274
7477
18574
30005
3034
14352
20781
8713
14984
28866
11299
2114
4047
4442
16470
25597
17637
25990
1224
515
7677
24827
7532
14669
3519
1303
14904
7624
11509
18885
27771
20565
23175
3490
26225
4116
6057
20830
22804
28898
29779
16996
25654
23328
8177
22717
19661
14519
29277
3121
28046
29528
266
25776
5565
10249
5250
27121
19011
13277
4626
13913
7425
32258
11715
12574
3684
8961
30861
13228
11577
25922
7880
7752
26819
1743
27363
8179
18699
28761
24664
13713
376
18816
735
9290
4511
26191
7651
29489
26716
11782
8242
10275
15650
24349
24568
19442
5007
21637
23278
31171
7492
12337
18127
32181
28147
3797
1548
18116
13753
10478
21696
12268
30127
1282
16870
25745
25276
7977
18634
25630
27309
10700
7869
26861
3975
19373
2317
13927
3355
32551
20276
4716
31964
30392
7504
28149
27630
10940
27347
247
6015
29819
14716
23947
17242
23142
16518
15949
24249
29086
22559
5121
27483
30902
14619
5757
23255
4026
25834
23747
22064
12656
18887
16493
9129
20957
30515
4174
7899
17931
30370
22102
30468
22794
7284
13494
10146
12853
25894
7749
24385
28854
13002
28194
18577
8269
32436
8859
27067
27469
21367
16206
3573
11751
8976
6798
27989
20138
19808
6665
1762
75
27360
8871
24817
20642
12176
16309
9135
10486
31280
17730
16890
9082
25523
29129
9333
23063
25329
21265
2779
4716
22684
29266
6035
27412
6005
2969
14725
28199
15551
21613
26669
11523
27892
5555
26093
18764
18616
7375
31912
3889
11787
18444
26764
1265
6594
12862
25903
5022
15672
16806
4318
11554
7233
7701
6706
4991
18271
21076
27619
9563
1593
7364
19169
21435
1608
13122
6817
9487
25044
32333
15285
26991
4895
3947
14496
1060
10208
22216
13544
28266
18674
23585
21101
22388
27214
32480
248
1457
14135
393
27671
23886
3764
25684
31529
12284
9283
21276
6069
14835
6348
10871
11776
28726
8148
22567
7134
1049
1267
6833
456
16385
9608
25675
10799
8556
12971
25851
31504
21553
20323
32766
9673
29448
24345
12391
2347
12620
6221
8456
31184
20992
12168
31637
25774
4113
11922
13063
32749
23514
19428
19775
32246
4589
22112
28652
30413
3857
2368
13486
31648
17799
23629
2172
2208
14226
9297
6723
18703
31542
6094
7375
24986
11071
3056
24559
13546
27013
32193
1236
22134
22127
15260
20923
8091
8630
17124
26828
6894
6251
9717
26177
14801
21564
3675
10698
2116
28659
12099
20272
21246
25919
15406
6713
29629
30647
14317
22989
14298
20764
12233
1622
5408
13022
14082
8045
8414
24802
13947
3250
32059
10627
25779
1531
12490
11991
31223
18098
7262
21811
29910
4216
800
31473
726
16654
22750
23920
24933
32630
19110
20317
19218
17493
13716
9265
17661
16796
32744
29947
24716
28007
2139
8800
17760
13350
8116
14304
6024
5626
16534
5211
3572
13154
31132
31699
19756
3350
15784
30323
23106
31539
3703
8400
14852
8089
13689
20848
4215
22417
32480
14217
21633
28852
10999
22282
27622
9480
2486
1503
17270
8811
29843
20081
14212
8501
6810
23405
24729
19993
21184
20679
6250
2892
26741
13822
19208
19689
5752
21921
26711
5269
9199
13842
2497
20575
22455
3978
8235
8425
13817
25437
15912
19149
15358
6272
21101
22330
3652
16712
26246
10206
19665
28276
13767
521
455
13166
12420
21775
24121
16334
16261
16366
14653
12832
23476
6704
1346
2023
19993
1043
12196
20194
11272
16872
7806
31629
25497
26297
16576
2283
27737
4654
25729
17795
28735
17841
18326
29096
226
5329
5731
4862
11496
13540
19697
8506
2498
12273
11841
28713
1431
16077
17888
31476
5501
3715
10172
29858
5103
29945
25142
16862
25468
22737
22136
16379
10684
20622
27401
32053
13960
15608
19614
17978
27498
25281
12596
11497
14163
18280
20827
27737
31372
21854
3029
19997
26351
2920
26463
29894
12375
15172
26319
12202
8533
7055
25439
15332
26661
12518
24905
5788
12256
21068
4756
17545
23026
19659
31789
12979
27599
27230
28985
5246
1250
24591
22698
25316
28870
26461
28944
24834
10681
1760
1714
18902
24398
20016
20446
2887
21858
2306
25469
12901
12112
11668
32234
27891
31593
2636
2053
17443
4766
30364
5251
29856
8320
2856
18312
2001
26475
9515
23671
4701
5373
14614
15881
15338
15053
14459
25756
29739
16218
3882
28366
31001
23362
31642
10315
4736
30389
18058
29411
9918
31528
7655
17888
3271
27982
5873
14230
16237
25412
7066
17723
21983
11020
18222
19705
25967
13628
30265
28226
12440
6135
3494
17508
18239
15901
15652
12125
31801
5823
16590
7920
21518
22742
26122
5112
20732
12084
22449
19453
16447
24762
30065
19205
27792
18636
14960
14252
23020
13314
30514
15735
28310
29984
25277
26982
11615
17993
18171
13512
25893
19055
19551
12883
31130
17166
10443
4468
10566
19994
13746
27620
29904
16438
12666
4476
2937
28454
12324
17994
24809
135
32558
9956
20526
4285
184
9980
28674
17966
16871
24117
31820
9390
20615
5941
30954
13625
5108
21756
29102
21992
11578
17012
31654
17950
8827
16457
23457
17154
22929
1274
30190
18483
9717
817
27495
18615
28127
2640
1967
29748
10927
21836
25783
23650
18572
31678
26503
3776
10571
31031
31291
30342
20114
16084
10059
6875
28477
787
31248
3401
31744
17381
18564
7278
22350
12037
19018
7924
17530
25735
8430
27331
21021
18356
13677
19572
17335
21013
3832
4873
16025
7374
1781
988
15874
5166
32327
19158
4744
2435
30671
15073
28857
5939
15410
29344
21251
2824
27357
14685
13009
19148
7239
10307
23799
26390
31094
29645
25936
20579
27845
27006
32165
25192
20452
30163
13265
14759
15136
18038
23331
1857
23013
23732
9476
22283
26753
9265
11482
31715
16170
25050
31532
5701
3651
3868
17414
26905
12251
30035
25759
28879
12919
7558
25657
28846
273
26705
31817
27241
19552
25122
27608
13300
6490
10153
6697
8085
6392
28297
19612
27198
11577
1620
29650
25626
16233
26038
21522
1894
19363
6128
3307
29058
17813
7816
17435
29256
14979
6975
30640
9628
21646
22084
15213
19268
9015
29863
25967
20731
19743
29456
28177
17088
3856
14513
1804
5492
11329
22137
11747
32676
13270
18059
15742
21668
16295
16366
17172
5597
4162
29318
6735
11879
10803
16195
5291
3291
22659
16536
12320
3938
14462
14127
8448
30226
12985
11995
13090
20347
1364
28622
17984
4988
17277
4108
27038
24668
28213
14623
23276
3605
2647
30220
27758
3059
22486
7559
5722
15454
3654
11363
14210
17140
17054
9292
18738
30940
23100
17080
2652
31574
12073
9243
26098
2198
18847
10074
6292
7890
21192
9603
22891
4506
9417
20923
2645
2408
7167
21880
13122
8568
3464
31984
19678
6105
1798
2001
7792
17349
15263
29234
13057
17966
16969
18889
10690
10393
2372
25439
26024
24111
8935
1154
24665
23313
20384
21882
9291
13805
26935
12158
12842
1999
4946
6951
21883
32313
21822
4900
11392
21365
236
24368
26459
8490
2874
6977
629
16686
14708
16130
33
12443
18459
14724
25981
10533
28389
30000
32409
25770
26116
22529
11740
16139
20651
5104
19107
10811
12495
23471
21290
10389
18475
20377
30128
16755
2694
14058
13526
9212
1336
22827
11081
27709
24555
3057
12960
15996
23199
18631
29064
11464
27889
24425
5406
6869
27292
6195
14748
5127
20800
23256
17976
18381
9058
11607
16457
8240
29876
7979
22956
9900
2967
29890
15974
11070
15327
10033
25994
25022
24278
3110
26974
26991
3203
14878
10937
29397
31276
31960
17327
30662
8729
28169
3440
14788
6299
1617
15726
31370
12877
14958
23998
8933
24474
30896
9409
19397
24959
6828
28675
23956
15250
7989
26211
14790
1860
16520
1397
8882
3171
15047
7716
21920
17123
22185
1180
2851
8669
3183
30567
20905
24536
21274
469
30288
2120
28635
23970
28667
2644
22987
6099
166
9436
1500
31969
246
21435
12047
4121
2580
8777
28392
4675
29116
1828
14880
23426
19601
11569
5529
3195
27316
19933
6039
23225
660
169
2348
31824
32264
9189
15348
30401
7579
17083
26627
21790
26150
7280
9756
2415
3237
12519
23075
32083
21571
30311
8661
5611
4791
7325
7095
12019
20179
229
6732
20786
11610
14277
6027
10261
8211
20410
31888
31383
2843
12600
4498
11107
21631
16364
10773
1085
4618
8516
24929
20638
18780
19505
31538
2974
30268
17964
15537
9495
19248
12663
20899
8712
24650
4261
4577
7223
17476
25436
15112
25883
9168
90
29297
20472
31529
20662
9060
26444
1518
20584
3464
4458
24880
30732
6046
26725
5066
29667
14959
18735
28912
19483
6147
24066
2315
25168
4884
10239
7364
26706
31426
19478
18015
13353
7817
10021
19787
5462
24175
28004
22519
3932
2946
22784
28647
7551
11393
11270
3078
25548
31450
2435
5438
29017
11220
27114
6470
30670
23054
11957
8123
7204
9000
6479
21875
17581
19904
10546
526
2133
2976
9548
31693
8999
11317
21672
3496
5139
21316
10826
922
18414
2008
26715
20800
30138
12159
32390
1698
4136
18869
10145
1873
28763
32673
2704
14258
7663
23551
25190
5273
22586
16222
29134
26905
17617
25739
17834
5787
26446
2381
2809
9006
18001
3922
31742
542
25029
10602
10399
19144
24165
26867
7691
20908
2686
16276
12703
22468
8182
18735
29451
17429
26509
29200
2480
7043
8547
19819
333
10985
22203
12293
18907
5993
30974
25393
28341
18689
29187
1022
18684
25439
2445
25263
12602
16631
17429
30315
29765
9298
7882
14646
3943
5033
19671
32
30651
4786
23012
9148
28890
11962
21983
3284
14007
4340
28156
31067
32456
2833
5882
3491
5223
21008
11433
1489
5239
23384
10921
7053
3146
4100
25204
29694
32706
19070
21150
10741
6839
21071
860
18536
4505
18997
3140
18723
30039
17526
10067
27578
32383
29045
30004
30914
5030
7299
22207
17728
3850
27383
32705
2658
1910
4481
9979
25965
8294
29627
30573
5111
9580
25089
9940
16470
29906
27011
21873
29272
32129
27288
6924
30773
21537
26966
25913
23489
9090
19551
2778
14310
31803
32253
14565
594
18321
9074
7271
7533
24986
24201
28105
18062
7842
19825
16722
13422
16333
15563
16622
31197
6910
16386
13102
179
31224
9179
29583
12554
29891
28493
16383
6314
19282
26258
32669
9925
610
17534
26305
20453
18341
7696
7228
11810
24864
9287
17377
29080
11217
14390
4676
13592
28054
1371
19905
2846
32330
5677
24768
22275
3121
5876
24888
18036
32662
15069
12658
32547
16818
30542
7696
21692
27344
2423
7501
6939
7087
31274
4998
26812
1576
5100
16634
23923
26896
32588
15566
16733
864
31091
8532
4118
17043
22781
19852
17452
12368
21767
24555
30420
25417
17033
20060
10204
30563
15335
16261
16865
20759
26306
2379
11970
12312
19476
30872
4180
21814
30332
18011
29016
16258
19158
24017
682
17587
20239
22532
14523
2248
21303
20625
23872
6383
12504
30637
26924
11686
5255
1386
15068
22560
1464
29239
31890
7914
8407
6310
20261
19918
14228
9331
3319
31992
19326
29377
14630
4951
5843
18342
28423
18502
6038
31978
26064
26732
20707
3596
23700
25056
13952
9606
629
23441
30388
3922
12053
23526
5724
13485
32589
17057
4923
1307
10786
6665
146
28843
8692
840
20976
22396
22009
16914
18508
4736
10218
11143
13649
31104
27132
31835
2297
2657
30994
23092
23901
5541
18225
1107
29900
5173
27188
30583
24090
2653
705
2302
13114
7192
3963
15694
9743
13966
121
23923
20352
29403
7928
4105
29899
5650
7500
31069
14107
21121
25373
9935
24924
11831
27087
18811
18510
12996
15682
1048
28888
19008
29884
20511
28832
28047
14371
15920
15576
2018
9584
5555
23387
13185
10848
6075
10744
13257
9836
26927
12301
20592
26876
26667
11864
30225
24536
28836
24843
16356
2527
21579
10270
20172
507
2484
2537
4504
13908
22200
17394
25218
8132
31256
24068
7676
3468
6242
29569
5805
22853
28697
9976
2742
5913
6416
29690
32313
5682
21271
21290
7964
17779
10201
25748
5642
20582
25605
5184
26811
2166
11180
27910
20854
28255
11755
3491
12244
28642
15305
29709
30406
11709
18018
4868
15321
24026
2118
26090
19385
7623
24092
30420
26612
18790
4747
2785
4609
10726
8538
26827
1921
4337
13781
28091
21444
13351
26739
25698
6799
23756
32695
21061
29
16317
14420
12120
21091
4521
22676
15311
22425
11133
4858
26673
26101
21280
31783
942
10426
31841
6138
9394
13937
5678
16891
32698
23670
14342
29946
8295
17335
17328
13811
14544
21177
20270
9781
31517
28892
27373
195
12626
3807
6206
1787
1896
6310
1034
8309
15266
13371
22976
12846
10526
29204
17043
28902
24747
21140
25827
12998
17370
17619
30712
1094
22104
674
16374
1102
14714
28106
1549
19355
1562
21141
24817
25445
30882
13200
24970
3903
9062
654
30700
28222
6967
27376
9353
14173
21044
4388
18853
5408
5348
27500
12555
25720
23938
6113
6655
23271
29080
21431
25459
22500
32208
30658
9854
25985
9222
7737
21769
11339
12193
21947
12492
24178
25636
1423
11897
24106
6656
26416
6454
9040
7597
14601
2641
9297
1272
3709
2351
17992
28319
24874
26502
6246
24603
18287
11724
24215
13757
29739
11248
12130
22780
25544
583
10513
12558
23161
14025
531
437
6079
10877
30878
11356
25394
818
26009
1890
22142
23920
30392
16310
2220
23214
21481
30884
32419
24517
13295
7662
1262
6053
9292
7199
22207
3655
2149
29468
13876
30691
5089
22268
23002
30818
17490
21273
21360
32534
7703
9063
21485
2729
12417
14341
28868
26963
9524
5906
20070
18768
24272
4290
21512
11666
27345
31153
19623
6835
19124
24439
6474
4141
22620
27516
22664
8653
18867
26638
10057
17765
6036
7088
24273
10434
19433
28341
29690
9181
31504
3854
23488
6997
27780
1633
6403
26397
14009
30299
22409
4466
21063
28486
14403
529
26699
5342
13009
27046
24586
1376
12359
391
28632
14053
17202
29602
13625
16110
8406
32437
6213
14400
16314
10941
32337
15090
16231
8624
4043
6852
32108
110
5478
24498
31653
13301
12407
11465
31677
14037
29343
2362
29682
17125
6315
16301
16664
19251
27832
18391
14817
21057
5019
28239
1883
28782
18816
11933
26298
7858
20944
29588
14424
6542
7769
12771
32762
28739
29097
4326
14933
5187
186
5570
11217
31973
22485
1200
3212
13148
1712
27801
13730
23274
22490
4324
13228
2385
5976
9612
25222
907
11409
4469
30294
12986
2919
11008
5577
25954
16551
8925
27040
12502
7587
4384
17772
1776
18205
22679
19861
21509
11111
21595
16033
14616
9161
934
14771
13902
17699
10212
14930
22946
9171
2317
6508
17882
3801
21553
16795
9658
1593
18517
30886
24439
28833
9597
25163
7279
21580
4618
8252
30998
5926
27206
13159
28980
2609
11838
634
23630
17447
464
10663
3681
3937
29444
30629
28887
28407
31392
15351
10163
32553
27382
19056
5903
13566
16641
22519
23752
16682
2992
5256
4728
6709
23938
9851
27556
29146
31827
27401
1079
6574
17270
8204
29487
6914
27651
23302
30103
1545
12146
29029
17845
15422
30825
13829
29316
14848
5587
12279
19301
9087
9266
11905
13329
6364
8502
24165
29906
5516
23950
17510
23283
24318
16638
16649
15732
18045
5298
409
14851
16983
18386
621
15912
8767
25174
1646
12480
25328
6684
10195
20396
25875
15927
26159
5578
2915
27787
21934
15652
1039
17815
21403
12648
16735
4753
25638
1689
26011
4536
7525
18435
9769
23782
17304
13172
27125
7780
31409
13481
10006
2051
12564
13575
17326
16488
10139
5004
32273
15016
15069
22788
8234
11285
20912
31872
539
5207
5356
19460
8228
3006
21618
19840
18374
19414
15725
11265
8232
9788
17880
1321
4537
23985
28993
10973
20759
5485
21196
11581
4400
19125
28794
16601
8359
3248
27563
21793
30329
26231
4834
28446
29152
12139
16585
7264
20855
13771
11381
4664
9631
30598
3818
19751
16930
23885
16866
17557
29463
11245
15306
1734
30982
8156
3342
20747
4172
26385
17046
30773
1984
27929
20881
13647
10902
11624
28785
10893
388
32749
310
13439
12068
5097
28912
23434
27546
3328
12415
31129
25462
30353
10910
26640
32220
323
23328
18946
19938
16096
27512
18083
13113
20583
30847
18432
28176
14940
25970
4589
10805
21347
24634
17727
17789
269
31473
9020
21863
14066
32417
9552
12284
27648
23375
15618
31737
31250
22840
20517
3120
7108
28506
17747
2604
31878
25398
13463
13332
3824
5589
4202
12753
7510
8713
23265
17779
18587
12277
15140
23249
26954
8655
1826
14960
1762
32229
5507
25511
22898
14814
27614
20992
2406
19267
7469
12768
8609
8510
27774
18539
26572
27553
2027
4770
3821
21289
28619
24526
30779
1797
24106
27426
30257
17298
17015
14492
17889
13929
9597
14636
12939
25499
2453
31256
5998
28731
6937
25503
13278
30237
17691
19165
1431
17630
32343
23278
7505
13348
25191
6486
8596
27431
27446
2464
29646
16753
24247
13382
11171
7394
17623
5329
23684
28918
31152
13121
22915
17227
12287
27823
27493
22877
30680
12081
11513
29588
7576
11518
425
14722
29980
19155
23119
15205
25904
19861
15434
11508
18250
2871
16080
15704
28537
8926
29317
12408
28824
67
26445
7545
28871
11865
17503
30341
8732
15665
9884
15820
13205
16154
14622
3017
20049
8460
15379
19143
29440
25159
28108
19363
19353
28471
2577
6099
17739
9115
21432
9383
1717
14310
23670
19407
5721
7653
32500
11550
17742
4259
16165
23950
12854
23434
1240
1923
30832
7370
25737
24660
24463
1791
27261
5895
7946
26126
7182
8284
2612
27471
9027
1038
14447
1266
22691
3925
32157
17563
8011
4271
18136
6480
18239
224
12131
24725
27134
15671
25056
4821
30041
14100
6595
3844
22660
15527
22790
18819
1902
16122
9759
25156
18510
14642
26159
26158
32638
7442
10108
16323
28045
26816
28705
6912
5008
18892
25860
16516
12728
29038
23817
11253
5162
32271
13445
24992
8714
7691
29942
18271
25305
20406
9457
1216
28162
25245
21595
11875
30895
7694
14556
16548
30177
12506
28305
11642
31936
20057
12545
415
26928
7343
8275
25842
27300
22606
26302
31257
30007
20668
21056
24938
18681
8855
13971
25356
902
21206
11101
1113
28638
12113
31399
3207
2160
6276
21392
15496
24440
6287
5442
15918
24971
27522
17958
3731
9840
23768
2900
26552
17458
7745
13390
28012
22643
31653
12013
8560
15363
4197
30619
25304
5298
25060
22979
31924
14690
838
5254
2032
7264
9847
14256
9337
12276
15983
19690
19873
31030
5813
8497
19909
17700
1058
17030
5421
13298
4840
1511
30771
3745
21971
10623
6312
6867
15054
26394
32371
24798
2216
2779
9083
6175
27160
25137
30408
11665
10751
5895
6885
6301
1262
19259
25480
29236
13288
2130
22132
540
5225
22378
13215
13959
4518
5487
18576
14826
13079
22418
4876
6924
29747
29687
30449
15198
18811
686
2914
30602
30393
27365
17188
15950
6794
20572
29768
2443
4890
29977
779
28057
8239
25436
13306
13022
26217
29653
26970
11679
14280
1045
20422
18453
17774
28995
15898
29380
7846
11024
19600
28424
8486
29420
26409
10225
16017
7035
24399
3408
15168
23618
16568
9490
19010
3495
28045
18125
10913
24856
17868
13721
10727
27018
24043
3105
12257
2085
2238
12026
14243
4413
14490
14643
22988
15749
31675
5933
19468
15231
6115
17324
31203
30007
2372
23343
6827
24113
26784
31101
26840
23968
31919
5505
24191
10456
31425
20311
6933
8710
15012
25767
22138
3871
25032
16178
1333
15638
18849
20906
4610
25426
9549
14023
20618
23391
10871
18071
3441
228
16763
5654
24469
19925
202
5374
7829
1769
30609
15840
8849
3151
2965
3188
12593
8861
28257
11822
15337
18441
28068
8465
21371
27099
8917
13512
29885
3618
17944
8691
4764
17830
10341
11199
353
31263
6375
32697
10035
27812
14754
18404
5597
30822
1881
8968
29138
28062
6319
30542
19054
6340
22668
21258
18303
18946
16322
20440
20484
28904
20977
11242
3637
8289
25000
3488
29891
3814
24524
9561
10592
26353
14910
8586
30850
31669
3512
10509
13924
13836
12024
20411
12622
19889
20257
14652
6423
8879
16222
24094
32744
19225
6088
10021
22594
10492
17802
21218
5187
7314
17474
22919
18981
9912
1707
17146
519
4002
21114
9000
4336
26062
4997
12444
9489
26934
27178
10576
26442
14026
30959
31171
22000
18461
13670
23115
15566
7007
16468
22189
28265
6027
2321
29675
8841
225
16434
26717
7668
4503
23910
6659
1917
2764
15518
22298
3645
20925
5745
31981
17697
27963
22462
238
22437
30557
7315
4101
31710
22386
21069
14376
17854
22585
17665
20524
16276
28245
7195
4571
27602
17147
2629
6726
5139
22254
13451
17501
2396
20909
5308
4540
14754
20714
23315
5576
16013
19519
4886
5883
18812
24861
4031
23164
4297
6917
25306
19955
8782
3066
25518
923
16168
18742
2271
13465
9402
8220
6547
15756
26357
5998
31188
18789
16343
4288
5686
7801
30770
7724
12985
16852
19887
24648
8432
25808
31250
85
8547
20711
16320
6841
29747
17862
8062
11696
23804
32162
7035
24638
7679
19407
11153
13672
11905
2447
18120
32675
12398
17704
9756
10381
26946
26425
9344
8411
16937
16973
24610
3218
4965
16561
241
32635
16113
9347
18525
24016
24164
3596
20061
13628
2071
15440
4023
8707
28554
15330
12668
5244
25860
30717
7633
2760
30842
25041
24053
4798
17330
8731
21888
10277
8105
2296
17129
17190
18737
12283
10571
11008
14558
637
1897
24830
12835
8244
32751
14247
19897
19976
22267
27188
832
26913
26843
18503
30249
4165
32281
18905
2515
30561
8372
8052
244
6501
22193
4771
11323
15445
26066
19112
27700
31645
1190
18796
2667
19622
7362
13500
11732
12710
589
16305
28266
3772
17602
18544
19479
21820
31985
32276
3284
31048
15431
8937
17937
26016
336
16091
5463
25018
21882
22062
19500
7702
30748
30831
4919
23244
15030
15274
18596
23655
29307
30685
7626
8949
8972
22189
14347
5983
18055
2904
22780
8951
22208
18155
20934
25936
31694
15541
17869
31826
970
19195
143
4749
2003
7149
25294
10190
25173
21209
10993
18416
23179
6559
7336
9205
10563
8805
19407
16726
15074
29067
3733
13206
21159
993
23261
5149
29492
9496
4836
11332
12362
2679
1316
1453
19924
1487
9081
21717
20519
25777
13699
29164
24968
20446
2635
21476
12526
16127
27945
16840
11786
21655
25061
11855
18053
13877
27676
29105
2185
13550
26085
21945
20098
23050
10677
10267
22566
11262
4992
18185
29875
16283
7457
23553
8823
27012
6652
14569
18326
9189
21986
2909
26632
31842
6965
23112
31969
7758
25676
433
20693
19742
15384
8408
1531
25373
4616
11906
10449
10337
1323
10129
29825
5629
27285
3031
11362
22904
4867
7468
11970
11390
5058
5310
9443
21718
5836
17065
29763
24724
30261
19400
21792
29328
9925
31178
12860
13078
13799
20872
13790
14559
24257
25493
10265
32320
31397
2839
592
13986
20648
3798
23546
6194
2192
22675
5283
28122
17652
13979
24371
1391
10398
23452
4723
20012
19252
4278
25293
15199
24856
19925
26964
16226
6796
11327
7172
29389
32282
26473
6986
15338
16947
24591
30919
2665
27158
21891
23377
31573
10739
18758
9274
31047
22096
16597
31189
11482
25261
22981
23351
20830
13155
25618
8507
16849
18130
30389
4297
21003
31163
12916
25175
18488
27371
9982
25263
2699
16922
3639
4339
21809
24082
20945
24031
3204
11796
3868
28751
32642
14967
3359
4865
11901
8338
22759
12187
27155
1500
31775
31472
24161
18002
481
13951
24180
25113
15820
11068
1024
28261
2391
16788
30549
3481
27492
23211
29582
12976
24089
20200
23308
13275
9963
13747
28707
28779
29947
23165
1554
3570
14758
769
15929
4261
28503
27338
9606
21253
17056
6134
17969
8383
20874
27961
425
30928
29993
7461
18126
15084
18803
25256
30816
17441
26450
8918
6071
16056
1271
23528
1973
10588
28786
1413
31738
22910
6271
17985
26710
31991
6051
8804
1156
24303
30072
2028
14357
29694
4677
23509
682
29074
28882
27799
13414
29841
21115
28145
2723
31551
22914
25061
1252
13921
9642
4868
1547
30115
7937
1003
5581
13111
25341
30734
22114
703
1994
31156
641
26477
10723
323
1931
21864
30688
8638
4103
25202
12430
24204
4686
27081
18245
3707
14215
10058
8822
28676
11990
3548
10372
21201
16593
23820
3797
31356
14132
14837
7976
7834
27861
20323
26409
11256
6618
14648
1602
11044
12329
16142
3509
28719
23584
8733
9960
30642
32135
607
29695
5391
11458
7923
24240
22009
8267
30144
18771
16183
1632
1626
22073
18084
9977
15401
14655
11899
25085
17352
18339
9681
23989
20395
14870
21091
31105
4101
21778
10130
22730
25064
27501
11948
6711
31150
28463
9325
3876
3225
1185
4038
1872
15798
19366
13788
1237
20999
21326
3924
27742
28640
27561
8910
1428
28050
18905
26799
24537
29511
12907
7204
28473
29741
7656
7524
30109
17111
2982
18741
3138
17632
30436
27057
24938
2513
8726
9290
32338
18756
11390
2316
10595
3146
9724
10018
14508
1547
5415
19100
26768
24492
9116
18287
2748
31606
25751
30141
8541
29492
27072
17239
14991
21980
6727
32385
8216
26738
50
15861
12118
28202
32758
2602
28022
15309
11845
11221
11239
6749
14376
17329
20750
15612
4429
3963
6460
19978
23714
65
25565
22414
17187
1501
24818
2775
11503
13245
12993
11107
4258
8933
22474
8447
19679
13622
28926
30000
16428
7664
14380
16338
4867
21366
15036
18175
26661
20049
11423
22066
26418
14712
26502
4268
21879
30670
27218
17175
12551
8941
27852
30826
525
26402
23447
22028
22112
24760
20579
828
7000
24186
23138
8112
18913
11635
11008
3452
6349
20984
31439
4662
10607
20969
15040
4952
25189
29747
26009
29157
27829
6553
1443
18768
1820
4789
17059
5529
9122
5945
3084
1209
882
17019
13171
30528
17641
14641
2883
29757
6125
23672
23986
5214
3200
11804
20468
10328
12180
18963
1454
7817
27169
6474
6317
27612
22134
8613
14552
31726
32717
5953
2147
27759
16417
4860
2118
6090
12356
4663
10478
13064
24108
9178
21298
753
15757
26265
32136
27765
1710
15478
8569
25675
30581
22407
9554
472
10947
1018
3613
14674
31240
21334
3535
293
7438
3331
16835
26262
31769
2061
13671
21926
26674
21029
32054
6201
11712
18409
32230
20599
13656
613
13282
29299
9942
15833
3834
266
17069
7612
13913
4623
25979
29186
18616
23973
27105
24987
27858
23787
23697
7740
17944
15327
13992
1377
8613
8828
4671
21139
28532
6438
3388
18150
23505
3144
20078
27079
7437
13116
24794
18164
18806
24171
22863
19916
18822
28853
31297
13769
14939
2067
18900
3147
21607
6522
20022
20375
10857
1027
25650
15135
21660
24394
25602
10500
23598
2323
2149
11481
31475
13876
19442
19370
859
2735
12460
30012
1186
32030
9686
8855
32582
2388
9
15810
15806
30273
14211
14030
9577
13078
24770
27157
5061
4010
4946
15300
7137
21532
13027
3223
14357
31675
20126
27620
17392
5922
2745
10971
21106
6567
18505
13580
13435
5623
32600
21034
17284
11770
32568
13582
17549
14845
2326
31742
30550
27407
30930
1584
9682
27819
28687
17034
18393
18840
14214
23468
3869
6158
19103
25904
28511
12570
16706
28208
30435
30531
3050
7433
2849
28782
13820
14431
23997
14079
8792
16738
11705
1601
30253
847
10474
26120
9745
15417
424
14741
22865
17161
3274
13753
6021
20164
31698
574
29800
17164
1892
2690
11751
9706
7677
16741
28792
8906
27361
23653
13741
16071
18773
18952
28937
8745
30735
26491
32530
6956
8427
14712
2727
15876
2271
11372
23700
17949
31793
8154
18788
7335
19175
16634
12663
10322
27008
30887
18260
19030
2529
28792
4159
11447
16530
29484
21263
17863
2602
11339
26938
13548
17672
2826
9778
23715
29508
19567
18676
24005
22757
28855
11229
22538
19029
8181
9920
5067
16146
16891
22327
30988
31909
19837
17206
30649
28120
4724
2534
17712
31268
961
5808
4864
29033
17427
2711
8944
24546
31242
20428
23620
24151
12189
2940
17979
12948
16569
25069
3036
21531
7466
16585
27890
10518
25023
9146
16470
3983
3241
1846
27500
1763
20773
32157
29424
3444
20059
6785
2291
1695
11653
10308
15392
15598
27475
23529
11332
21646
20622
31524
26638
16899
24061
10419
22547
6426
12165
19185
23316
18463
6803
16553
30596
4945
3007
22568
17989
25747
26537
15510
31411
17252
29479
19846
11235
2321
1699
5323
17196
9513
4286
20109
13287
1586
11321
14237
24692
31386
19734
5638
20606
7665
18682
12261
7295
9813
16086
9338
12934
9773
8646
23422
22584
5658
27450
32439
3604
15146
14419
12747
14332
15695
22160
31826
12017
528
937
6702
8223
8063
25787
9759
23833
31595
30886
21138
357
27350
2483
9402
4411
26025
25211
26082
30090
8871
18948
16130
31036
12192
2860
12944
11195
23015
2891
26776
19636
31494
13332
271
9499
32175
13500
24677
29039
12022
24159
10841
16703
12222
8095
24337
28653
6769
25486
20074
6834
12533
22478
21901
14306
9947
24054
6851
13169
23513
11320
15242
13495
6778
24897
8424
29040
12052
3937
28159
12807
27387
748
15586
27412
26612
18400
7591
4131
8172
12999
3005
951
11498
28895
19840
18574
17731
25465
29195
22567
18445
19103
24909
17026
28117
761
12896
31527
29077
23282
15381
30569
17888
17174
5076
492
10848
23998
28323
26469
13698
12784
6276
24737
9840
1409
30212
24009
4928
8828
17425
5860
18282
3016
2572
1437
26240
25860
29215
11334
10009
4534
31697
19998
14863
20389
15575
31951
12778
20611
9261
7995
32411
5839
29542
21880
20846
6650
25153
24089
32058
30153
8316
24752
9946
10490
10733
16785
23009
10026
8398
25304
21898
16886
8793
30381
9710
11617
18837
18118
23930
9077
21615
5422
671
27438
7948
31301
1483
18067
26974
25609
21401
3110
6901
6803
22341
28542
31000
28132
354
15667
789
28898
9935
3578
26837
26014
19431
13585
20403
16088
12280
28126
22926
23237
11510
3283
8733
23312
16241
14228
9859
15902
19141
26716
19236
7574
28049
16541
29622
13857
31338
28390
24987
7278
26832
11274
19566
17274
21088
4991
26844
14350
20556
23300
20917
13705
19721
11654
1858
30687
7751
11589
30938
28386
31526
24883
19632
14016
8871
4508
23023
31181
18016
22540
2313
8067
3445
26222
3659
27847
17347
18801
12982
31086
2398
10800
7946
7936
5694
21265
23843
17596
26165
31725
904
11484
24868
8562
16194
10010
21359
27590
12266
19570
19118
26733
18950
10282
10918
7021
13206
29200
3703
11184
20201
15875
18966
11945
26549
17588
8190
22331
13927
10670
32547
3030
11704
25236
23848
10211
18049
9130
209
27746
15824
30103
20667
25553
31035
22634
31307
15696
1396
6106
1252
25348
25374
13522
9565
20409
5599
2093
26034
26571
10679
702
29945
22854
8848
11923
13208
18252
2582
21882
20406
17591
4040
28869
1519
25088
28495
17995
23116
21088
4367
22191
23922
27700
6397
229
21017
2214
22448
32497
18112
1674
20922
8178
30623
29830
20792
25440
3294
9846
13736
22930
2308
14862
30203
28035
31666
20161
2283
31701
19601
29922
10127
23318
12937
6154
7725
14659
11060
26809
8015
29322
1682
2368
19737
17748
23294
478
27865
1923
30048
16425
30944
16632
6565
9647
1169
20313
10092
27102
9911
30481
30466
21281
24092
1432
657
2892
9303
26868
12180
4922
8933
24704
19598
6580
15995
10988
5884
14741
27803
21893
23944
25388
1894
4278
4735
29922
5041
11727
25221
18205
11610
10758
9096
12132
3548
27324
12274
16067
24866
3841
547
16241
23705
31321
9246
13744
19593
31936
18306
26613
2981
15341
6589
12873
6369
16852
10364
10479
16259
21614
27237
20039
1405
31420
16393
24562
21498
21258
276
32567
3639
7793
27079
14501
2708
9631
31913
12026
8683
23259
11385
27972
18720
23875
25190
9286
26873
16728
13443
22301
26672
17085
24693
15140
7111
17212
24174
20244
4508
15114
8288
28016
26941
32332
20842
24096
12029
31705
10647
11099
27976
22850
10695
15819
26675
4112
21485
1004
14167
28748
13179
10422
12768
11333
18971
7547
24801
20877
13472
31506
27627
21317
7228
32309
13277
2458
18419
9000
4093
19088
25167
9371
24904
32767
18262
25042
28679
24282
28345
28675
18339
9143
17998
23296
1210
30860
4288
22805
18802
26551
7302
30260
19470
66
26385
31311
13247
3940
74
3846
14268
4939
16955
26754
13460
19224
12556
30113
11203
2092
5938
23379
24964
9378
12771
16196
3303
17180
461
9659
20003
15299
5127
26306
24365
23177
22344
32391
12938
21170
20823
15618
29793
2962
18626
6360
8660
10904
14035
10623
10896
32395
5568
3235
20643
12308
24354
15049
14991
23421
20136
3891
27548
30648
15629
1795
5746
11939
10055
31651
32230
2698
13826
23651
22549
7405
22860
11108
26543
644
19602
16822
16278
26753
5835
7869
25768
30485
23283
18137
16856
17717
3259
30021
8836
14750
23935
9536
9987
32023
30072
13931
26493
25078
19763
12403
14591
25829
15169
27119
18638
10982
2609
5772
508
8341
10939
103
28986
7853
22078
28858
6893
14286
13677
3003
30596
4990
24388
9153
2568
31341
17474
18345
17652
30717
22994
4216
12616
13569
6666
29249
3033
28613
11159
5194
19691
13648
17912
29802
19969
16357
9707
22965
500
7888
9765
23132
29507
2911
20550
30926
31914
3886
31244
7203
28662
24487
17095
26555
7959
4810
1293
13858
31607
4394
4270
15159
16266
26936
16618
4494
22183
26564
17122
14098
30486
6593
8269
15599
8810
6985
25196
11951
16
22497
24896
29858
17961
8189
4858
13700
9365
14279
28595
31578
26192
17180
15709
8093
15618
13015
22522
17050
27345
5971
18956
21017
15994
31787
18764
25405
5536
12612
27550
25515
22884
9486
10309
26094
10549
13318
31059
3355
10217
4480
12644
23472
7949
11683
22924
27074
27770
15541
11150
18008
28201
17305
31823
2066
24649
19861
10890
20750
24974
12121
26052
18955
4555
31549
24963
22735
32451
2763
18619
5575
21309
16765
1417
17646
31830
27847
12579
21999
14619
25944
16400
12174
18519
21918
16020
19012
10410
18824
12655
24105
7899
27535
28359
10264
30319
4855
866
2573
12411
1874
30744
2769
5302
7495
2952
30938
22738
4241
13323
13420
21005
16202
32230
25861
25859
10858
6596
7672
10182
24459
12131
13912
27184
12271
18573
22551
6264
22723
26698
2671
11268
165
8788
15233
7806
11877
18123
3389
4906
7432
30250
27009
10871
4371
12666
8581
13268
4870
15045
7286
12740
13094
22990
22881
25653
14975
22783
18515
19726
27946
20131
16063
25351
16844
1621
2847
26301
12895
7864
27614
3590
2613
12137
28022
31105
21817
2866
29654
10354
21625
29313
29446
24269
7137
18968
6925
12689
15689
10757
31507
11607
9395
22741
24515
19243
2509
1797
28915
10138
6846
24249
21127
12300
17438
15280
19602
14933
14918
8056
16063
14982
10187
13790
25328
2825
9541
32169
8996
31469
24149
27016
1694
5758
2022
3400
31300
24089
2994
11082
30789
24382
3336
13877
21246
25575
10957
6888
10015
11288
8898
26291
14601
26040
14852
7622
16763
22175
3801
21993
28014
27888
14249
26990
5437
10665
21323
22116
28425
6520
28291
7694
16476
20433
25288
14484
21260
6205
4682
28919
12643
20981
9523
15690
28028
10671
11309
26400
30704
9656
19493
6209
18867
14403
22351
8097
25912
19457
30571
658
29404
32497
19782
11832
31873
32634
10627
23869
3193
16311
17051
1479
13223
29458
3107
25511
15072
2580
4942
29396
919
8315
1202
28183
23482
4493
16207
9735
18647
9901
6349
17464
3715
5164
14085
20144
29692
14433
8899
32666
3341
20732
30666
17727
2610
6807
22041
32305
21501
3726
30829
17865
30136
13073
5127
25812
6988
12663
26031
14986
9826
9941
4089
12736
7879
25296
11975
5726
533
2223
17423
24338
13968
18101
25055
16198
9550
6061
13726
5456
16283
17094
22676
2281
29595
3489
2477
28129
21553
21673
13433
16145
30752
32163
27000
17808
21616
30853
11157
16426
5652
17036
14064
7949
16073
8073
9440
10182
2369
32124
4409
5484
22657
13923
9418
2331
13960
9300
10538
24228
9777
15306
2485
14723
19546
8253
26065
24082
13382
26357
6262
11004
13120
31775
22765
18163
12161
24097
22743
22182
20052
9003
882
20205
19832
32014
16920
14151
3014
12114
27144
28807
1299
11138
14185
21450
17752
18379
31116
15788
5905
17350
21618
22972
28898
3985
15246
16941
26240
2340
2507
18382
8399
9186
23249
30268
8520
11887
2436
10325
21662
10946
30670
16625
14497
27771
927
23501
6498
29046
19762
2760
10648
10400
12945
29522
31298
6921
9307
24609
5518
11067
14277
6949
16634
24267
6623
9151
10937
26157
18457
5422
1624
22220
12805
20810
23713
19290
10334
17268
4800
24165
15690
20429
27812
13100
31196
17062
3752
176
3293
21560
17011
21262
22220
5269
796
30475
30499
21471
5266
17393
16092
23224
10812
14234
11316
1785
24796
6346
21423
8359
4025
5058
23132
31523
13565
1297
25946
13984
348
26286
8859
13786
18166
4932
20200
7174
20351
21453
23845
26372
23965
27490
8919
31196
23953
5457
11747
11112
2330
10609
10136
11598
662
23218
26864
24370
11115
17400
9235
25129
14757
14122
18205
112
20705
645
31777
15710
8809
8247
27246
8599
22688
1065
7441
6019
20897
31772
12955
27646
27939
22007
14884
18257
29088
16479
24975
12897
19638
6537
22800
31783
13005
8268
4076
4960
25082
15227
11904
10374
3107
19313
29061
11262
11364
14829
19090
31891
19378
15393
27106
23075
30910
31493
5464
28824
30492
5617
28864
3866
27045
13163
7000
24452
31770
5182
18063
12820
20490
23756
10764
12646
12533
2212
30962
4771
21425
15447
15459
5622
9485
27016
14147
27455
27573
31043
14142
20236
16725
28816
30476
29637
9985
17223
30195
2854
14549
18725
26766
1010
17624
2336
9934
20454
18726
20216
15166
17900
7503
16143
30603
29842
19194
23674
12867
30906
22990
13656
4573
11411
4754
10594
2298
17096
32146
32452
