2979
23112
526
21513
13539
13800
4172
20536
11488
25747
11175
18006
14131
12237
31391
31158
9590
4118
3017
5741
11260
32458
28703
12886
28351
8006
20378
24409
23194
844
11267
13036
7865
3753
17926
26329
23117
15892
22664
30530
21124
21850
7738
25059
17592
14520
21870
27288
10471
30088
13866
2335
30819
15905
3707
25630
19658
23800
30988
32104
27449
25355
25079
29564
4029
5503
19931
31823
3338
24199
5935
32075
5232
17801
5590
25751
14858
12924
25843
10137
2361
149
15102
2745
15696
9250
2072
5736
29329
26550
20123
23905
25433
1158
27126
30767
1431
6675
14264
23024
