2995
11318
24311
10757
32344
666
19734
5899
28510
27774
10435
18227
26521
29433
11280
19545
12608
30708
12170
25060
2802
11559
5473
15191
3062
30532
28617
8483
7623
4465
26271
20416
11984
1276
8272
19707
628
18762
12791
10130
16977
8209
23237
21758
13510
455
3750
8592
15538
11867
5153
26303
1663
13858
14720
31681
1632
3860
25906
5208
11222
2616
1389
495
28281
15709
8984
2789
6133
13579
7143
19497
28499
697
18376
22791
10618
31552
3454
3393
17141
14736
10891
17762
9974
14754
12884
29007
18331
8110
2176
13599
2929
32669
23201
3116
13367
14529
23830
8810
8932
14788
20272
22520
7403
16606
2707
8949
30397
27723
8671
17301
18319
12029
21136
32372
2654
32142
20003
20778
20529
18296
7803
21791
26527
4232
10626
17569
7568
16016
6163
22067
31560
28509
9240
25128
9633
27368
4591
1649
16791
1488
22803
15540
522
2056
16376
5790
17088
27597
28470
5241
21674
2268
16362
18945
24424
32737
18777
17779
31758
31282
29143
27880
27945
4541
1768
17889
6141
30016
8356
23331
8977
7352
21600
13509
24046
8731
31370
5767
22051
4681
3029
30821
15756
19008
22934
28012
1492
13456
9582
27853
21817
31504
23594
12592
14479
206
30695
8778
13960
14412
19834
31922
10290
10729
18703
11248
31425
16029
24079
2775
16015
8937
11848
32278
10081
22030
11336
7433
25068
14718
15625
23765
25240
13456
7380
29107
4483
16503
2911
23180
30665
28789
825
19143
20995
19020
103
26207
11277
758
6736
1080
27149
29589
29910
27315
25264
23213
19654
14976
28343
15761
9074
31667
4531
32283
19868
282
8204
30880
27030
5582
1608
15907
168
10505
5514
16073
22450
27703
31065
30861
13074
5968
15011
32309
4552
18276
29698
27269
9176
11128
6973
5042
32752
29584
1042
4890
23627
13837
51
30001
20181
16185
16526
9663
22672
32545
23505
27721
16438
2467
7726
3276
32
23751
1628
24754
19302
24915
5086
31742
28232
22937
19079
13002
3533
12948
3902
4851
2729
27443
16895
9747
2916
1525
14626
4015
29113
14518
480
23474
16189
20169
2579
4378
11585
28998
5949
23794
31736
18853
11980
27008
15581
12940
21404
13759
7247
27366
15550
272
28286
32565
27000
7980
907
23849
13964
18525
1771
17777
22717
14830
28173
4049
24720
15071
14908
30069
11088
22750
4550
21893
25940
29043
29790
10233
389
23419
3775
4783
18970
17623
29074
21690
28326
6245
12178
31742
13141
47
9966
6394
9586
22499
31214
25828
31021
9092
31450
3579
29852
24158
3864
7705
3071
13887
19860
12167
4936
1764
23653
25622
10459
10674
20909
21099
15762
28071
7104
23963
24068
19343
13449
11000
8455
10875
9258
10794
24435
18543
5859
25473
6441
7003
2613
137
11092
15948
21831
17119
15343
16100
4232
23876
32392
24328
8342
25328
13891
7896
26719
16680
6433
8932
26246
30483
30850
19100
16904
32714
21225
2825
2591
8878
13056
25019
11622
7678
32732
29699
27710
24489
8833
11874
19057
16480
9385
30784
17430
29936
11457
20449
18869
10703
31541
25238
18347
31988
19693
30000
15567
18924
18200
12474
9301
31787
20520
10088
14067
23456
31261
9674
18243
1932
25095
9285
15721
5011
10438
27844
30197
31508
26901
18603
2059
24246
20167
19213
14017
16451
13135
2846
4552
12474
25478
25323
2383
9375
29353
1608
31012
25238
16033
1546
28444
16432
2440
4983
12470
8453
19560
6139
17403
27651
10054
29981
32680
27397
4703
176
26255
18599
13489
4430
21051
8281
957
12034
12499
21683
4236
15429
23104
8201
9712
11052
16530
4926
7180
4831
32672
30429
1302
14669
4079
16997
5980
25886
8406
7653
30853
3049
24031
8649
19994
12456
9071
18676
14149
1641
26282
18703
5080
11078
21649
17696
15504
3990
27757
3678
4252
23909
6513
26436
31833
29730
3995
31972
23904
19608
28635
2686
26562
22816
30583
23377
28818
13844
16046
7857
16804
16006
19100
16986
23189
22834
30301
18180
17163
4530
30581
17207
21054
20977
367
2145
4024
20450
19653
7718
4441
882
1280
2039
31389
14523
25120
2278
290
4730
28990
22968
6756
4291
20592
1340
14027
28659
25069
24284
11753
29671
14962
18290
16380
29547
20196
13405
20667
14325
9526
11475
16207
1428
3213
12664
32671
24355
8354
16944
22736
23234
7272
30258
27916
6791
16368
23135
28291
15728
19849
2513
9648
23708
25131
13494
11486
26811
11542
2399
1258
31684
19126
13204
26442
29414
18122
26155
31054
25792
2501
8921
17574
18388
13684
13383
6437
23865
13538
3688
15301
13201
889
2315
1770
22075
28521
10412
24555
31946
23374
27024
9678
20149
17165
16657
32083
3919
2046
18742
7733
17914
18513
19078
1452
13976
17834
6174
12854
15939
7951
29186
19607
26686
25092
25009
25118
20267
14068
17660
5163
7806
11475
31511
24814
18481
26626
26609
26993
17082
14451
16833
22745
25402
23309
23777
20713
10231
27218
27104
32711
1804
16959
22995
17155
5471
23411
23787
31701
6612
24980
12109
30886
24768
2287
10269
6098
25505
26462
16092
1965
6412
21615
31477
18372
230
5314
402
20325
16599
21683
13748
32097
25852
13881
7811
13584
6364
30222
2019
19606
27806
27665
4423
12389
31353
27368
7882
24579
107
17129
24700
10254
16942
27707
25593
15741
18280
7224
25665
7720
18978
18966
19395
23179
27003
26311
7355
11462
29853
19485
13246
233
25073
10034
6291
21103
18063
25095
20805
776
25081
20587
27510
3740
4616
9247
12278
16524
17190
27703
13461
20027
12478
9155
16437
31437
2545
5039
13603
10286
20107
3048
30119
31062
30773
14272
30425
27084
17388
4500
30135
32361
12209
14764
629
29535
130
13410
22036
2938
25738
21383
9782
25765
1429
20226
27441
30127
8134
20666
19554
6479
28812
30647
9924
19046
4562
5764
25024
30085
5494
12503
1607
943
29949
31859
19487
608
10629
26958
4474
3277
32762
29935
28877
23150
32141
19739
26847
5818
26722
1456
19233
26162
18569
26065
25661
15520
30000
4163
4849
26785
535
2839
16670
30817
8516
27274
29468
23462
19703
9001
24913
26384
19936
18233
20482
7327
29072
13141
6504
23925
1326
28249
7687
26845
26731
16511
3899
19597
19639
17864
18452
10792
29878
32670
10339
30215
2029
10679
9749
4921
20162
22076
2240
28872
27299
5419
892
3134
24197
11002
8436
32104
31632
6781
13757
28506
1560
1545
19686
10931
9936
11226
17104
5411
31802
434
575
18986
24674
13251
6066
12578
14028
2767
3824
13439
22187
32142
20196
32342
25939
29008
26538
24092
13553
28131
1770
15281
31610
18615
1637
15260
30177
2880
18637
30873
19341
6300
22746
30289
17930
22134
32410
12648
12543
23850
16137
28860
30304
29481
31201
15340
19172
22432
6579
6936
32442
8276
2615
1000
18040
11984
26849
6096
4180
195
9140
6034
14742
24484
31323
12292
14413
13207
5494
1043
3393
32148
10290
6152
4650
15558
20508
522
30751
17201
10039
996
2641
15768
15435
29193
2297
29342
25985
3029
12431
32043
8493
10518
16701
1553
30955
24779
6803
16624
6893
3372
16252
12375
7571
20714
22129
29995
8508
439
31212
11597
17501
7177
27936
9591
7632
9243
2279
25191
12654
6197
29948
17728
4831
22574
362
20269
10929
9775
13380
18503
20904
9401
24471
19897
13909
30186
21405
2849
16618
24572
307
9018
26957
6926
8333
3001
13163
11303
12329
24692
17871
29048
24577
29129
20083
17377
15621
4670
10710
20919
12488
26469
78
5829
10618
16899
19872
5520
32278
16752
1742
13792
25308
17985
21040
27771
514
30757
1478
4148
3239
25357
24525
36
22536
28560
11664
32568
23286
14989
21633
26860
8072
4114
29064
9045
32013
3452
667
29285
11844
12000
20111
4203
6096
19370
32558
12249
21222
18052
8585
19018
20553
29818
144
24771
10104
32603
3551
4409
26149
18274
19675
9556
29674
2069
29694
32371
24120
17518
14447
752
8336
15929
30678
28837
15605
31933
13422
14511
14497
9886
5980
18545
20727
13058
27967
25564
31929
13811
20744
29934
3451
19461
30988
29817
1367
26936
23127
20518
29923
3871
5699
29113
30048
11842
26186
19351
4916
14018
31257
3717
15515
7227
31717
27826
2201
20718
12034
3576
27187
31776
23730
6495
9182
28605
827
30691
3896
8513
31548
13431
3318
10712
1856
7497
12573
4548
404
2632
32630
27392
7254
27876
19515
32547
26575
3348
5399
5254
4867
6046
26190
3753
6789
24979
8247
28115
22928
1304
12531
29177
12628
15212
5721
25825
14990
6183
15408
20360
13659
2496
2721
7872
11086
17234
14571
31517
30656
29600
14425
22546
10855
27990
19314
32344
30763
9362
7535
5519
11828
9634
28146
28968
23368
26896
9460
9346
9044
10459
25343
8787
29000
6920
24990
27466
31528
13657
14355
4083
19552
24157
22599
2522
19033
12201
22535
12275
26441
11620
23148
19001
30543
5897
11675
2198
23487
13672
28847
24835
30907
18926
22004
6384
10499
807
21846
32230
9229
6785
25369
4459
2649
32595
32458
11302
3071
13085
11893
23619
23946
15122
14872
793
28424
19155
15192
30218
6498
3198
21875
9899
13802
10727
10614
5669
21555
31525
23216
6108
549
32337
14182
10062
23120
31882
22984
21821
19585
60
21796
4112
21651
162
17242
19319
5000
26250
18064
19278
32473
20057
21286
5572
6665
11086
21996
20668
28288
12299
2707
3699
13719
8273
5730
19811
26864
28683
15146
12136
11528
21390
13948
11298
18959
9503
8473
17050
9975
17333
25258
28200
31435
20225
3506
25236
10306
25772
14272
21371
30612
17120
8681
19188
8844
29705
17781
21364
26334
26589
6361
30959
4796
7578
8422
25920
16292
17294
8767
7115
12156
28637
1808
6241
32736
22143
19709
21860
10171
8328
3929
32043
29460
18604
409
19111
28971
8450
28168
23879
2245
26120
3260
1050
9924
744
18120
17460
15098
27385
14771
7762
30527
11401
3881
22465
1217
8410
31985
19067
9116
23914
287
148
26795
19063
11915
7892
3485
707
7553
25254
1867
24725
21690
14128
22088
23552
16011
9668
17850
7783
32349
9591
3177
28481
14941
3599
1046
24090
11637
12835
27406
19930
5498
25725
25599
17738
20903
27843
10249
10452
17738
12119
7960
16779
21181
3195
21106
13675
664
15033
28044
21729
11045
8322
16674
24974
11284
28949
31878
12872
4720
4258
4409
22625
14546
943
29880
10796
14293
28092
13464
22206
15049
25378
4309
26354
3244
4673
4200
20400
29014
2010
17431
31086
7923
4794
11153
24822
27574
2713
28858
13674
972
32321
27972
6022
15247
3315
11903
24102
20989
28422
27506
1032
14184
29137
8490
8914
11374
27339
18770
8023
19756
26097
24324
27414
23727
4968
9695
32515
25771
14436
26458
29579
32112
10056
6743
22994
21017
783
10492
14911
13575
20970
18622
23610
22670
9002
6334
15156
32749
19553
31321
19688
15492
452
22522
31969
2881
19924
20019
317
26204
11326
27405
27824
8004
19455
30620
8652
5337
15563
32726
2943
6619
2992
3237
16093
8098
4855
17466
27167
30992
331
25765
13548
18885
23581
19618
30168
30097
326
1718
24875
9263
27630
2683
5347
11568
16557
10296
9724
53
25841
21173
4846
23905
9632
15182
16248
29198
12542
29765
23964
11711
26576
3421
26603
25430
18882
24228
4354
2696
262
30096
19541
13709
20798
22605
21547
3868
28060
4950
20714
29846
31303
17731
1429
130
15617
7393
9619
6457
16648
32136
14258
22498
29241
15785
10859
23457
29563
13223
32104
23820
13403
1256
9283
5599
2548
27435
1681
20720
20242
25628
16671
13925
20375
32549
3195
10276
797
15752
27830
17035
23260
14507
3689
21858
9934
690
29942
26893
22034
30035
24080
9222
5775
25318
32382
9355
6105
23996
31771
8852
30040
2482
18722
28168
2983
11270
17576
7472
15674
28009
17514
32620
27204
597
27593
10277
8151
11680
29715
9730
16973
20818
18948
14943
14056
436
9357
9467
20661
20137
30931
22512
1206
14145
28539
10217
10559
31628
16165
19599
17569
16556
4150
17732
12038
15150
19931
30228
2972
21403
2123
4328
23798
31049
19532
7933
14511
6007
5112
16021
24144
24729
13505
26861
13683
25585
28339
21614
30505
8543
249
18215
1690
3962
26531
28027
15595
18399
9894
2327
11365
19914
17956
3112
7891
8931
25582
29898
21291
7770
32328
31939
15985
14901
23532
29041
21465
19177
13649
18433
6188
21800
812
16866
1132
30203
5688
13689
31675
4368
23602
20247
22649
14677
30248
24104
21677
1990
1012
685
20902
21634
18692
20204
17122
1573
3676
12645
16430
27474
26077
15113
783
21135
12999
5543
21345
21590
7037
16039
10046
872
18568
23034
31265
30565
5343
12625
8011
26010
4965
13197
4966
15386
3508
2167
4457
29456
24601
3250
28347
2131
22239
18926
667
22843
28881
16221
7359
20148
11002
3691
20283
3984
14767
24490
4005
11554
21200
5131
29559
32264
27978
5716
2996
6984
6624
24782
9167
13215
22828
2878
26568
10517
4832
29975
13720
11477
4690
24558
7631
19772
11320
3630
22396
10800
29103
14861
11085
17331
5251
30911
6647
5815
24746
24041
16856
31796
28433
29528
18395
32377
30108
22771
18333
6336
22632
8430
3790
5380
24659
15425
10201
31767
15038
2905
30663
19439
9873
26381
29536
26688
29312
13779
12180
31057
12429
24884
20762
11528
17102
16253
8023
3654
9585
17848
16001
26235
6653
5594
21764
23921
6106
15678
8229
19308
9748
14162
15333
29045
604
2193
8744
3059
14672
1457
9494
29563
5116
6941
26818
16361
32416
10405
8201
8624
19635
17780
4286
25966
32297
67
8964
21956
27122
28621
32762
28516
29123
10115
926
7019
8984
25728
1515
25586
27002
1727
16197
22239
13821
10892
19479
2817
16398
30264
5051
31581
17259
28689
5786
11458
24435
28817
26516
20900
31648
1238
21666
24615
21842
21842
697
20089
6862
25796
242
26981
14214
15207
5865
31013
13723
21097
21090
10360
22688
21406
6195
25077
21921
374
15454
6047
19555
23341
25981
10425
26094
20801
16227
23004
15433
7721
16640
4934
28549
5956
2437
22901
3068
2576
6345
13301
9691
31132
26347
30326
19934
20544
7994
8225
17243
22923
593
17708
1922
6269
13190
13996
13795
19958
30086
23723
17969
17263
6713
30331
6981
11752
10732
13641
869
15649
1454
25845
3527
11021
2298
5922
22865
24452
28311
1161
16547
31800
31933
6290
1879
25834
15481
23333
27783
6110
16466
11453
18064
27276
15917
2239
3094
32408
110
16907
28233
772
29280
28112
26726
5541
19415
28836
26752
22739
8212
25044
30080
4453
21480
14584
30315
24797
16157
31179
32483
28639
32017
21050
17649
7400
12452
24251
9217
828
16212
2272
20782
28192
18343
13356
9408
3146
22218
11557
7411
30614
8567
3754
32251
25850
17435
4487
13124
4284
20025
31303
22014
15074
7433
6474
31961
18411
18790
4375
14605
22972
11495
22258
25758
29917
16971
8626
9694
1509
25882
15053
19507
23347
13449
26037
27162
26335
7582
20839
20588
23792
20630
18496
20193
464
9604
4627
24018
15613
13370
15482
5443
17408
9068
15721
5408
29091
29459
9225
17095
7519
17936
19395
32711
1812
28434
17818
15847
11005
17593
27583
5227
4578
252
21343
14994
29071
12232
4288
2915
12678
28905
396
30377
10225
4398
4461
829
8922
16072
11481
18051
4510
23796
22064
30007
25247
15066
4356
29034
26938
12724
6071
31175
24569
28210
3916
24091
23305
26909
11639
23829
16110
21308
1270
3914
3957
30836
27684
891
10986
24114
12748
28699
17804
8462
5179
7692
14654
21928
11929
28842
32127
28886
20601
12042
23452
31490
29614
29315
13092
4813
17504
24174
25245
760
28512
1323
10357
28549
10937
7781
4156
24089
11400
29334
16400
7589
1037
8141
14936
20805
2305
7087
26549
8809
21802
5819
32053
24114
31790
9427
4810
543
30117
20216
32251
31720
28017
29270
17626
8362
28242
4224
15670
8005
6837
29948
11281
29186
26573
21506
31060
4986
3813
18049
19394
31411
10485
18275
8491
8843
10355
5650
14050
8282
9579
8763
22129
3539
12242
25810
23178
18987
7192
19030
65
22142
32252
4694
22649
20846
17828
18484
28060
22029
13037
14633
29072
16893
4864
2953
2022
9941
31782
23368
84
27335
31709
32702
5477
23680
27435
24231
879
15952
23858
28782
3014
3211
23557
22955
14383
815
26554
15850
29335
9926
27584
12206
17669
21646
7795
25013
21966
7640
32494
32126
29704
29358
25888
17161
18496
24504
22563
21982
32112
25441
7880
23376
30251
7733
15991
19971
25115
25229
23606
10924
18349
26479
13319
23064
22027
8880
6775
31856
4939
3675
15476
31163
15077
23895
4447
31652
24683
25411
13154
13437
10868
13221
4612
6021
14810
15428
13050
26214
4389
24274
30016
14338
4166
19918
2665
23663
22665
12457
6708
16960
11461
21288
17503
16647
8661
25609
29888
27928
13132
1769
15761
22671
4197
15717
11276
26004
13625
27520
19256
3549
9269
31556
18690
17269
21450
25517
29071
20156
9318
5826
29905
19888
29348
6917
10840
14442
6592
21517
18283
3819
31309
15986
15192
5145
22826
8937
9736
14853
10930
1200
7382
9071
7731
20269
12705
24204
32161
1746
28704
15623
13708
323
17782
27973
6480
26811
1543
14573
14220
3756
1417
3240
21205
20901
30046
11557
21163
6777
32033
15713
16555
13470
16767
31269
9735
1491
19784
20176
23860
26885
4293
10070
11234
12404
27469
9097
14641
4882
29459
3991
13346
2347
28482
17876
15947
23627
14412
23994
28368
28253
29310
19502
398
31760
22233
22789
1689
24191
32285
3527
9705
4112
25126
435
19280
30876
2427
9987
20143
17617
4389
32113
27754
19669
2237
19961
8729
20012
21705
21473
17281
31964
2889
30455
23490
12239
32396
31514
11985
11384
27208
18683
28457
21946
30442
13349
31678
16901
1835
25147
14899
31938
996
14209
24908
30449
6691
27806
18342
27408
8062
12705
2726
14399
4263
577
8623
30883
24129
3945
12696
22280
31730
25076
13405
26570
26042
6837
18708
2293
3971
29626
16419
3499
29433
26321
14257
14534
12187
7500
23642
19135
28946
3330
8743
9935
4034
26262
2493
21331
8096
14588
17876
22901
24899
28216
21739
18441
18749
1385
25402
23989
4523
11783
2281
7765
2571
10345
14463
22429
6478
3978
29085
22784
9774
28684
3052
25297
22978
20605
11860
4265
28752
3802
18031
17160
3170
14161
5181
19519
16412
14411
7705
25741
16588
6058
8427
10632
30915
3407
20640
11454
27492
9952
31959
21917
8058
22728
28125
6800
975
8319
3548
21867
506
7179
12879
14089
13176
15047
6585
7731
27902
27491
29079
21956
5134
27436
30867
32267
29385
6797
4346
9585
32260
31446
22384
21596
16797
14653
4579
4179
26383
27427
2749
6754
2629
24472
11358
27840
20652
10784
28873
15279
30348
19127
31133
32164
18072
5908
25672
16040
12228
18731
11895
17150
27990
22261
16080
15622
30016
30579
26084
6753
8365
30961
27487
11350
17114
19592
31618
12148
8743
27366
2260
30329
1902
30290
30228
15475
22419
15850
7281
25125
27484
1583
510
6828
6531
15044
21600
19299
9994
28019
31689
8963
4559
18033
23083
11279
26976
18915
2725
24175
10768
5792
13634
29786
20043
569
19170
1658
2598
13879
15736
13131
25914
12963
2166
21957
9907
22988
7558
3898
18340
26948
2427
10369
24478
1068
25991
3668
16256
12977
26798
27895
11920
31447
11642
12058
32203
30326
32753
25601
25978
2689
18372
20706
24838
9102
25289
12687
32013
7059
939
27732
19381
11502
26849
15651
29505
5801
32732
7150
2786
22011
18565
25173
14799
6418
3302
29825
19607
20239
16679
29008
13494
31059
8125
11698
9831
8697
21982
32595
18618
7075
21560
6778
11238
28282
6114
1841
31200
5744
32659
29094
5421
30409
274
22993
6644
9945
21229
26199
30039
31759
24174
24238
1795
30002
3531
4226
262
27371
19101
9304
31202
10628
16531
9586
25823
22511
14440
16626
25765
20490
7954
66
11273
19489
3389
690
24872
3508
25335
31331
14002
24955
19373
28773
12169
9384
15958
5148
16523
12140
19950
6632
17579
18620
24102
27908
30535
1877
4186
14511
26806
17406
31939
3210
8480
269
3054
8258
26002
27436
1132
31342
21329
22365
8396
32443
17775
25148
16838
10054
14493
5252
4281
27977
8512
12501
9816
9466
26567
3765
2463
20656
32571
9940
6925
12104
18967
13460
16397
2503
16731
4296
25269
1088
4572
10684
6578
30201
9182
15479
3203
3273
16612
13116
26598
16324
19399
19799
30352
21787
16134
29718
12833
32573
25949
24853
24663
21826
153
31166
4226
10890
21162
1041
3384
2465
15610
6305
5705
22118
27133
30175
30453
23405
13578
6299
19549
18081
17513
15816
4152
22830
2477
12672
15303
20126
7235
3912
5899
16193
8780
22420
2101
467
15272
32398
30558
20569
9043
22547
6776
13388
31477
1278
15749
32249
29876
17834
23303
19240
20301
21938
6327
24828
22627
13563
31865
23834
26903
501
28048
525
4312
18717
22030
8938
25212
28103
30863
29231
6032
4122
20007
14321
32237
5212
153
13111
25484
12144
21706
10913
29852
7324
6517
28749
16337
24720
28191
23802
21758
15780
30286
1646
12774
15714
19702
13590
29008
29508
19508
23789
28761
23742
32062
7582
24078
639
17563
3565
26938
16117
7823
22099
125
19983
32730
24296
22686
2630
11938
5255
11554
31454
10157
2348
28446
5993
25555
29600
22089
25742
4531
21081
2133
19976
6054
13723
19072
25073
29169
29924
29030
20801
16703
21383
793
22930
7502
22679
16243
31782
32744
24070
683
9770
23573
6926
13863
11836
13711
11728
17297
19244
19574
26684
15917
26623
12613
25648
13930
31034
21765
8932
27575
14173
27072
15237
20631
25261
10041
23840
5368
29750
18394
10178
10945
24593
20974
8414
30890
19683
272
18158
12112
25766
25571
2141
29833
8876
516
8613
22772
17120
7741
9909
19413
13904
26876
15253
288
16616
14083
16460
32212
9344
4192
29698
16010
32026
11168
21346
11342
12900
10560
13890
21421
8837
9060
28806
4623
27157
26059
31297
11592
28013
25091
25374
2409
1826
13273
5375
28892
32716
18964
10723
8880
13068
1891
22797
6961
1485
28563
16227
19132
4553
13573
1812
11985
10831
14944
12925
362
7748
23683
3662
29323
23401
6334
3816
8219
22235
25409
7434
16370
24288
16852
5549
12339
14816
32457
300
25052
14002
2095
17832
20891
4634
20297
22699
740
21903
15423
13323
12608
4929
2578
4626
11240
9050
7893
13531
3986
18052
13339
15615
21131
20908
25516
21362
22278
18182
27772
10919
30644
82
17373
6907
17044
20061
18163
24144
22029
12746
8296
12024
5178
4370
13922
19926
8325
4042
13490
13247
23415
27429
1871
29222
20686
32697
22786
1785
19408
23686
27234
10182
1504
1844
21763
18466
9039
21916
3819
24395
29300
138
16965
12556
8447
21441
19802
7649
23434
8000
32444
15964
2929
19908
25028
19911
9956
17550
12095
10251
18234
28774
13925
24273
31112
9184
21003
10726
32115
10974
15897
14052
26178
14166
24893
7183
21048
2902
24289
29309
11296
1093
1371
23418
11049
27499
27748
29994
1268
12212
22476
624
1516
27824
12908
18959
982
25311
13659
28943
24232
17708
3941
21603
927
32695
8376
9672
9868
23511
7905
20464
9583
9568
13559
26080
19014
13601
29718
8599
24359
1201
10255
13808
18573
12140
25694
30665
6640
1208
23901
8805
22680
3981
25015
15119
24754
14132
2078
22528
8356
23886
25921
20099
7838
7449
24056
3159
31857
4079
27074
8277
28069
15119
22898
13906
21445
2720
30245
2631
29950
32243
3191
5808
233
26889
14327
561
22436
28501
728
4223
18215
7106
11753
6782
13013
14840
13511
20903
22866
21723
25168
21165
11413
32341
2396
19296
28734
17494
13736
14289
4649
30489
26899
31415
28995
9384
14605
21777
1692
28066
24652
269
9406
5948
6336
29737
16702
32390
20938
3224
31888
20720
5801
11751
23583
11788
14645
4320
27293
5781
5327
19119
12952
19633
32152
20291
18255
2419
12257
29431
20419
11172
21475
12146
18449
17347
27056
12235
27902
8522
12650
26609
1492
17715
25523
15179
109
23995
20068
30363
5005
12134
10626
8488
23413
3907
14446
26908
9396
21105
2907
12075
22849
22242
29957
30069
17351
2399
2209
13742
7488
3276
13327
25212
6341
26286
19031
6176
24996
21738
4691
16473
16308
12495
11689
11653
21989
855
27645
28938
12059
11946
24164
28916
3389
20708
16155
224
11912
17432
377
536
32042
24469
7714
20223
23820
24168
28542
30128
3055
3874
12905
1506
18362
12507
32556
30223
12050
8566
20140
25557
4140
16679
24546
13212
6623
12083
4491
21369
8958
17399
1057
9554
31716
27692
6153
21571
32336
18793
7182
6465
20340
15337
16398
13053
2120
14735
8179
5387
14372
5671
31461
4676
30094
8431
27327
1641
29009
15190
12223
17161
16335
19715
25729
17316
19607
14617
11822
27920
11322
14522
15601
23580
16475
16074
12458
1908
25094
18677
13799
14532
1603
16883
28432
8480
4330
22794
32225
3236
18872
29397
16669
31063
10147
5957
6785
5461
26219
229
20727
26670
6770
12642
25357
11145
14029
12106
23973
5901
14747
20756
2798
9089
29333
14689
3475
2353
6119
26753
15410
32148
7487
1849
20751
29741
291
20163
16906
26287
1159
12823
21710
26724
159
11369
17228
2255
20210
22771
1128
18833
30640
14324
3313
11145
6725
17657
7383
5951
17454
16987
27800
9347
10763
24073
20220
1361
30454
4999
6914
6136
9748
28471
29210
25723
6761
5848
13972
2360
26865
15180
18009
23239
2284
22430
19929
15141
24185
24899
18244
27666
21350
19872
31229
24759
29255
4301
3660
21132
14277
31129
2387
7545
3641
3790
17731
10044
10106
20918
14799
22026
10482
2525
10465
23161
24056
32281
908
20637
25690
16072
6979
31857
1848
25945
29512
9593
15385
27918
18022
21926
30264
2303
5347
32634
17439
7011
20145
20332
27511
12811
28132
11406
30495
11311
5481
11373
27515
28013
2036
32313
5391
16911
2874
4390
9548
22669
2913
31249
4521
29778
4788
23655
26870
15811
27036
23107
4845
21374
29387
20438
11787
223
6075
24076
32670
15817
22871
2156
10782
23459
22776
27201
7616
928
28050
18167
30537
27204
6448
31175
16672
23588
29341
2199
19112
2029
22372
24091
2508
10663
31227
28481
15068
31547
8252
20428
12951
3635
9748
31294
5769
29378
6271
20220
28567
20484
31924
3757
19160
20870
6044
21475
23718
3593
18825
20477
23029
19331
21029
20300
31716
17511
4265
18548
24978
21030
5199
31509
17459
8438
4361
25003
12643
20690
3187
31411
16313
10178
22278
11536
29088
14684
9615
19372
14946
10123
24288
31842
22918
24719
29126
1564
92
32325
18235
19000
30166
10921
9436
27953
11417
11673
5021
29307
32596
2012
7867
20398
1873
16226
32498
15079
16714
16589
1521
14443
29821
31281
24075
11150
4098
4888
29231
28372
29277
26058
4634
14165
20304
7627
9931
18278
10227
8100
2871
13429
2310
7654
23871
17461
901
32621
23263
9468
4989
31458
8104
1385
26911
2947
22128
20297
18450
8999
13128
2491
28942
15740
18862
9875
18855
14484
4868
16125
13926
5792
14657
867
23326
3323
31207
25232
13693
1130
13621
11285
17890
28322
32157
12779
14958
5386
15224
11611
20574
17603
14585
27419
24472
31718
10847
698
17539
31756
1647
7485
7196
26132
17186
3851
1607
17184
19099
18694
25186
7905
15451
25851
14880
5909
20152
20796
20117
1101
25739
24459
31629
8180
11050
15162
25890
19341
21654
2705
9102
23868
16885
16240
24893
5512
12866
23349
7975
8799
18755
10720
4956
21338
699
14454
21984
25411
26082
2723
20410
31445
3346
21410
8264
20674
21955
13922
27861
2811
19641
20705
20077
17707
10876
5852
20976
24708
29705
16299
15974
191
5063
19303
5522
23134
32444
25421
714
13877
14849
6503
11270
20008
21619
19305
6454
26422
10412
11481
9689
19639
31538
15474
12491
4321
18669
10443
32350
13969
23007
26676
173
10313
27663
2016
31277
8308
2758
30282
11909
26354
26110
19665
5536
2000
15896
23717
17664
26455
14285
743
853
22345
11367
2060
14926
4455
18993
3715
15023
15158
6444
21655
1700
22275
14339
19862
5716
17957
25921
22067
19130
16514
10434
2089
688
25941
12647
28961
1613
18734
15118
12502
15473
9530
4290
17015
24222
3012
32558
30029
7946
17916
19288
22685
29938
16119
396
7888
816
8184
12437
15313
19728
494
25908
17079
11616
22589
31178
18084
17350
30913
3672
17132
19543
25872
15529
20090
5476
14592
23758
7792
1943
25194
28107
7182
29759
1581
30352
4565
7657
13941
29483
13292
12080
24125
8763
1986
5078
1554
18088
28405
26643
22042
12689
22899
29228
31062
10374
25311
23112
17956
31736
24374
5248
20488
25069
6834
12597
18091
26872
20718
1958
17956
5993
8012
28353
31863
2753
30356
30778
18523
11113
20445
25051
13633
18595
10417
12571
30865
12480
2668
11505
21559
6548
8421
10730
606
27943
9296
23674
3707
20141
6755
9615
16270
27576
12984
3436
30629
28077
17011
24757
11425
8052
8996
9158
24124
7028
30959
20553
11595
5567
9194
4360
30785
5769
24774
28671
8437
14559
23730
10934
24485
16790
16508
8398
18234
8833
30457
4313
24269
15847
12968
5999
29803
32307
30354
9342
3349
5614
9844
23265
5643
31723
25120
3636
15179
30657
12321
21223
1876
21118
15262
21650
12335
32666
10625
26248
13744
21034
18647
687
13562
4694
8826
10895
5441
1805
11246
24232
29140
18424
8586
8201
25946
27564
19416
12318
6747
26147
13374
714
17667
11117
3293
5813
27171
27299
20409
10216
6009
29981
22810
28823
28977
9700
307
27709
14507
23914
30978
20719
12415
25977
28279
13033
447
20842
15320
1646
1660
11927
9828
29647
7563
6419
28727
12745
27528
2200
16749
23059
11548
27072
11402
27704
32380
22392
21018
29347
15410
2226
26516
32248
24864
18011
9604
27307
1474
32141
24809
9419
25779
16901
21468
24094
2163
21719
22899
27251
1639
864
8421
13876
27425
29309
7151
2875
15330
10746
11382
6118
12637
29774
21869
27758
4030
26245
29433
25204
16363
9341
15827
8925
3594
13653
7663
15840
12611
31779
4187
2397
199
10469
9321
14705
31249
13755
21520
26439
31852
17491
15248
31281
23989
28580
29781
9975
15458
26079
5918
31087
12995
24226
10590
7245
20360
16751
31202
21309
30596
4190
12469
23343
5296
27406
5697
9458
13939
15841
21942
7685
1824
29033
16048
31658
15041
11805
18964
15419
23315
2129
26170
21185
5329
10341
20050
12483
27189
17212
28928
8796
28349
30447
10826
12432
28715
24515
21684
32224
12495
31065
30121
20764
5896
8229
2333
17017
30217
18209
12401
16100
21465
13763
18583
21909
20637
25132
11126
998
4890
15266
8336
29542
24182
31040
16610
24105
13630
16620
21003
3427
11694
14986
23729
9781
23340
25455
545
14535
28949
13849
21813
17815
700
31261
14971
11537
1200
20576
5011
15711
29502
20362
14809
21122
16951
17592
3141
15522
31220
27762
5263
24738
9622
14300
1942
18168
30354
29232
9474
3260
16750
23147
14888
27390
14277
1351
19503
18525
913
7018
11633
2261
10154
18397
548
4057
18825
27327
30778
10402
18514
25659
13957
18630
17682
2999
18207
24844
68
10062
265
12415
12443
30593
13586
19905
14075
11049
8699
23202
21448
20400
29656
5617
16740
4481
21177
16275
22515
24765
17546
721
7778
20016
26168
23286
27815
13443
16406
9754
842
435
14718
23097
15396
13506
28603
4232
14439
25516
29734
23304
12254
23964
13712
6235
17782
15712
6368
14807
1278
26
1277
12249
28203
29753
26095
28763
12511
5288
27457
19401
32426
9285
1449
1041
5522
7573
26603
23034
26639
19126
3834
1206
1626
6549
5472
18362
11495
97
21985
6861
7216
1599
8539
6239
7605
17471
3057
9757
23105
29326
5480
3010
25966
21998
12497
27696
8811
8548
28521
21695
26109
8240
21181
22229
31172
15362
2578
24503
25792
13163
7939
17054
7444
5266
21868
10510
1801
20520
17031
23907
25941
30878
24405
9133
7838
405
6720
5309
31802
5014
11262
12160
17977
18435
13240
5260
24741
24909
24172
8185
19976
21352
7568
21874
15151
12412
12536
21131
30766
19934
2041
15189
676
13630
15823
21809
1344
13858
13628
17377
28804
11155
6002
7397
4297
18965
14899
17668
17796
2525
12599
19497
15815
319
3790
15216
24075
17254
6086
2433
13100
5959
28303
10525
5813
6871
31133
26102
26718
9852
2318
964
211
1218
32653
21397
16823
21072
630
13156
26345
6682
30010
11246
32006
472
17414
8385
8495
6838
16799
18070
28172
10829
7313
21472
14864
32722
12168
8101
2815
10637
12542
8845
25262
7821
1558
3641
18699
12443
15560
28373
14172
23148
28991
2801
18636
15899
8831
30092
21539
26582
14923
1650
21205
10455
19526
11465
14654
7829
20568
20454
9260
14908
23635
12901
32670
23643
8407
2936
2763
22749
11635
19071
23910
30523
16396
14553
21025
17136
9091
28154
31344
16428
24978
18878
32655
22732
19447
26877
5318
5514
8405
18528
24300
30577
20055
2419
29994
1429
6550
3579
24321
25344
11453
23945
13198
239
20587
2383
15885
16703
21592
563
19357
7458
27452
5410
1602
9238
32236
423
304
26392
14790
24252
23111
9236
24144
16864
5338
17825
3612
23657
4532
2795
9967
796
18525
27632
25889
21499
9625
3568
22087
28254
13106
23582
24336
28997
27895
6300
22637
13293
26373
31142
2037
27809
10565
9998
30599
14803
25654
11240
28721
16747
25325
12422
7248
23135
24154
4263
5369
29828
5580
8683
24216
12964
20663
16010
6359
27344
11702
26694
26050
247
25292
6046
19496
20408
21231
2885
6468
4981
7367
11218
1436
2985
1715
22457
8490
18043
27661
11130
19130
19091
4015
6680
13971
4908
30645
27085
18521
4714
13957
26876
17458
11758
17677
28519
6952
27049
21068
32674
22223
13549
11284
7368
26663
3530
9486
10348
24003
28311
7166
23762
17707
14799
2120
14175
15232
6175
12212
26447
29022
31932
26990
5286
9734
17402
4689
4969
23997
8219
5732
22285
22383
18532
13221
14896
1432
7799
23046
28295
3685
15836
19638
10520
5910
10721
26785
24233
24230
3492
13370
9336
27566
17006
7288
2348
20871
4162
798
31244
20654
23734
576
2159
22125
15362
2307
9075
8120
6231
13732
6642
854
25458
4284
30898
10049
1648
3522
6364
9550
996
29905
29360
25360
39
6571
2166
8442
9199
1023
32184
1221
3363
27879
11950
8977
16878
13749
23546
19535
23059
15343
16022
8414
21120
11928
6154
12404
16165
18609
4834
10432
20230
5376
1887
22350
22159
7952
30829
682
21544
13689
23765
24264
8970
8545
2228
8355
20561
30531
19244
29989
18002
25840
5209
24391
16942
8403
14214
16761
18344
24184
7585
5700
1843
27728
31725
7214
27215
24238
25335
30942
14870
27670
14795
6016
5138
24247
31079
18027
8530
16182
15472
22529
17341
7341
30500
19159
11686
5620
27536
15639
6048
2079
11779
12066
2195
1607
19906
22905
25615
32398
30205
6621
13025
12381
6914
15285
23012
22512
1969
8113
13082
13077
24368
1709
15611
17200
26336
984
21517
28803
11407
23061
10933
29356
23791
18593
29517
8815
24134
2806
28790
6326
872
4080
24496
16086
27363
11311
29224
13332
24185
19388
18384
11368
18131
26351
8373
11393
1907
16016
14478
18184
22251
9020
144
16169
26444
19466
11146
13392
29410
111
16429
15152
286
6495
9643
2058
30676
7605
24197
3628
19623
32213
26013
14520
27329
12944
24979
8358
8391
17224
8782
25612
11019
30548
7385
669
11780
13989
22897
25456
13564
23978
2012
26628
2313
2162
11772
12416
29758
6417
9379
30015
17698
32068
22185
6539
9825
30552
30268
23465
7874
28231
7288
17943
19801
2341
1847
17937
13822
6586
26923
2905
12798
6769
42
5432
22800
17265
26056
4288
30346
31497
20011
27733
24276
9553
10523
17516
14621
5902
22873
3473
4430
12247
30258
8111
17980
24438
19283
1676
10274
6801
2783
15251
23374
650
26047
11478
21274
17571
32314
13651
31006
29798
26821
27254
21668
25924
12060
25312
18012
18300
2449
23143
11346
3134
17060
22366
540
21776
30933
13590
20824
29298
12982
14244
1622
13757
31044
3301
32017
6737
27767
24256
23140
2543
1560
23211
1402
16484
32467
21105
21895
4712
2445
23090
18357
7109
22776
1963
20834
6332
9060
14007
8840
28324
6360
30486
27772
10196
32609
1902
220
26307
27050
399
23746
5230
15309
7163
29758
19962
29289
9382
20996
21915
24565
6394
24417
2740
21587
32542
26740
11584
25256
25720
12442
28784
14700
9585
11050
8341
16573
25208
11363
24641
29433
17993
9890
16553
9099
367
18392
14670
10245
7943
2876
17117
6000
5832
4925
6483
5087
16448
24507
26980
21067
2912
13430
27934
21658
8763
17351
15306
2561
22539
29070
20755
18828
2421
17003
3946
23291
21006
19249
16808
464
15133
13463
24565
16038
18339
10033
7145
15044
408
13215
30706
4594
27768
2821
28150
28300
254
7099
26937
11220
5679
26181
6016
29324
23451
7813
21879
965
18656
27951
14928
9714
9839
25982
1709
26688
5011
805
31424
12330
11695
17545
22448
17735
15559
13613
4159
20327
2369
31853
27819
31455
16109
17520
9681
14113
324
3416
15256
17296
5357
16571
2701
32402
17030
6487
25803
10982
22176
13057
12830
7992
25355
22239
23400
5106
9557
22487
1347
854
13965
4935
24039
20426
26700
27127
591
9330
29431
17740
16023
17412
22846
31934
11689
14808
9448
12171
31768
8511
24787
26285
21068
30486
29750
4874
10720
10651
17194
15340
4680
23167
14441
29104
10423
1852
7253
22722
18239
2984
23868
24777
12091
13002
11482
31774
13034
18925
5919
27523
8796
27124
30259
29202
32658
27373
26552
1395
15841
13801
10063
20050
4247
26890
29277
3344
3297
477
22799
14009
8940
490
8347
24119
12875
16778
6857
15813
15769
25849
5811
29862
351
10156
20168
19734
29239
29157
30743
7809
26162
27780
22219
8179
28024
1824
31729
16080
7726
9302
4226
19909
22429
24673
20893
8190
16528
9707
8724
25753
1277
1315
21802
22107
5864
272
5787
5026
30341
18213
5085
12955
17821
1301
19110
26037
10802
20713
8366
17494
17510
22351
10422
3020
15257
17461
14537
27782
9938
6550
13762
14212
21600
26772
14350
12
13505
8392
28083
1439
27842
27094
23953
31275
21224
15172
28648
30850
23567
9868
24603
16139
15185
1903
31668
695
14633
3725
21159
28215
1496
23091
15579
8557
2824
4468
22758
17696
176
13691
26649
1779
18743
7455
11196
4504
22748
20152
10138
21825
11349
11313
28097
13399
4790
9567
22403
26735
20117
25745
20416
13178
21100
10601
4712
12603
7230
17898
1339
23807
29822
29137
3539
8072
5164
26665
2277
31050
30273
794
18116
7386
22605
18946
12582
3491
11871
9671
32299
5851
3621
12139
5275
11957
21844
19680
1391
6616
3914
4126
16020
25361
24051
3188
23275
31556
27113
5659
13204
5545
7647
8209
5740
5172
12607
11300
17876
6229
17938
333
9653
3042
7713
7232
14785
13906
11097
3649
22779
12843
32628
15929
14969
22205
24278
16393
16232
27153
31413
13854
7762
12061
5757
28998
21404
9273
7283
17090
31571
1495
26008
13468
30760
26990
14544
7227
3000
1207
17731
15156
17425
29980
7172
25187
25202
7022
27889
19259
8019
24534
2778
7002
28581
29198
31461
18016
12123
22992
4912
16898
21801
27535
27833
16474
5004
30054
11387
25729
2826
14414
26586
9568
29115
403
10305
21187
21512
30857
21002
28847
21171
29819
29342
23798
536
28388
14813
29448
20146
26081
8896
8716
2784
17127
3900
10544
2537
6577
23402
28221
27710
21373
11238
8814
256
6776
31605
10626
24770
6519
11242
30480
9616
25575
7754
22043
25648
6663
5678
20198
19111
7509
27753
7945
2048
26949
21739
30661
24904
25657
15333
30357
6109
15534
32302
3077
1257
9907
230
17607
3625
3488
27737
10500
22515
3588
3621
9712
22647
19423
9888
13729
12357
30994
9588
14625
27663
8211
6540
14530
5040
1765
22580
32433
10862
15944
8059
16334
1148
12589
14300
18107
5571
18540
22814
21811
7651
30393
22137
12190
21876
16597
22010
1762
145
5633
5929
13435
2711
3256
3304
31950
3882
22429
20126
19386
29817
1715
9365
8049
31427
26828
13217
5510
25883
8516
3075
20039
8040
17902
8076
6732
1455
6479
25350
9808
12437
13578
7887
6464
27423
14492
12999
22674
13757
20553
20844
26328
31367
10326
30276
4245
22214
8313
7036
23375
7606
21390
29390
27365
30858
18315
9640
20771
18353
22966
24714
31636
10584
15126
11695
13207
18736
4391
25329
25781
23921
3794
9959
7474
29983
6555
20816
31970
31628
20253
10932
1598
5406
32435
20296
1463
14674
27513
14611
843
11777
27251
13647
29269
18402
12555
18706
5033
5201
26561
18733
15840
20558
21790
10580
32753
20681
13545
18048
20994
16413
3998
12434
18557
21722
9756
14137
32101
26055
17822
15893
9195
32551
6124
7197
31292
23868
17363
2622
3486
28682
29138
25924
1211
19549
2326
18174
25660
11789
14505
15005
410
28545
8422
4190
6193
6770
12592
5225
13463
30193
3555
11512
27179
13740
4747
9147
1777
11885
17492
7804
14749
13283
18626
2815
24045
933
13474
556
25404
24948
18241
26223
341
18624
26075
16736
12165
22382
27478
9375
4596
21977
8240
4610
20788
23
28343
12019
4123
29821
10104
18195
29646
27493
27129
25124
29215
7214
1451
28965
23065
29573
26394
22206
19160
32483
25959
20191
3231
12631
1016
31141
36
25990
31854
3453
6190
16624
9431
29835
4450
23669
1573
22861
23642
22039
14048
26235
28152
12289
19991
15922
27130
8393
668
27730
23502
14578
19057
22565
29095
437
3709
31041
28112
30976
18051
21423
16961
3776
4437
32588
2672
1884
7493
15984
22377
26497
29917
26574
545
19749
976
10139
30727
22982
26671
23539
13789
4595
25568
4216
25798
22030
589
23868
19872
22608
18009
11489
5779
13325
29848
11774
32490
2618
19903
29637
3362
18220
19801
2531
25409
30114
16572
32680
11626
17158
19004
11880
24237
6384
9374
16161
12323
28652
15056
13149
5691
16253
26583
30042
8271
12130
29448
13161
30331
28183
7291
2708
27054
20639
19901
17539
18945
8065
17093
11425
30536
13585
16169
16506
24551
20720
9106
16231
25064
17622
30574
23918
16970
24207
15076
7524
11931
13124
5389
5716
31945
12284
12897
10277
7477
4962
26479
25462
29449
13513
27602
10445
1740
15469
16736
17137
18227
12540
7076
148
19514
32341
23439
4405
20596
22927
29546
10565
21663
9789
18191
12681
8572
16624
23641
1471
7134
21246
28633
1668
7936
4994
16842
629
20763
6564
12103
14997
9784
9243
27580
1519
1347
31216
28315
22652
17250
18564
26960
12614
27013
8916
22902
13262
30781
1532
2891
28843
7633
1786
8289
8565
4751
3509
28311
23521
3936
16702
19272
45
4767
2389
5826
26303
26411
18735
7162
4361
8635
14198
6270
25007
2162
30610
170
8172
6324
22567
21535
18994
7991
23262
5745
31760
5725
26985
16416
27481
16065
23489
15306
16515
9743
13234
17310
20045
4122
12698
13076
27812
30248
9838
8411
31432
4240
9981
21779
19627
7816
1145
28605
1946
24632
11827
21360
12830
30483
24742
10317
31525
8294
17847
2869
31837
32305
27195
15673
31713
25143
11450
26449
28951
20305
2418
18001
20696
9479
26527
21274
25810
10593
19450
15117
12843
25851
5248
15558
13159
1368
8564
15622
27020
14712
4007
10224
2180
15533
26615
29305
17090
938
26646
20506
30761
16349
18573
28871
19497
11519
9216
23333
26411
23785
25523
14072
26415
30121
21837
7130
17331
5589
19932
14387
10455
21279
32282
25701
3520
1834
23535
30279
2618
24220
17718
26837
12193
24181
16324
11302
26881
21407
31398
12702
9852
24773
29867
2148
22508
7785
27683
7702
31434
305
31717
30652
16207
31362
2455
30459
2264
1872
26921
32652
19855
8501
22947
4332
6472
17856
16161
10324
14249
2063
15899
32491
18830
24736
7146
30779
18859
12132
2184
21729
17524
9237
13720
32137
18233
202
24230
31258
19094
27337
9903
26926
7178
15772
28388
3013
2790
5223
2731
14650
23657
32120
29927
20342
19241
3104
27257
29539
5556
15553
3591
13731
24696
24361
30971
28547
28384
31518
24015
27690
30656
25402
8073
12823
6387
27130
641
202
11843
27921
23146
22208
3976
11010
22928
5029
31252
5869
25951
2758
10575
7849
5157
6597
25247
5908
14361
6032
30859
17063
7067
12179
2335
9806
21181
32045
31634
8310
17923
31585
294
30311
23143
7375
7504
19412
23200
8162
31001
14512
1444
29514
1476
28996
26220
16045
12977
13439
22775
25497
14977
29837
24721
2750
19323
28075
13141
4442
3886
7993
7921
27380
21848
23312
10921
19277
26119
24343
6815
11412
16126
11537
14417
1497
16474
5305
1123
17860
3190
9233
13727
25991
7947
29175
10554
10257
24476
30457
10328
22916
13073
26730
9939
8938
20642
18869
24376
17956
24054
10226
28691
22050
5772
13239
24173
16218
603
11569
8594
13426
32693
22131
7192
21312
9329
24589
9756
5621
14921
993
3279
25749
23169
16946
11058
23211
27850
29950
29
5434
3429
11662
25990
7414
7819
4171
19712
16564
2317
8915
9602
29728
28728
16460
20074
1710
23803
10233
15297
18131
9292
23050
12225
25972
3271
14009
11668
11679
30616
5010
2399
25721
4252
15122
14719
25975
18883
2676
19731
20177
9657
8648
11194
21044
5573
23109
670
32184
28401
30432
689
4369
14955
17182
21558
13065
25899
5158
25476
6958
4822
24602
27398
967
6114
24487
24199
30733
24316
28123
7084
21144
15782
6711
962
24
31781
8454
25274
23109
5274
15853
18290
12057
28015
3266
12599
18492
4852
27809
13959
1728
13386
6461
2331
26382
26497
28277
31525
288
30973
2600
27094
22769
18974
16457
12579
4914
800
5430
3273
25151
7231
12869
2702
16209
543
2208
29130
17397
22892
5716
17447
14269
9661
420
15269
9781
22463
32419
27105
4376
1679
13058
23702
4804
22631
3110
27492
1260
24189
15229
4816
32653
26664
19731
141
17443
4421
3168
13562
26908
4057
11109
24043
22925
1272
24567
20140
32036
21733
27482
14659
7262
19066
16401
3318
21753
2506
14837
7693
12973
5638
7301
31449
16407
28317
19325
4597
9206
1959
29098
3532
7833
8580
2556
2395
31640
17344
32477
569
19395
24378
21441
11220
31576
23430
3326
2045
6265
5007
18911
26791
24028
1409
17651
16107
21957
14822
11947
23376
10545
9743
5668
842
28500
3509
21570
0
4422
10208
11518
2642
5626
2824
6913
14363
27247
9338
31089
20147
31274
16126
11
7865
11235
23735
17778
19727
5759
26698
15302
11557
574
323
23417
4219
2614
26548
28766
12129
29184
19230
15619
3842
945
149
26689
2208
2571
25632
26897
22049
15093
26975
25761
18379
9769
8048
12968
1868
31789
11282
31734
3069
16772
523
10063
9319
16933
22216
2169
14599
22828
6980
1428
11342
24784
31787
9898
31724
24213
11582
17287
1870
16322
1017
17355
8037
14870
9587
9533
17322
9399
19335
15458
12383
23915
25905
25423
8727
3594
5690
2747
29304
26164
23064
24920
29248
7487
19984
1380
9350
20595
26269
29818
16195
4474
5141
11695
5392
14610
6794
14810
19505
20997
8430
3635
1747
12379
15227
32032
24722
2254
30034
10571
25918
7294
7523
12024
25823
19686
23180
30614
18678
11279
19205
27539
20230
23811
13051
30325
19539
22661
32379
4391
24298
27135
6802
18064
12257
30908
27059
26218
10976
29015
22360
23122
20193
25460
20204
20763
31795
10157
6633
13416
25541
8656
26942
7290
31649
29511
3571
13894
7351
12759
9487
20427
11740
30350
15034
32418
18
22774
10399
5335
16394
10895
13204
22519
8423
1660
11389
11882
9285
2429
6253
14083
9082
17949
9231
32470
32283
18733
26181
18762
4547
17008
13838
7791
24335
9624
6061
5009
32749
22385
1288
525
21271
15197
5454
8291
218
13568
18396
12685
15644
29244
30306
16015
27293
4448
12865
3664
893
30620
4408
20392
27391
27577
11584
10682
3212
18694
23476
9860
27643
24214
24501
11188
2831
20136
7117
30141
18497
615
1746
18731
6848
1492
26638
20019
20407
24576
7836
19087
11470
15230
30741
11657
7155
29464
23149
8789
17498
22209
17687
7331
13506
15563
28016
4981
763
13146
31322
24110
1189
26137
8999
26604
1338
3115
13754
11544
7503
29285
18408
14140
3862
30138
6180
2836
19496
502
24924
15591
2177
26800
9758
7959
32460
9337
14079
16120
18914
23642
30781
9182
30605
15230
10915
1146
14481
28971
15277
26214
20973
27895
24813
23550
13150
11064
685
21618
22309
9660
14806
12825
20234
15546
25873
6920
8865
11273
6443
14308
25292
24720
28862
21748
5761
16894
32526
6522
25805
17595
27185
18756
8217
22558
28787
17534
5805
1248
23800
14794
19570
20432
12195
16019
508
13513
31799
16797
11463
19937
17596
3041
17601
31460
21285
17305
2825
7425
22063
9623
11767
15042
17804
26842
28252
8258
20801
99
10763
20378
24653
12101
28568
21916
25227
8956
32607
22212
31193
2047
24008
26731
15994
19609
23242
2622
8889
1524
12974
21487
14799
11127
11286
11050
26119
7249
22333
5579
12832
9046
21120
31822
23027
27915
14366
28806
18006
9212
6460
19602
63
10070
10796
15886
24365
4017
1006
4486
30403
30254
7927
21040
1974
12738
27442
4570
30698
32465
10565
27937
5592
17663
26901
8164
11059
28483
20876
15864
8907
2621
5530
25629
17841
7369
14969
30001
21404
28372
4918
14244
31371
12910
5485
26412
29100
17185
27476
3770
15229
28545
26362
16044
21297
261
15057
29508
18773
30229
7019
16217
5043
8804
11905
3916
5239
10624
27449
6206
7312
1960
20392
18304
27993
7389
3990
17995
32121
28219
8322
26034
1288
4490
18150
1748
5363
30481
2237
21334
15777
1450
10561
23057
2262
15644
4601
25607
19160
21156
19699
5532
3793
31701
29775
12291
8821
23459
15101
1782
1252
17850
29382
32426
15570
19476
13201
9730
23013
19146
2015
16643
9566
26154
17049
22408
17916
12043
25099
7222
23325
24925
9264
16307
21287
28932
12336
1043
294
22759
31015
9363
13751
24643
15912
25994
24356
19014
19330
24732
29904
9177
24897
24881
12758
9149
25336
25893
25325
20697
13502
5570
19343
25298
26999
19691
26202
4317
9813
31385
1206
17105
24478
32396
4536
22657
21167
19002
31814
31560
24897
24332
3196
11749
12779
31945
10319
3721
14824
5202
19312
32559
5147
21137
13939
10284
18768
22444
6449
2311
28101
28286
15467
2954
14313
22599
28336
19737
29795
162
14464
4675
31574
11704
7089
6295
2787
180
25106
15033
10992
23159
16207
6837
32296
30860
18964
18066
9283
24158
4213
2859
4488
24232
19342
26938
32656
22830
30310
24758
23372
171
19482
1631
21578
15626
28983
6039
28979
32216
19559
115
19865
4346
21072
2066
25839
20891
18617
5933
3801
17257
17646
19696
4263
28161
26982
22024
26651
3239
9892
14846
13171
26171
859
4803
23203
24936
12245
25228
24035
10527
26773
31711
28009
30020
27708
12270
11896
19367
2217
14117
20889
19765
868
2047
24105
25456
24893
4125
22291
25116
20784
921
7391
28987
16012
13976
12524
21308
20053
13598
15865
23408
19430
3367
2538
10429
18650
32499
13513
30870
29741
1953
26892
9770
27807
31231
24854
10716
4697
6561
26112
11508
7123
27696
11160
1428
29173
13573
11690
12013
6013
20214
29311
4530
8096
22640
22180
12493
30708
26055
17900
3666
2445
11721
1464
23729
30054
25753
29814
20527
28675
14523
25192
9367
85
9835
26535
11052
9694
5427
23399
29923
10774
29628
20604
27855
8460
17893
15134
30429
23888
22802
9193
26305
23313
4806
3111
25392
26243
3445
26450
2384
387
30611
19925
25709
19582
26865
19731
3565
30351
8777
30890
2438
30951
27416
8441
12718
8562
427
21216
18515
12472
20861
1222
32717
3841
25536
5345
4113
23740
15930
31921
11303
25121
9298
24014
27614
8726
28267
19428
32190
5199
27504
30716
13630
19130
176
8445
18743
1562
31725
28018
22169
32241
19375
4749
31581
24484
4574
27756
7610
18650
17552
27548
13212
16677
20768
31708
7762
30436
30080
18467
28294
17256
17360
32740
9331
14933
1071
400
16466
18507
26833
3677
14101
9414
18513
27462
8024
6979
21065
4946
10901
28581
29217
24346
16023
25046
21540
17797
17201
5297
16601
6615
30767
23584
17040
27370
26509
13953
18747
26554
18407
30031
16511
27944
25393
22782
19467
8439
21928
9254
7721
15899
14600
27108
7314
30259
4096
7038
18311
3156
1507
6469
5917
3336
22176
19136
17113
18326
29428
518
10108
27780
13534
11884
16160
30043
14420
8800
24452
14762
11316
28821
12965
21837
12157
9313
7566
17391
3775
22883
2416
21966
30160
30312
17141
25022
27073
3983
25554
22641
7952
13228
31388
7413
31
10475
25820
18046
30693
23734
3941
12134
21732
2776
4325
30066
22619
24546
21179
20311
17852
6861
15368
23421
1632
29154
4873
19458
13690
16087
2212
5122
10314
13883
8768
31254
18067
11796
30170
13338
18254
14278
27733
28724
9632
4406
32274
28433
25098
12592
7617
4978
25568
29446
17783
2792
3836
9594
23040
29659
25011
222
22646
9425
12040
18554
530
30957
18720
6958
31299
17846
12278
14169
2813
24091
6224
13817
852
18099
24306
275
25673
32585
15377
2389
20452
1431
19210
32506
28291
30034
14932
4590
15985
26983
14259
32050
442
645
27823
24963
15934
14043
8005
13110
1029
20259
19164
16231
28114
13535
17787
3154
4091
30178
17720
6401
18807
8467
23028
16424
11065
24686
12101
16973
27068
29771
10932
15147
3296
29667
14889
1625
20980
30480
26275
22311
29716
3412
32556
1993
20149
9757
28685
25527
3710
20039
6718
29011
25690
26339
16160
32460
28363
14647
21614
30275
19841
3077
21617
15661
4907
7697
24180
8953
2445
10717
15224
8946
31698
22199
6953
32102
31524
15093
7440
27656
20859
21376
31241
30099
5810
5263
25080
9392
7136
30645
25016
9754
8421
11038
25940
4608
2115
17942
10874
25771
32048
9930
14124
27232
16361
23891
10425
8840
3144
18416
28396
24078
20121
17555
18307
7433
6826
7072
3554
28571
6433
2033
13065
24088
24338
29
29124
7275
25553
9466
4897
3254
2309
31072
22311
21817
26878
18224
21957
3445
24393
21909
27657
18065
32641
21642
2451
29436
28263
8605
29256
29012
20789
18930
18507
16007
18224
28042
29225
4920
8573
26565
12627
28772
19765
24870
31954
24389
9148
11863
29750
26742
5454
8301
32463
1625
25050
10860
27424
5814
21524
14
8849
4004
12998
4544
17764
31661
23654
2542
17130
301
16622
12160
16887
30971
11752
20901
28051
22603
8392
8399
31218
29139
4991
6399
30119
21037
30541
24898
15124
15229
20951
17531
5669
1107
12409
10084
29246
24019
26077
8144
9329
17683
17869
4403
9717
9156
21317
29283
21203
25621
5325
8352
227
31700
773
25555
759
13014
17794
2067
27734
10394
12760
12397
10348
23849
16632
18149
15039
16704
28349
11704
15141
4529
14273
5604
25141
519
10613
7914
14843
31337
14449
9171
18160
27841
20744
22897
15656
1309
22048
8679
5582
14677
576
14700
6350
31726
24299
8267
11985
5694
17965
26158
3950
28113
8819
15005
8094
14604
24736
26306
5233
26384
18524
5231
11776
16097
11951
1634
7843
31176
14032
9671
29284
23797
5431
2302
2739
5737
2297
22431
603
24851
32597
12219
3508
13369
5514
28773
11034
538
27884
3441
14239
18898
1335
20604
15357
125
4387
11053
1487
5535
31033
32441
24832
5828
228
31917
1411
13923
16843
1256
3396
14856
29022
9446
1631
5042
9391
7237
30097
10874
1668
2689
23787
5750
13226
10755
6862
21469
12684
15450
13587
12652
13060
3016
25738
32264
8048
9728
29862
14756
4105
13358
19318
19813
14192
5176
11735
3844
26506
5955
5097
4981
10638
2426
8639
5318
7260
26378
6235
28489
3345
25201
21209
31221
32216
8185
9194
15882
3843
19071
10116
20980
32346
25977
23768
23410
12466
56
7301
31991
31170
11882
16139
12881
5683
27106
1922
24712
3062
16796
9868
7433
25818
31227
27016
28675
30558
598
27144
5650
12739
25523
20869
1307
7014
3282
1362
14455
77
8046
20175
2131
31488
8895
21471
4182
20634
16195
29596
27013
21279
26558
23369
15204
15888
4992
26503
26718
16701
28134
9676
22887
11739
7971
2578
11488
31190
4672
11468
19643
3433
23650
9502
12255
3819
10572
21325
19150
8428
20772
12149
29573
18048
31610
28794
15524
25051
29574
8000
3022
286
4529
27167
28499
28017
24152
19601
30476
12370
20940
24366
5255
812
21917
25563
18020
23852
27416
25150
4863
4944
6926
26741
5712
16065
4823
17415
9999
23906
4759
18202
22299
24745
4288
28135
21276
7854
14040
30828
25959
22913
7037
19552
8227
20673
23974
13164
29354
4458
1323
18840
11826
30703
19592
12292
15789
6281
14302
22488
5358
462
7482
31101
6924
3461
538
3086
5131
13241
29229
20745
19897
5132
13147
18507
5079
10574
31493
8251
12153
23374
2190
30277
30128
25328
18714
31626
10597
13440
26773
20949
13448
25670
29688
13521
31851
14683
28871
17274
21864
25275
3550
32210
22986
666
20846
19157
10219
1020
26691
6830
19353
28288
31304
31019
22206
11388
10316
9327
27968
30543
5894
31719
18471
24051
11095
23423
29694
6610
23504
14101
20091
9691
15220
2605
1890
19412
8639
28647
10406
7154
5095
30511
27089
679
21345
1844
21159
28859
13735
26651
28934
18846
10553
17396
9745
3069
3041
13293
20110
26771
13884
11717
19083
15170
24694
25988
10312
6754
17493
30570
30289
28761
8313
28197
235
21355
226
31047
32433
4052
28850
26614
28799
6164
31028
15333
14479
20363
4638
26756
11490
25413
26387
4724
10466
9495
5740
25406
25157
7403
19768
17732
1332
17496
25729
7160
23469
8310
25554
19531
1062
11760
3317
10601
31603
21338
21761
6563
32233
19909
28309
1964
964
19345
18782
29705
23750
10627
10975
15043
12065
1559
17521
24927
23959
7960
27272
271
6368
11629
20793
8490
8268
13110
29177
5594
30121
28696
32424
14101
2151
28628
1486
974
7162
26399
11300
1388
28032
21166
8022
1915
23716
3216
9735
30625
7106
19392
28949
468
11084
16891
4639
15563
9324
19407
15173
31410
5866
26357
11311
4642
32337
25312
28753
13136
4685
32662
21101
7557
30296
28351
10585
18638
3221
27387
25090
22516
28668
22905
27313
26286
22968
10694
25485
2070
30157
26594
14434
2394
27390
13465
1952
19636
6638
6160
31399
20636
22405
25247
29505
14140
9877
4062
12912
25124
13502
24579
23659
30271
7823
7019
32227
23557
16109
13430
30346
4083
3513
15256
27862
22328
20909
22957
12034
11442
10631
17549
9559
31256
12394
25057
14761
29049
16769
3125
22564
6885
7909
11854
27977
27242
32705
10429
1331
29250
18868
13748
28703
1354
31094
16153
4139
23990
32447
23257
13406
7171
3940
24959
9449
12846
13763
21253
17580
3876
7778
32233
27644
7801
26835
7300
24740
28764
32731
23704
3881
7627
15571
1320
26963
15619
23117
11916
3560
31291
31227
16580
7611
10385
16845
11277
25061
24389
21594
4018
10067
30501
10369
17189
29569
31816
1104
30030
30340
26623
7972
22051
24142
14089
12050
32377
28462
12294
25990
2585
1430
28206
7978
6167
25889
1091
19210
9567
30932
19396
19701
30097
26789
13412
24358
32271
10297
10171
14116
1876
25330
21818
29158
30855
26921
31332
2875
335
696
31547
25705
5610
19132
24313
7700
29049
30873
1281
18786
4766
14910
9749
13405
26185
938
30153
21913
5327
30638
30776
6934
9533
19957
24565
8295
27371
23107
2117
4116
29012
6394
24459
13374
23076
25826
22019
31361
24979
14889
9395
28447
31986
10921
159
29530
18307
26474
3645
13089
12686
872
10536
7663
9649
21398
21528
26353
6264
4130
25874
20583
13870
6907
16860
17996
8946
3985
16564
3129
269
32732
321
647
12674
671
20938
18100
743
30446
29862
13063
17012
8430
23028
375
25434
988
8588
5578
12373
7504
31029
13050
15237
26051
11032
8156
122
14927
28788
32515
27790
5047
23700
24035
16759
11943
29694
16178
1564
2365
17390
9364
31144
22983
3586
23414
15581
25295
23607
4410
9644
18517
4372
29333
28930
19035
18469
23094
18148
2215
6827
21161
17598
13252
7314
28538
504
20298
9635
16797
17099
26975
15099
27405
19795
27518
11452
5556
5349
26743
15362
20875
12194
2999
23833
7682
19020
3530
27117
8866
3673
21022
22721
23281
11846
4618
19236
14742
3118
14606
2337
1725
11931
22109
15543
32189
30620
18328
393
28152
21016
221
7381
25347
18785
5632
29098
6152
16140
26904
1366
14952
13057
8766
10270
16292
20942
21649
5683
21117
15681
29822
9441
7002
17205
830
20488
26603
30380
5023
15312
30220
24350
3080
32409
26092
12817
18871
18225
5998
19178
2382
13130
30415
21763
14478
27179
31882
23549
5474
20389
25720
13912
15903
25417
24636
32320
5898
8152
18654
3242
10523
28411
5046
10912
24064
1332
3724
27865
15717
14869
9981
28045
3955
12464
16672
22663
2198
25678
24938
32124
25220
28004
11727
23707
1659
4802
2602
24933
11465
31502
21471
16319
5522
4721
191
10054
16078
30864
9516
16610
15249
2750
9597
10910
4239
24175
5796
26039
14815
16368
4621
27378
15871
2390
202
22835
29209
26037
8686
29260
21380
21650
20534
23059
6798
410
19183
19383
27257
17556
1555
14676
17091
23956
17846
2500
5547
16753
2208
26809
10224
2682
1596
23816
7644
24933
17329
6472
22913
29320
1102
15004
3651
17228
6443
27085
11670
31710
21517
4764
4361
31015
8587
9558
1412
15103
3695
5800
7117
669
15455
4533
25169
13650
2493
4198
27682
22392
28875
19969
18748
13221
25107
18430
21516
548
7686
16662
30771
9381
20963
31388
22151
18995
31706
6160
27226
3943
23154
24818
5120
28379
27432
21716
11403
5602
15448
17843
1753
29046
5729
27783
465
1906
16389
11289
4073
28674
25102
30229
22507
855
20023
1632
21242
3999
11593
26795
3024
11060
22661
31817
25417
30483
25154
27197
32293
26001
4567
16792
16393
22857
22203
11778
30664
12377
30443
31894
8417
4046
31884
25331
24137
860
9938
15503
4714
17747
25120
12879
14443
17102
2929
85
25266
12333
758
19994
679
16838
20992
19644
23995
23768
26657
3993
21418
21696
13198
21276
23036
2160
6344
9687
20690
29724
3452
10194
5343
2870
23207
21539
29365
28317
18941
2239
24386
21266
17036
16528
6554
11243
6301
13256
6647
28171
5339
21108
29181
32529
30391
19796
579
9424
30218
8426
10512
2304
2044
22225
20066
9522
27430
29008
28981
11018
16115
13615
6657
15528
10828
17865
22149
2407
21876
18275
8899
8906
15152
31676
25420
7603
5420
3301
21693
21462
26522
31315
5258
22894
28700
23603
9978
31534
31716
28925
7795
22651
26905
10572
18424
28120
22397
9709
