3002
47
27272
26116
20205
8519
25959
45
28765
15478
10140
18315
5263
29757
22896
21453
708
2023
15832
6574
25633
9752
2735
29220
32268
19881
5698
8666
27609
12467
32273
29921
7078
19946
10964
17059
4739
13357
21949
28184
15319
9307
29437
13884
18431
1383
9609
27328
24119
24239
8222
22783
9662
19593
6018
1333
27189
8991
10766
1003
24392
13182
24681
1974
18321
26345
11158
30497
697
9331
1073
7912
18145
13517
3829
21607
2368
6236
27266
7249
23053
910
2653
10661
14239
30063
17209
18654
7379
7287
27765
2923
20142
32166
15077
18270
11587
4564
14549
16232
3031
19778
32587
1797
21572
17780
5261
30452
31131
26947
5091
17898
32269
32558
670
6535
4108
24049
30297
9097
685
4953
28799
8000
9553
27990
4878
17218
16004
6482
4762
31583
11813
19905
2452
32471
31432
12793
4300
5835
20056
30788
16693
10482
9729
24116
744
23181
14668
1847
19820
24477
23692
25963
15669
19027
25210
9396
8810
28360
16668
19467
27884
12014
32235
2329
6547
17095
9524
23044
1211
20692
20671
2441
17919
27345
431
12619
31044
17055
20905
13930
6394
11138
16184
29784
19870
15244
6512
2536
22147
8537
20178
31912
28627
509
9072
9841
22992
29499
4690
8508
25952
26104
24087
9527
10697
5358
5343
3353
18361
19365
2921
29874
23945
6559
4985
9670
4290
17875
29053
18203
20705
5726
21871
465
14167
16500
23293
4338
10452
5276
21736
28490
7109
15133
26538
6009
10268
5299
14171
2630
17487
4999
11477
3894
21411
8286
5655
25438
27050
24593
9703
19061
26378
27965
5820
13869
21377
23099
29914
30659
6438
3923
21439
12245
1266
22828
29374
28789
12414
15239
5354
17787
14606
23597
4149
5919
26575
6694
22489
6855
12125
9516
1527
17949
8840
10592
10366
30821
18520
25403
21839
19982
29007
12230
18847
21126
29165
27918
6300
1107
26234
16082
11603
24416
25599
2944
9169
24980
14998
17760
15752
15785
11491
21518
29941
12348
16611
12845
29824
11040
3556
4954
29860
19192
11221
9823
17743
19205
10176
18345
1676
27452
8597
14333
21599
31900
30505
11110
27120
1982
8318
17522
32748
16814
8517
20381
27177
17145
13217
21262
14473
13575
4142
18049
24352
27051
30530
1925
10649
4345
24435
24039
32213
344
27993
9326
12758
17880
6293
27080
30940
26309
8721
7621
11213
8316
16266
7875
28890
31869
8268
15210
1632
194
12093
31897
13580
26959
13853
19359
11587
8203
17932
18607
21441
26318
2381
25998
16768
26555
25161
6287
31451
8144
31703
15297
8691
22459
11962
27751
10322
7919
24683
32424
17358
31992
16154
22920
10928
19723
32495
20247
23318
30690
31893
17640
29078
32711
26873
16581
21284
4846
25167
11681
11830
6151
7767
27854
5926
26900
2526
1905
17367
12408
391
5170
10907
7249
1995
9528
2132
23560
7231
21076
4570
7207
6165
13180
21661
29802
13286
24444
2700
31768
6831
17128
25909
30867
11801
25429
5165
23086
24573
25288
2738
31552
17703
22383
18575
21879
17754
19343
10816
8558
3221
31166
1111
5249
8597
6482
3614
12512
17819
20249
24446
23522
367
5707
1567
11932
933
13756
30161
13491
13343
5462
22571
3438
8403
1991
32625
8975
10190
23671
187
27748
633
19901
14676
27801
5660
8018
17249
25936
11680
262
7619
28403
153
2481
2878
27465
11140
24173
27866
1608
32076
23042
7049
14635
15892
18594
1291
964
21296
3031
4111
20498
25716
15033
2971
13334
26290
4708
11693
1507
12158
19113
25891
30197
30260
8964
728
9155
26173
15310
32272
24727
9869
4020
22550
5278
31344
8552
25379
31291
24455
12694
28802
9121
19725
4378
10738
32417
30815
25456
6732
19136
17084
25964
10597
13709
13385
3115
3894
4402
10328
4169
570
22856
3817
14676
9496
31216
26481
32129
30594
3359
22747
18846
20061
569
2765
1352
5922
25570
9260
10078
27268
12305
4834
28342
12883
30309
223
4878
26272
12477
6749
581
9762
2563
2409
32203
11736
1864
19103
11350
29680
18198
16181
29654
27112
19201
8251
12204
10739
32640
14112
5910
5022
30203
32633
26606
7091
1317
5630
10645
21341
17292
6357
7210
27278
4207
23828
10239
12702
7887
7553
24909
24117
14024
1692
29734
5994
8482
17375
3244
3372
28964
29252
3969
7905
8360
7176
13950
21838
12917
8622
26024
13239
20168
13384
19551
9287
3636
17650
9945
946
26284
3487
13263
4120
28383
5912
12918
16173
27588
24641
31921
16279
23669
2718
4485
10647
30784
12311
9165
8940
21243
17912
303
31220
7065
12604
25934
31765
10491
28683
3393
2907
18696
31873
8005
14178
1536
19633
15022
23927
22029
5098
17444
5114
26908
10553
16907
25862
2282
14126
23875
7253
16226
6371
23058
11357
14118
2107
7518
28351
2668
360
4640
17378
29707
32688
789
21979
5845
30576
15543
657
20264
12641
2923
12574
17088
27418
27132
5752
8911
24790
29768
11600
21584
9336
29241
25914
29336
26060
3831
19727
24622
4112
4188
15503
23004
24755
8873
16715
16390
23388
3191
21187
2619
16174
24304
4555
6410
24907
30270
5939
23063
4246
24132
5542
29294
26302
28556
21203
25366
10872
14465
15307
23530
9995
1759
6314
12452
7442
9575
9082
9275
12413
8663
1620
32367
30682
12057
1224
8097
4307
30651
21632
1769
24055
29855
26911
32355
20925
7156
14191
25033
27333
31844
13244
13127
17762
6287
3963
29322
26198
5817
31280
27163
8924
6335
27022
26347
18924
20560
11487
3631
29370
9049
20390
17773
5248
29889
3971
24791
19325
25943
26968
3033
28477
8457
426
8174
24092
3158
27722
23991
8710
26118
5940
15438
21120
12568
23735
17112
22508
31484
214
8281
29704
20994
7663
30157
13241
19
17562
1652
11783
23967
21204
17005
13416
20694
18013
24454
22593
19739
3678
29779
27050
26293
8271
18813
21362
20168
21528
21853
30818
19332
19318
5577
30150
157
26785
15406
28458
7163
6188
24543
18274
15026
29228
10925
27341
6708
30364
13240
3802
27078
26880
31877
2762
20528
3913
17488
11704
31161
22521
9635
13783
16978
11143
12839
19708
20498
27909
187
11868
12770
28160
25027
22934
22138
22952
11714
30452
28556
23344
25132
20717
5438
888
117
1775
15838
12778
25454
23900
24017
1186
32465
20179
17357
5073
15642
17072
1353
31843
28569
3286
3889
32223
1222
6828
11997
12175
30932
29029
10052
4322
13449
24965
9837
30990
20044
5024
12071
10745
24960
21093
19194
2650
28688
13788
6237
19227
587
5100
2345
31747
30963
23072
25934
21393
17808
13483
26053
11819
32010
9897
31686
2168
30839
30631
6202
30986
30770
6758
1907
27968
32045
28892
13595
11626
19592
4476
27754
27695
20834
29111
26780
25900
20719
6595
18851
20190
9418
17819
16665
9154
28557
5959
2936
1722
32672
15965
2445
18099
21582
14536
3626
17797
31006
4296
13340
17946
11104
15418
20572
26067
32262
282
21642
17703
28597
838
13718
9102
10012
24452
10945
29341
18821
30663
22724
9330
8105
21678
15694
14674
31945
16462
28340
20625
7162
32305
996
16562
26561
17566
14492
31440
24543
23323
8665
15677
4462
561
1681
22888
21805
2159
12452
4356
18457
12466
18961
20070
12861
19875
6757
15407
20426
13952
14458
44
12394
31008
1117
7546
8402
27953
32144
16878
21142
3269
18802
691
13890
13837
32251
19509
15270
14947
1196
2366
27761
24206
10694
17759
5378
12354
11195
20114
28538
21735
24290
6685
1302
13723
14702
28858
14780
11386
23457
9716
13779
5917
26685
24276
8792
29280
16700
11197
27438
25449
31936
31125
31670
20966
9805
7717
10656
30613
8246
963
16897
2314
14677
14382
27813
23469
19199
25273
22950
11522
29495
26028
27965
28461
16162
12007
24025
16053
22972
31688
30830
25992
4808
5199
32528
3903
21005
16768
21952
4772
19135
777
29062
29809
828
18469
15808
1883
1273
12224
27577
19791
18619
5084
24701
32252
13066
25651
13548
22161
13538
5150
31758
5832
25773
8117
17318
20259
9070
27704
778
25717
8767
1966
27697
27813
23549
3019
21262
18607
22338
10263
7964
8171
17555
5965
31547
8338
19675
1025
14266
10622
9240
8326
4789
16689
13397
30223
23201
32281
29912
12052
7973
17427
16796
24824
25643
31533
18178
6376
2872
9136
21955
12294
26360
27486
13097
10951
11550
10232
14719
10137
14955
23299
23750
8394
23819
8908
26537
1445
6440
15530
1203
28382
7098
31875
26560
29232
20380
23953
11185
22852
18661
4198
14436
16341
31349
10798
17636
23826
27086
22837
18908
31811
21798
17065
30802
26800
32698
28064
2193
20670
6244
24412
30055
25692
28272
19662
30609
12957
26796
1370
21876
2726
29374
31450
23310
25547
21690
2789
3627
4341
10484
27985
29404
17223
25619
27638
29733
8193
9063
18357
17654
28068
13693
28346
19804
7255
4336
26621
30713
11657
11649
6159
29618
16088
29546
17171
15783
15409
13552
28682
1896
32057
26168
4437
19814
20972
1883
5748
12711
17028
29884
19220
28350
1693
4506
10057
30459
30614
225
29976
5087
570
24646
28472
6610
23456
14738
15641
1048
32079
7742
28710
3330
11430
8513
26184
5729
4476
8998
13739
30272
8195
9313
1476
31699
23026
4579
31123
16554
10979
16364
3877
6698
25593
1825
6238
16190
6855
14302
12533
30282
28525
22477
21952
24417
32260
23992
306
11959
32573
24475
28962
27481
23620
26366
31181
1563
14827
24449
2591
23762
16132
21433
17710
32196
6670
27706
21768
16221
2581
25845
23214
36
28371
27845
8032
8941
9243
9028
27419
6991
11384
10467
9313
7768
28433
30010
7480
19328
3279
26524
12661
25052
4290
17903
6714
21908
32705
7610
6846
22935
2897
15232
27212
12685
27593
11341
32655
24590
9651
32142
8460
1297
15988
12069
24304
167
9264
3005
23052
11753
19688
23387
31774
18990
20709
9270
1362
23682
1114
28105
4872
12628
21573
14886
984
15983
27286
10637
23763
812
23955
31805
5132
14565
28283
26250
25688
26540
7017
27440
3665
13117
2172
12263
10913
29746
1077
56
29053
29046
11040
29326
7023
19964
28343
25488
16217
32433
899
15278
20919
23727
31364
13050
10532
10163
2515
1850
11296
3281
18566
22587
3088
1382
25044
7784
12678
8783
890
28570
15811
5976
2908
1586
17786
6903
14448
15974
10455
28219
25304
32216
11456
8447
32590
14701
14683
26211
29125
3420
25040
3453
29517
7045
6480
29259
3896
9221
14678
31468
31611
3079
15660
29968
20567
18140
22194
26542
25400
21839
16475
11509
18653
20274
28792
26756
17081
11069
4537
11741
7065
14617
25840
27415
14216
439
28697
27604
23279
486
7832
2163
27905
29477
14017
21895
14678
5813
18589
26503
29910
14067
31211
32455
2521
21221
21350
12198
28557
10259
29510
23305
4247
3736
18697
2825
1277
23416
15987
2025
9027
15668
29140
14667
11476
18076
25993
10147
6564
7141
18629
12779
18196
30203
15762
19353
3606
28696
16402
22222
1169
21398
4875
28368
28167
22018
21922
14010
8053
32113
9831
114
23162
7959
30610
24540
25532
11285
30860
32333
22664
16531
14514
16963
1976
10511
26453
8019
20954
20980
21765
8802
21646
21871
6671
3608
25904
7038
1604
7058
7863
16458
15868
13143
1757
13494
10331
12942
3713
19768
4819
4206
29001
13032
11754
30709
14475
27350
18238
10717
25966
26529
25798
15052
1612
22853
9562
459
15195
12085
2678
19193
28301
170
3899
8832
17076
20282
12470
19401
32234
22444
19301
14572
29488
25867
29175
5739
12117
23033
8532
16159
27930
25670
30173
11378
5267
3777
17909
14031
18896
9550
17856
14935
20157
7993
6186
29654
15431
970
28972
10741
22208
32026
11595
30385
389
3364
609
17675
5598
6431
11679
22273
8485
16140
17107
26558
20011
10635
231
15886
32215
22002
20394
17172
21264
160
19156
28991
13789
11151
32324
12154
4555
29481
14219
27811
21392
9565
4270
3903
27117
20209
6184
3436
19929
13082
14895
16662
21979
24906
20280
19566
22712
23881
29629
8856
25422
3463
3390
2212
1472
25521
8326
8896
31699
29570
23855
25004
13464
27612
616
25710
32076
9751
246
8774
21372
16281
32377
28900
8812
29094
7665
15065
28602
7034
12672
31308
15167
12949
14706
19438
5686
3415
21626
11824
13728
15308
1342
16563
999
25289
28950
6143
30145
19768
31761
31097
9815
10160
26170
5007
32423
6729
19993
1590
27686
13486
15484
20374
27306
24691
7543
28931
25992
19881
19113
24624
13305
3504
2753
6303
13507
20557
10817
24924
19733
30460
4482
6891
20146
29320
31736
10623
2385
7896
13496
20333
2884
4364
31799
3039
21849
3017
31573
20941
1534
3536
26522
11049
16296
11990
15551
7258
20085
16016
12144
23532
20752
23053
15696
12934
26837
27464
32318
5916
13621
18174
6871
23397
7772
23741
3131
31888
13074
11582
2324
27699
7647
31476
17365
25988
30067
26853
24128
8907
27716
31673
13867
1815
9081
12560
28547
4144
9479
8473
24465
9422
18714
24161
15740
4872
2742
2024
15376
21263
3998
16762
28861
25116
26485
1596
11235
18855
17955
2438
9805
9946
15738
6640
10235
17989
14874
15024
3108
10195
18321
26403
18043
32509
24519
13481
19890
829
18842
18102
3900
9414
19141
18726
20568
31090
12550
25809
8267
30204
30336
25184
16364
18287
1374
28511
8806
24798
24249
14739
27450
4438
10427
21645
3459
13841
26629
7551
28798
23788
26703
4431
15689
27419
6222
18666
14827
7196
23771
4059
21909
27881
8017
18716
18984
18290
6967
5675
30454
586
12063
29793
22733
2209
13517
17536
17202
15986
9372
28811
16106
29949
2078
9178
12735
888
3
18797
13184
22530
24892
17537
13386
5336
11616
5985
22534
3531
27214
27775
11059
14834
7444
13763
5350
28060
27663
22051
10766
28808
11348
2420
17917
17497
24143
32383
3108
12100
23978
22360
14110
24332
18544
1003
22769
14384
24947
10968
28816
9571
29163
5249
30884
31548
28255
19552
21387
17455
25289
27807
14497
2236
27125
18402
1727
26598
13354
25960
8194
5095
24844
850
13006
1826
12481
4930
5138
1369
20563
25896
3789
15648
17749
29785
19665
7569
15562
2786
15559
13378
16706
12059
6515
10100
7238
3967
30265
8333
26358
24762
29920
15049
3569
25092
2199
18988
19573
31662
27189
3771
25288
11258
8645
10219
3030
13872
18754
23642
30235
18414
27807
2493
17347
2240
11018
20761
22032
18416
32114
21303
26621
15520
17991
4434
15393
3093
3713
17938
25045
2646
5091
19134
21913
26870
3201
23725
180
18478
17280
22269
23579
24111
29469
13448
14996
10421
32752
28180
32283
23776
31090
2250
15493
2368
958
26858
5987
7726
3732
15548
19241
20579
32163
5066
14736
2499
9736
30284
29496
23674
17682
4324
1170
11338
21576
18571
2557
547
24237
19147
20271
15861
15170
28208
32215
6850
20685
30457
8064
14583
18137
5138
30393
8956
18430
10311
29555
10
14690
13234
18090
26941
2944
29045
22856
5354
2088
32175
10822
19506
16839
6056
22548
24279
2025
21583
22843
2383
1276
21735
10305
279
26967
22013
26316
6986
18299
10909
15371
16754
1432
30661
29266
10398
2131
17434
6148
32437
31430
12250
10166
521
22472
26898
31633
14127
6255
12305
4088
12559
11220
28
22891
7991
7190
12387
12716
5749
1186
8500
8224
18340
15793
18799
375
6342
24850
14394
21136
21587
3113
24309
8854
25297
824
14193
28784
17061
6621
6748
30552
12841
1244
23040
11977
16382
31007
29998
415
13732
15355
30324
122
4167
2229
21398
4963
31708
28485
24892
28338
1133
4185
12009
20270
29105
23197
24364
16759
224
11578
20506
30881
28869
924
10235
30754
5141
3705
6724
5358
24063
24079
30918
4576
7428
429
25892
23388
22537
16500
13962
9779
427
20319
26524
30150
30162
10369
8365
19823
30089
26510
12850
4380
5389
20381
4982
22845
20515
24108
14735
15841
14511
3941
23184
23835
29571
14240
28928
8363
30581
5672
5003
1754
17076
1346
29944
29350
31324
27499
8283
18207
10311
20962
17804
21009
2855
17510
10711
18915
11473
24129
4341
25279
13020
10373
12859
16116
7531
11670
3602
16024
26695
26088
14247
29297
16945
25098
26340
13846
20086
21988
26270
13649
9411
26941
13072
24776
827
29056
23688
5596
26311
30911
608
32210
32173
13816
31280
26672
10341
23191
30530
9322
31912
22845
17990
7870
32457
2496
28999
17501
1352
20083
24542
29387
31397
7847
18342
30344
29042
6769
239
23792
16044
2990
5047
7520
3659
30789
4310
23962
9752
10668
2936
21867
19135
19886
18128
5515
31525
5227
27659
13764
30203
28576
23683
11862
15764
22312
29750
24731
3571
14019
20598
4839
31017
26903
28386
25522
7646
25588
14484
30713
11309
31196
19868
26849
11445
21699
9389
13470
15852
3603
21271
13971
15287
2035
4341
27322
1336
27593
19880
71
21735
29181
26756
32648
24293
22273
25032
1808
10637
8590
6100
25620
21579
7728
25750
2581
16561
13316
12102
11711
20935
30400
18003
1810
13731
6645
5533
32447
27962
10641
3300
19157
1654
11176
19072
16028
15497
3956
24147
20929
29312
3482
14589
8884
15387
23982
6990
30799
26844
25850
6657
1720
17758
17019
2471
31624
1768
23597
26337
5421
5442
20873
3794
18829
9927
30539
23508
16363
25276
16504
31338
8719
32224
14496
2679
2209
1348
29536
24749
1751
19293
5420
31815
6480
11096
22859
1275
31807
5805
14627
25898
11467
8439
6327
21595
6582
32259
7278
26087
18237
9767
3094
28661
27200
5333
26408
24233
16035
21871
3662
18329
7412
21085
9762
20865
4942
6750
5945
17463
1405
4123
20320
21729
6242
14338
10277
613
27801
6225
5786
5665
27738
24433
2133
7389
12445
17542
4539
27645
16770
22084
20863
1787
13807
11268
11621
30997
30331
11543
19532
30531
10123
25178
29035
24172
32442
1546
7387
25049
1919
17882
5461
32234
6922
27459
16190
776
3950
24092
25824
19674
25093
13674
21499
31164
24848
19065
29820
13933
6303
556
15500
29191
1713
16529
9676
3637
23195
15032
2015
24480
17326
6854
31786
4778
4884
10821
11991
18527
13563
30398
16672
32680
17654
9354
8394
7874
16799
25573
30959
12527
9090
15428
8193
11372
23350
8681
9996
21666
31437
2484
28219
3232
3695
28476
25246
11721
26689
286
18730
14026
25483
26517
15106
26320
25371
22859
14069
6391
3812
29295
27719
29701
5355
520
8884
16984
29028
16777
25522
1565
535
10917
18679
7619
26889
24420
5179
3247
601
22647
29759
15410
29032
19913
6926
18616
2364
3414
2434
12098
5159
13376
13323
28438
16035
32287
25772
29620
10625
7833
32326
23309
26435
22836
1305
27632
26822
19303
4232
20677
7460
7415
2588
27261
18648
2689
24012
20425
22563
32338
32636
19594
12463
11135
27075
30089
18035
24371
31217
9321
30678
31811
19793
28634
29975
21768
939
29711
14060
22381
2829
32625
18537
16199
22731
30613
26660
17125
13253
2667
17559
28136
29672
32697
22469
7765
23288
16072
9761
22505
27276
23646
25771
25005
23386
17643
19036
25034
6580
22279
4292
27549
27475
540
26610
13326
8788
15712
24980
24606
384
27399
5983
8640
13776
31670
4273
5866
2352
26170
11125
7915
12932
18298
3144
6655
26345
16042
23001
18209
4157
22978
18326
13344
19681
9775
13189
29685
7357
14792
23407
3924
24453
18435
27972
25473
2107
5993
30395
25445
10742
27463
30777
28385
16865
13735
7924
13410
25222
9598
27224
20662
9293
25895
16554
8478
32575
7440
14059
31652
29200
3764
4095
16814
6749
23497
14094
212
8754
19898
14635
5615
9935
12631
563
1650
31916
6860
24824
1022
29882
9679
5791
20016
1772
1566
30023
26302
1526
31785
20972
19394
16469
523
19850
11349
12943
17599
14725
19296
11964
15761
6984
1199
7493
32722
4908
10311
15084
3792
10908
8186
30732
20486
19832
4920
23842
28047
29366
32040
6285
15585
14415
26871
6546
32183
30297
18545
23715
1359
3440
6350
19681
10710
29787
18894
24287
545
18669
6920
18601
19869
26664
25470
31493
6281
20905
30582
16376
28770
23104
8325
8844
15519
29150
23533
977
3999
180
21289
290
992
8089
17093
4009
31089
12204
17267
28966
18346
5435
10588
26091
14106
6628
28084
16427
22465
14842
22161
15477
1919
24875
20733
17276
15565
23135
12617
31001
27051
30434
19877
15507
2777
12486
9966
32285
14154
19587
5063
3488
17366
15841
8683
18107
20271
21528
8642
15881
18966
28981
4146
21410
20431
20671
21175
20196
25298
8603
31158
26483
25027
30509
32014
24446
18596
21952
9969
4932
4682
24104
8434
8663
19981
23717
22366
4896
15812
16139
9936
7972
4081
13856
2048
31365
2616
1606
11740
19532
14358
19290
18906
12517
29135
13275
27276
28267
20392
30543
10357
15911
23895
3042
5403
20307
8632
24401
8285
26403
20161
5894
26631
16902
11704
7045
9636
6697
7075
29446
11923
30524
10753
12131
14941
11130
14263
29493
25414
8675
5709
21050
5410
25036
3930
4347
24170
27546
24125
1963
22415
21195
29198
11345
5262
14646
3029
2090
21701
3987
3321
7240
25861
16189
2555
31104
26600
8503
30051
3971
30821
26221
30459
30539
23201
21821
17212
15545
12040
54
1798
27516
23453
23072
15252
25396
8078
19260
30382
14039
1292
11213
2848
6996
9561
18390
3436
10615
29475
20518
4284
30477
32528
23698
12314
19272
27290
25474
14307
29285
32029
19119
889
29835
3886
29994
25401
13303
16431
29345
7853
13910
10784
13278
26370
7538
1976
26768
19900
4881
181
27214
5032
11290
4208
22745
25618
1786
15028
19361
20537
10566
720
15499
7936
24738
22763
4082
17638
10977
29080
24044
6200
26990
15275
24782
5510
25578
26698
11506
18515
24086
14663
5559
11280
17652
2477
25546
6476
14121
17560
16548
4901
27814
15946
31572
2306
16775
9084
2687
24708
26683
29426
28581
23481
1766
13650
24485
12179
17411
26422
21636
24217
1614
18816
27754
11229
27617
3054
14829
14894
15517
1518
27026
11150
23499
29107
24721
21735
32003
23944
14553
23033
8269
18276
15956
17815
6535
5823
20844
29203
9991
26789
21198
22007
23425
25097
31854
2293
24362
31835
19403
5409
19485
93
24948
26718
10750
9010
31179
31254
19678
31159
25353
31023
7007
13847
5250
5690
25
25498
19243
15853
2620
5310
20313
22483
374
14217
18379
23874
28951
1053
15851
23694
28275
14733
14161
15484
7815
7407
2185
21497
16096
28339
17686
10764
13753
18995
28854
29194
28004
9098
21992
6153
32491
22442
9644
29078
28662
681
17546
26283
2031
4188
26837
9947
101
15143
28209
16080
5294
27923
595
8695
13521
14113
3848
31866
24483
21215
1401
24943
26671
25144
28333
10575
10843
24976
25935
5289
29385
17
23730
1815
7676
21055
22802
28274
12988
4819
32029
10818
31675
26054
4273
1912
25720
20908
25832
9312
7524
25411
14674
20689
19268
12108
1665
16039
17878
9881
20939
5746
10679
28776
28235
17520
16772
16111
20265
4537
2623
21048
20251
23994
22261
7471
4396
3044
22430
16634
24253
31141
1861
21128
9929
4248
17769
7789
621
18681
7842
24301
25255
12379
2184
6230
19294
18589
5328
3988
16290
21274
24504
3839
17206
23584
15782
28023
5451
6820
27659
2995
2191
30771
18830
15318
7270
21804
22887
18243
15223
23853
5640
1715
17259
32715
22275
16517
14833
24966
20008
16725
21254
22779
24557
25295
11379
19548
23316
29893
25239
798
21383
15488
25190
16369
9351
32340
7346
14069
24069
17783
32426
13355
8528
24084
21408
1578
12529
13722
29711
275
14291
5466
26076
11718
2984
27473
20956
31062
28295
5442
29335
30907
5082
25097
24651
5319
27767
15659
24116
12892
32269
14513
3339
10971
18882
26935
9933
10463
1562
18496
10173
15660
12315
4300
2220
16354
14255
18989
28280
20983
19273
29974
29395
4835
1739
3829
27205
24221
2472
24450
19316
10183
14405
17560
7076
16933
11430
28741
1146
12628
6726
19741
30469
20409
10566
31955
32767
25015
3274
9482
12623
26917
22689
32360
17619
19711
23076
23020
23645
10587
30816
4226
763
23455
24439
4309
21372
7922
31555
32613
26671
19696
1341
7385
30702
5794
10653
26262
17499
18861
1987
9616
15722
30153
4566
24416
32288
1653
4011
23960
1690
9450
18664
16211
22352
30285
6761
18704
20891
2600
31458
26304
373
3355
12998
5149
13440
5071
19304
7998
587
4652
31073
31080
10704
21196
1585
2600
26689
687
32041
14494
11524
9520
8072
7964
20220
1079
25572
7408
9994
28849
1227
14973
13267
26429
25259
5009
10948
27944
15599
15346
6740
14748
1643
21050
393
32532
22778
13541
190
26899
19557
3497
1955
8726
13447
9990
9349
30151
2735
16413
22736
25459
1606
21189
5842
13502
10418
32732
19649
27798
16505
5595
8448
8805
10154
26029
17310
7563
16761
22978
31008
17675
31529
863
17024
14212
21551
4664
18037
8036
12692
27200
24565
5976
155
19392
30200
13063
27812
16806
128
32767
11344
18976
24278
4847
10726
28010
25366
29976
2805
14053
14061
1534
23355
17512
32162
9571
24262
24538
22355
14709
20313
22273
10626
25927
2321
1429
20688
894
27208
17817
8199
14669
27322
14827
20574
13731
11750
10009
18169
28834
5304
20086
21424
32596
4708
32621
19729
20377
18581
21270
11688
24676
11975
17927
5758
18983
18673
9325
23263
11148
12648
31835
31072
20070
31232
2657
9761
6375
10356
21601
19024
7955
21000
26270
7406
26740
6764
26390
14550
15888
6628
29458
21499
5272
28326
31483
31729
26338
32131
4207
31663
5273
9674
23188
20115
6452
27754
9388
17574
12068
25174
15082
15394
13138
18990
2436
5169
23752
16667
12810
15608
7342
28411
2806
2260
14969
446
15748
8931
95
30735
30148
20167
3086
32567
22765
21926
6045
26687
13812
17525
20163
30805
9309
24439
1095
6258
1362
28416
23479
10297
6898
18815
15197
30753
10731
16059
6767
11990
22859
18525
32646
7645
17555
9135
17233
18807
29709
14499
27531
10185
12128
29207
12842
23353
24162
27479
3290
27675
27693
5860
18601
17805
24693
17012
3588
31135
8985
7225
24802
4280
7671
7526
28991
26677
12549
32240
20428
25682
11422
5521
23269
31054
17945
19987
30659
20426
15008
2763
27635
2163
5183
10596
27398
25312
17724
32734
11403
19389
3495
31701
7738
5674
24369
18183
1650
25694
13122
5393
10982
912
1861
32377
20371
16151
29511
3313
8693
28368
3776
23770
25722
17600
6064
30728
28215
7674
4078
19909
21209
23235
17597
27672
18143
501
29857
24135
5127
13217
1905
21658
12806
12024
3244
31074
22396
28524
29712
5946
5927
9490
13417
29837
23895
3147
21672
2136
24994
26787
2868
27697
24792
9977
26501
12169
13114
27361
14830
28718
4838
2886
11706
23571
9878
16980
18811
84
9354
5268
18847
2421
8643
13145
2372
22763
24946
24156
27982
5085
14512
2211
1462
3883
23151
17575
22820
15536
8113
15285
3777
32196
8184
13461
27206
32517
11773
28010
20058
344
3236
19673
14618
13354
28720
11885
28409
1276
8115
20026
18378
2078
19145
6081
21019
24250
26502
23572
16581
15893
11437
13115
22209
31762
31779
3285
17725
17656
20899
13314
12271
24180
2482
19073
19370
7138
5334
32534
19247
26568
27395
815
3653
1699
21334
966
18188
30439
21510
10633
2446
4673
24215
25657
31127
21535
3152
1360
2759
26994
32496
28134
1765
28082
14749
21461
20086
31011
1565
25116
1934
25688
14920
14465
12007
25845
29117
3707
16176
26553
4053
32078
25255
19387
7637
13688
25322
25331
22888
9036
19210
23549
1868
18141
28642
31002
24139
17181
21159
14456
7789
26694
4544
20915
10348
15737
23511
11419
10600
19877
6448
13624
11996
15275
16185
12555
14033
25024
611
31127
4177
18
23089
16416
8223
16046
2958
16051
23973
1697
11620
31334
7214
30301
23402
31457
29781
30047
2878
6941
25021
11023
14259
22380
26883
23784
22124
15546
23025
30680
19370
23826
501
18666
20578
28004
25297
10530
32403
28805
16787
8360
30678
4983
8648
17706
23095
7915
237
22395
30531
8708
26150
25728
354
14942
6707
27980
9063
7503
7071
23178
13926
18028
9018
16155
2501
28495
19658
11777
29078
13464
14334
10108
3876
3122
13731
24946
1996
28888
21786
28436
7695
26327
26122
3007
24805
15893
16978
3360
25939
13650
29762
16540
15935
25262
3338
14319
9860
1387
16242
18707
4418
9461
4812
17763
5239
8479
16935
11264
25044
6064
7110
23412
16841
17182
29905
1685
17635
13977
1353
28844
8023
6987
16449
13527
25311
21215
31820
7340
2756
9024
50
18975
3644
20387
18407
14502
27895
17095
5565
22939
27125
11899
9176
20449
26778
17506
2530
3786
8196
27635
11009
24632
6300
6595
16390
5635
10219
11271
20968
27291
24240
28756
14448
21743
7471
13994
28981
21389
16843
5553
25291
29450
9687
17474
24632
5028
23722
11305
167
12838
26865
6698
8033
14348
23626
12098
6136
5864
5390
30510
4805
13060
3693
18482
30101
24905
30401
20499
19616
31839
28
29285
16315
21782
7971
23565
26574
517
11296
28670
6279
21105
6738
28998
29264
26736
14728
3662
20607
15949
13806
12637
26573
6959
18982
14943
10506
15094
22426
1509
15375
11622
22801
25964
9971
12423
25473
27874
30082
2635
10532
14694
29930
9586
13006
5456
22456
30123
17278
7537
22019
26364
6707
19356
7655
23651
1537
2660
10294
446
99
13864
17769
29928
16851
12109
30429
2597
1176
25035
26684
12224
27104
26091
7480
13554
13582
7759
10112
30726
20821
30514
30956
16315
21894
10993
9723
17386
31270
12234
11392
10600
13764
13028
4760
29998
29577
17552
29151
15031
6161
6607
17124
2474
18553
1812
31962
24249
10170
6219
23952
7113
32309
27161
28067
19283
32655
10342
5362
13066
8894
22041
21330
31166
16484
16930
29059
25728
27484
19902
15971
28423
14227
26614
11362
17234
25370
25193
25398
21647
5497
844
6608
8508
10565
30895
19598
24716
13301
4354
9138
7948
16369
23767
7699
3718
27884
7658
21522
3365
27252
10078
26320
10203
199
4937
28574
7168
7145
29043
949
7228
3315
21339
8232
23718
30126
22907
4630
10797
4704
9677
12068
4408
21990
22414
29226
22409
3075
29762
20525
19815
30200
25080
22926
14844
5461
22223
31616
26364
6414
25017
30143
3975
8401
28799
22656
13905
19095
30470
7843
9984
15994
7120
14384
9941
11462
3525
6401
6287
29266
26420
8124
6028
22289
16917
26885
20018
6884
24977
25329
2957
17586
5316
13501
23609
26555
14017
20160
10883
21289
28630
13982
10699
24552
7186
25535
4397
20664
31493
16383
26976
30849
3271
8359
29149
6886
16444
19357
24900
15132
22165
23767
1276
19709
8218
8213
1050
31832
30247
13008
18821
32396
5749
621
22871
8789
17307
31415
5510
4581
20181
30860
13763
31543
28419
21718
30370
4768
2293
7102
17404
9127
19685
17436
25234
9238
19781
31537
23794
32081
29372
22680
14239
32743
29035
3706
12396
13671
9076
27138
3369
1141
27837
14352
15745
23324
3057
25138
21539
21350
31944
22480
6944
1578
20361
6054
18324
38
6605
28023
4233
3405
25733
14336
11544
20066
15166
19244
32209
19654
16548
17030
25950
143
27717
22515
5218
31961
21912
4769
19623
13921
12350
25147
24441
6224
23943
31327
27469
23380
14136
593
7335
21237
30604
27889
30266
9511
25208
3306
25680
8219
5171
14637
8044
8795
6390
5534
8750
18710
12801
21516
13944
22712
27614
359
24015
5054
27113
13101
6404
29641
2832
10534
21267
30961
19416
14161
29515
859
2464
3102
23215
27406
2858
9949
20637
18946
29271
4727
8877
11386
31538
14428
31708
7060
11312
24508
14058
13855
23479
11514
12288
19372
11996
13662
22934
11752
30065
31498
6292
11305
1855
25903
11191
27974
1680
2176
8759
7084
11249
21479
9639
6062
32565
30071
6940
9245
8637
2979
24465
16665
3575
30381
9098
10534
28709
24161
10744
9347
31840
16386
28253
9911
26076
6277
30256
27244
23405
32509
20867
32640
11594
17239
3811
32602
18
25927
9856
23418
12556
30594
8334
31316
20403
17198
31466
5727
20594
16278
4609
4969
23724
12835
4334
15917
25599
2696
11490
10791
21194
20284
12233
8615
4588
11821
5674
23589
13263
1459
17487
28372
29350
31170
5799
11129
25586
26981
20840
24958
1355
22631
13176
13634
1629
8531
12430
436
29745
928
5781
30752
10670
25125
8785
29257
10591
17875
18244
10935
17526
30882
11987
20306
13073
19660
12965
8752
445
25658
22092
7340
30776
3131
1063
18616
23932
380
4486
17524
15608
12341
19984
9215
4385
17568
8802
9612
30505
8111
505
27577
20494
1022
13394
12829
29399
3847
14671
12320
21531
21141
19677
7696
18114
8827
19924
4209
14863
27269
3103
7572
6367
8367
16924
363
11819
10133
15685
13211
13012
13611
31249
9171
26784
4526
14101
4188
26239
17114
17263
10994
31252
30558
3172
32723
17008
18061
11848
21269
26657
6230
3230
26684
5739
18806
13697
26636
6613
24556
5187
22684
18408
25517
14163
23468
5171
12186
11620
10040
30354
20143
15819
27726
1712
14717
41
8220
28875
2010
5963
23373
10167
27351
4942
17302
30758
754
16135
13195
24870
26253
23714
5304
21995
27807
5512
8173
19663
4010
8583
30681
16279
31981
26925
20954
248
9178
10100
8468
2906
22986
20133
30657
11483
26096
13430
4807
13463
2443
18805
17296
1319
22624
24490
11286
12391
30056
17528
317
124
1990
12741
18278
4630
31739
23131
15681
25587
25949
5517
26850
32677
5062
28189
31512
8084
12681
6237
31994
30278
32170
5013
31682
31454
30286
31397
9951
24291
1904
18411
5189
4419
4566
4199
7944
29336
24131
31261
5161
7849
20719
29115
8624
28468
28980
25468
15354
7147
6538
31564
27989
7100
25525
12333
17354
11093
9533
7897
20794
7400
4127
30633
29101
21803
19394
949
19430
6564
6700
1341
16443
5155
23926
30536
14755
12176
4477
28810
5393
12774
3547
11659
4864
14208
9238
1542
1871
29588
28182
20879
15184
23037
24797
32633
13852
5693
30578
26103
24361
29634
2590
3201
12062
7016
9691
30074
25317
19008
30730
11023
25858
26000
8804
4962
24868
4122
2867
20456
13818
9377
32194
11279
14664
14762
12050
24357
570
4736
31438
9589
11768
8570
27777
29875
21114
32640
26887
20378
5022
31948
3138
31955
3704
12014
3854
9497
3817
8211
18806
7323
17267
902
9512
23457
25419
4983
5158
27251
31408
31740
24511
17527
20860
30549
25534
30361
8185
32628
2529
31983
1525
14525
6540
9117
30745
31242
12223
28407
6006
5618
29510
20198
10081
18763
22831
8589
5505
29421
3457
18732
18470
30905
21547
22852
9948
32218
30267
7932
4417
20043
3920
2243
14355
9113
20306
12599
3213
9963
1120
4421
14836
21567
266
7570
23917
8950
12993
21274
28689
6035
31883
30488
5955
8896
10748
3621
20289
29074
3681
20131
9210
4877
9278
4700
27680
5867
16635
2919
14973
2457
12506
16460
31114
29059
20268
4967
25918
12689
28357
22930
22308
29937
9901
17406
6320
2072
22296
8546
12243
17155
31384
14936
22989
26819
6034
19715
10307
8248
26095
27638
29841
27165
32019
17489
7521
14404
7699
3885
17021
2595
28194
12859
29409
12944
13645
21415
277
10953
30057
25923
29113
5815
27977
27361
14433
24180
23604
0
13988
266
6549
24748
12656
1150
21749
31135
12448
9997
4647
17324
31953
13749
13762
28254
12145
11255
13781
7644
2328
220
17109
16399
540
17718
31962
15623
18784
30504
2315
1691
9580
12008
6999
19280
27587
2244
18535
20605
624
28771
13264
14252
8163
12622
28300
13122
15611
28846
6571
28259
28004
29784
8518
11280
4643
23302
9141
24978
6767
10727
22785
20508
18115
21339
3740
25004
8753
6903
2896
19762
9721
31440
28534
17908
15194
28150
25960
14897
4008
17470
13881
25860
28319
25413
5795
14220
5879
6321
16448
23882
15672
25018
11005
24522
12496
19434
31437
11654
22371
21280
30106
2055
29282
24795
5505
7501
25311
20661
2878
20593
24480
7726
17637
30089
20850
8107
19668
1228
18879
29375
5349
2295
18275
32168
488
19695
15804
10781
19280
3239
4608
15687
812
11588
724
28941
23129
16511
11802
12948
29942
22347
10506
10758
25369
26552
24196
28563
4544
18968
10148
4534
18443
4448
21144
20666
1192
17105
2990
13180
20366
12503
23729
22898
21486
32049
13942
11756
22118
1618
14514
24730
23417
17415
11278
18255
4668
22363
25214
3332
22353
20920
29134
21024
25625
30542
31870
8695
32294
184
31951
24976
15087
8157
17950
7083
11208
19477
12401
19970
1553
6542
8784
7120
7085
8173
27862
2448
14262
13368
11783
9735
13166
31219
11620
17540
22393
3977
26301
11367
23882
23022
14151
25056
9436
13187
24814
27641
29346
570
22508
15319
18880
30970
3739
6460
13947
2117
13191
14417
7406
16920
5576
23715
24575
13586
9103
11627
29842
729
14078
7954
13565
13754
9533
5620
2235
6543
17354
9829
13412
7142
22544
5617
26076
30559
9532
488
20683
11862
3148
20251
28494
6338
29288
18144
15085
2397
24950
1372
29132
19974
5865
7425
15397
3939
29913
4949
17909
21450
2393
6901
8438
10594
8197
11994
718
15237
4570
29404
13190
22377
18251
32116
16445
9216
8336
28358
17950
4380
14402
30943
27023
16855
13349
15675
19883
30258
6213
9098
8179
14332
20548
3507
3136
20214
25330
3354
11517
16436
1054
32031
19346
23750
30892
9959
1315
9112
232
21086
10107
31383
15642
26748
23107
789
16475
2760
26744
3439
17830
17435
15900
28653
15154
13991
28203
17641
6143
27447
21712
21556
12207
9656
10713
11189
30872
25337
5993
11091
30743
25519
10476
2070
18727
26812
9808
2696
28978
1201
12147
3170
30503
9873
11223
31076
28876
16856
25245
22405
31318
14267
20145
6732
19511
26034
834
17790
25399
32052
13429
8953
28358
2241
14426
4064
31120
16934
5151
9464
83
7677
27011
15954
27373
12403
22670
9771
7098
20302
10623
26384
2332
5422
21255
2374
5467
10770
12468
16232
6320
29983
32176
18002
20892
7069
26539
31806
12158
28995
19990
29485
11109
15796
402
649
8995
31561
6056
7176
27299
29457
9914
26579
1916
23062
32313
27624
19141
21474
12057
17084
15660
32322
30850
9509
4418
27210
27849
19320
4121
9881
25246
27118
13329
16095
1671
19533
26095
21660
8333
21700
4143
13610
25140
25110
31900
4349
20657
24827
12317
14378
8024
3267
14546
38
3668
9020
8799
14032
8602
4054
1160
18098
17440
20997
24575
28804
11081
8935
15737
15858
3748
7719
17159
4512
2007
29217
13220
30826
11990
23366
3338
8176
18009
28354
14283
5714
3212
30813
32156
14136
1032
28575
14836
27158
18690
18488
30934
5550
18114
8607
30698
27862
24919
6648
15827
30843
26506
18491
15293
742
24848
8595
11573
18494
3332
19972
10814
4174
9364
12369
8097
5513
13818
9501
8580
23883
11182
15696
19518
25954
21465
30652
10090
19149
31757
15873
16186
19907
30004
10413
26639
22264
5063
20136
24646
25115
65
9168
17492
29091
27602
10976
2325
28619
32087
32406
28769
8411
2698
30229
11233
2730
29046
26760
8736
30049
9775
21512
2533
27009
18623
27584
20417
20264
22371
20814
31204
4752
20728
32109
32308
29144
23472
7121
16033
22535
17417
24147
8114
26958
26624
2894
28004
9357
25217
19273
565
15897
2851
31190
25724
6077
7698
32185
19963
31230
8268
27725
20919
29347
21521
31780
5128
31861
20884
2798
18668
21572
6135
15004
27808
7978
10870
27077
27250
17940
3555
2888
9681
10877
14930
8499
6566
6269
21781
24291
487
6659
18155
13933
17256
3934
628
21821
1525
12547
3816
21501
13471
24202
11017
7609
22611
24313
7254
21056
177
30277
32386
10189
12058
29718
10020
4070
30731
8139
29104
9093
20138
9662
1958
6774
11935
27081
30985
20992
6181
25353
14611
9927
4705
25825
21287
9713
10226
31042
27655
22920
4553
12330
25415
13343
1083
2155
10498
24505
21076
21934
7115
29670
23407
18359
742
22319
30467
30443
30905
20404
21184
6671
22909
1812
30427
18770
2617
1421
25766
29326
11249
26725
867
25291
3866
22408
20314
2309
31570
32370
32553
22063
8014
3151
4956
24183
15636
32609
1085
8140
26218
16291
493
4509
23950
19628
31412
25060
28199
725
23446
868
21116
15262
16167
28974
30948
19790
32416
19306
15741
11738
22833
12628
27681
15624
9625
31877
7830
31188
16885
16756
19205
10003
13781
14652
5806
9046
14997
30880
16601
30737
7659
6220
14864
25597
12988
12893
15243
25786
17460
22820
29420
953
16149
27431
5677
27225
1359
26729
29654
336
8146
11500
21363
8013
17056
13427
14917
2780
22310
19340
26680
21385
204
20942
8469
17992
20427
29024
5625
276
5694
28603
774
27095
4989
31664
21848
3210
27046
7340
27962
9373
4476
10043
20634
21913
16501
23243
25019
22276
29966
3251
28202
6021
7522
1139
10739
6984
3067
27965
27412
6564
12008
181
14642
7675
15631
20214
1419
12258
19909
18389
7980
18050
3740
26985
14180
2878
2940
14283
2680
12183
15606
25114
152
23116
20692
14530
23314
28613
24821
22782
16838
14769
3160
12700
17626
12783
9846
17665
9903
29866
28885
19564
531
7625
4826
8319
8376
5510
17375
2811
5604
4188
23429
26059
29035
17959
15435
11076
7899
9351
19552
23467
17654
133
28854
23543
14693
2937
15960
12761
23722
3883
22013
16634
29271
13624
7645
28036
18813
23991
19907
18403
18792
18717
356
9677
13961
6494
17647
19583
17332
28245
20453
4170
17292
8550
25131
3407
3643
25698
30558
23943
28518
18346
17510
28678
12383
27544
13134
25984
4765
24858
20818
5644
20074
32160
25402
9256
27100
9785
5095
16637
31750
22008
28972
1509
12399
25501
10975
1835
7876
19057
18479
1042
19145
31346
18231
22552
24725
29616
23252
4475
255
12535
15028
20733
12884
9646
14768
22244
18763
21247
5724
24902
24122
14393
14812
16259
8841
8818
22777
16147
10855
8048
11124
21890
32445
6090
11673
11192
2912
21578
8216
28286
15755
29334
14865
2110
26252
3343
16750
10250
14013
6650
32117
14816
25782
17886
14237
13357
21697
19756
16033
24207
21647
6437
8148
30175
16169
9209
2740
20847
7464
26668
4801
28048
5417
24382
17296
32600
16508
21387
15131
30114
14364
2416
15963
2901
28132
943
31769
20202
9727
26389
29185
17192
9377
16730
10232
32050
25588
14152
13743
25540
26198
24095
18040
29626
30913
17465
3929
11730
31114
27882
27487
4530
30543
17322
4661
18989
15403
19062
7413
28354
6443
1907
19774
32357
1542
30165
19079
30595
26888
32255
18867
12608
6992
14571
21221
23043
32059
717
6549
16180
12064
8435
6884
16964
16958
32496
30252
7918
30194
18169
13276
26301
21806
22927
28291
21967
18470
26719
4650
25816
28236
14438
9703
15465
21631
20312
21423
28019
23423
4163
8812
4871
25253
2927
5711
16735
2769
1418
11112
26146
9635
31233
24180
32228
9454
7345
14326
17132
7785
7871
3465
14651
14248
15044
28020
15306
3659
19502
26751
28434
28790
30179
11781
15569
31105
7207
11851
15628
26352
13759
14096
12368
14757
14422
15973
28478
30548
9249
20415
29511
8248
29375
20299
23731
11524
28003
1921
6632
10525
11828
13564
5097
15622
20724
1161
1053
15643
5856
14206
22354
4227
472
25165
16897
1120
10944
31064
27091
24392
22310
8199
18533
18681
4645
28184
11080
23112
19593
7991
30029
26971
18483
24783
1279
26136
21184
12831
25712
23261
4965
2704
9785
25970
28701
14918
5052
15420
19975
14581
4268
5043
12553
22262
22480
30742
32442
1178
29955
28509
26751
9150
8320
30575
16628
6047
24412
13461
16525
1776
3412
25646
32125
1066
13257
26533
6870
4132
21001
31649
29426
10979
31440
28539
16659
26291
27407
28917
3654
12662
32235
16425
25997
18493
8713
24511
4924
2325
13321
5475
29604
5924
25168
20086
5359
1268
32267
15620
12363
30990
23920
16631
15947
203
13127
29066
10889
1383
32682
23296
27281
5975
32265
17557
31738
988
13425
4789
3542
26841
2061
6508
22861
15074
31469
29470
28036
29077
30470
12152
29380
20013
19066
28326
10456
28756
14618
15558
9398
11577
18217
16797
4450
23779
8547
6281
30736
4549
17982
25783
21385
28306
21616
30102
29391
3666
8881
3980
28420
12982
1218
11495
14472
11432
25006
19222
32610
13095
32592
6169
31457
7250
10005
5174
21634
11458
2052
31726
14869
28957
31227
3631
23324
21992
1595
715
21876
29085
22822
17705
21815
13566
328
18235
27616
30120
8085
175
25264
1771
27889
28266
3153
21721
14582
9778
22970
13725
17905
21162
13906
25871
9773
11140
28504
24197
32373
15858
10882
2283
20948
6493
12260
26902
15007
13402
2836
20053
13493
7642
18316
11593
23814
20128
19535
7415
19026
12025
6864
10780
25395
9383
29967
29888
21854
15646
12037
19470
4646
18419
12098
15459
29762
30097
25301
17317
29391
20014
10348
8150
1433
5373
30396
27625
7830
27557
16931
32468
23731
18931
25996
16614
23507
7627
4756
27483
17941
10085
3307
26158
2646
26038
13564
14382
23544
10027
9680
15700
24545
4765
27183
5972
10950
15490
3337
3186
29865
7264
2325
18583
9632
30344
23480
13476
8153
3584
16168
22534
27355
12993
20433
30859
9230
34
8440
27763
22654
24469
1182
21195
11228
9105
2727
9718
28870
20175
31547
23693
5703
23481
20589
3177
3746
6176
29466
17405
4939
26925
16148
3561
27191
2970
4736
21197
4181
9249
27773
3419
27997
13365
24327
1201
29896
18161
22554
229
22559
27214
1562
11745
11897
18584
23410
8305
13632
30243
30076
12698
3635
18234
27297
9262
7857
16984
17345
18589
29748
667
9428
4878
21020
7797
26834
22446
19630
26277
13521
8520
5468
4453
18029
22039
23622
9701
365
7896
27394
15353
164
17442
23704
25614
11796
30202
5841
19299
9818
12707
26802
28790
27462
14771
29251
31676
10697
21612
14741
4244
5908
17480
4354
10878
10494
11990
12983
23176
11686
26053
13680
30986
1626
17982
16003
8083
2488
8824
5408
32547
20755
27014
31447
26267
29977
371
27994
3441
32178
1936
13701
30376
2347
27405
26523
0
28307
5575
14547
29034
24421
5985
19987
8382
19560
1686
26619
32176
4564
3277
4133
6657
11958
20462
11179
498
2965
11893
5866
30974
5206
453
11910
28360
10589
23230
27055
16467
11253
27793
27042
6513
10738
6611
8818
2686
27797
22481
264
9805
28335
23588
12904
15459
32265
18565
28727
867
3076
18658
30330
18378
29053
22449
1697
29404
10739
7300
7108
32223
18924
6365
13356
9606
13460
5956
21525
29104
21672
4248
9650
25939
23698
31651
23154
27314
20950
15088
12674
20439
26540
7393
18323
26429
27886
8700
5085
8397
20789
32134
13924
12043
1344
1107
31610
3218
14997
32220
14469
30142
18026
2962
26114
10920
11205
6770
6858
3415
4323
4826
19604
28724
9175
15003
31164
10431
12915
32079
8259
14977
31083
3821
9750
11841
28344
7322
5779
27003
2875
32706
22857
6670
22435
10088
17919
2613
16528
11194
14840
28856
30200
16361
4726
4452
22987
30263
12413
16824
16850
2642
27097
9697
4317
9696
2915
14825
27421
21339
20607
31531
2511
4895
29673
17930
29210
18113
15794
15330
4923
26275
12933
17727
4063
13765
18479
1101
14032
26590
17246
19344
28372
28076
8873
27861
6611
23432
15057
29801
13111
7741
26695
9352
11672
29210
31214
17688
21401
20550
14625
7064
12301
18004
13048
8019
16735
27671
9927
15833
31792
27576
15848
17327
24897
20485
28859
15686
10900
3340
15594
25642
21454
30441
4338
27772
480
6876
4319
18082
3558
11935
6230
10557
14159
2550
7641
30555
16703
24199
23367
22255
32561
8684
24482
2942
5345
24071
28181
26906
28009
23445
20022
29588
11690
23302
29064
32238
9709
20365
4676
24079
1738
20595
12121
2234
23882
13488
2481
10689
6728
3260
1718
3190
10525
28323
7189
26723
22908
18520
10433
26171
8346
11339
24380
28944
30098
19517
9490
10181
19721
5715
2982
711
30733
10346
17968
504
27203
3499
16647
30444
11074
31327
15900
16216
30522
31236
6855
967
21209
17312
8903
20111
5743
10325
5252
3844
13392
20534
14998
23787
15994
14681
16011
4146
28535
11565
6373
222
14981
8206
16995
836
9973
12055
2690
29820
31441
12344
14146
27411
30913
2184
21037
24576
13615
15580
18070
25561
18090
28824
13599
13383
21896
18117
8318
17848
20176
22884
22400
5459
15959
15106
16461
22321
5160
13965
26863
21706
22825
16742
270
4013
5884
21431
8445
31861
30500
6919
507
27128
23913
15116
2994
26817
381
4288
23300
18113
19423
11191
9735
29505
31232
29103
8526
24347
19877
8297
19051
11562
19340
8631
15281
18175
19794
26071
27967
10709
27284
14335
1850
32711
32085
16697
10585
22849
17823
11633
19367
6837
28781
9932
7300
29327
1481
6972
32749
27498
562
82
5118
28292
8000
2387
24245
19055
3979
909
2297
4618
12744
19691
19163
26544
32565
6344
27931
2223
14648
30465
1006
11516
6722
20814
18174
3877
3578
21202
10931
12422
13464
28144
7857
11712
13710
29793
5538
14183
9582
30083
14901
763
776
22260
30054
18458
4050
23392
10753
7667
1934
2967
18785
19710
31526
13795
9598
26859
21211
30616
9255
18136
15262
1260
14219
9158
958
8969
16382
3918
10948
2145
15098
28304
10396
5954
25444
11117
12277
9898
10001
25590
28649
19804
5513
11811
6369
25395
11275
17353
10419
11447
8913
10950
16910
25838
8084
11646
4888
6517
29011
14220
3925
3278
14673
27313
203
4860
9565
16
13412
7245
8021
18846
17811
25208
5613
26580
19770
27623
17069
1959
30668
22870
4409
15545
18095
12701
3029
19409
228
8138
28968
31113
5865
22387
22336
12614
32222
4939
32727
6253
17896
25074
16853
25044
28627
13586
11286
30071
17915
26279
17772
16493
15468
10398
3560
16666
7240
4770
9557
9125
32361
16947
15110
684
22856
16632
10962
8247
9757
9558
27484
10987
24904
8513
12696
25473
27120
29522
28042
13942
1258
28186
1105
7683
1756
2487
27493
24655
27042
13220
2333
32228
20720
20694
32372
25695
16953
9732
15884
14700
5072
6726
5235
20978
22350
2017
1446
10635
17203
3937
9171
28215
24528
8425
17251
29777
31588
12232
12344
9922
10629
17484
18483
18292
20929
24539
7930
5130
4486
26431
3832
8910
30015
1858
23461
3050
19648
18299
18695
13020
7908
16231
19577
17444
116
8636
15019
15167
21067
4601
5866
1241
10936
30786
26529
4415
28196
18283
13344
27411
23285
26963
3997
9795
3250
17779
21880
15163
14951
5558
31428
8794
13387
32139
6402
17315
25760
5945
5679
3766
22491
27508
3586
20222
4101
1837
24687
4139
10081
9134
2415
9955
1615
5349
9731
12724
12400
29184
19062
9806
27915
11323
3555
16111
20143
2038
28408
23582
24090
11275
30201
11932
27738
15198
14344
15768
20530
11446
8099
7458
4799
21707
7790
26850
20315
22176
11315
22282
19138
28178
14119
30601
1396
18609
26991
29570
19802
24784
26594
24828
4779
3800
28177
32475
1041
17634
27524
27919
13832
10372
1607
13579
22919
32490
9894
13944
17891
7977
28724
19499
23024
24273
19474
15701
30825
11457
26733
20218
9106
20032
20809
2469
31771
29257
1661
1881
10056
3877
13055
24010
24655
15936
26978
30925
14594
2613
2461
30990
19885
25387
13326
27393
28738
11620
28095
27163
3763
7699
23015
1089
22688
23150
11444
29057
26674
3333
15175
29696
29255
25938
19713
29747
16847
13713
4605
11602
629
8914
25309
32266
7811
6988
11722
12659
13311
1780
13494
21569
25882
26190
228
27198
1996
21379
12203
6136
30904
6581
31863
5302
5461
22159
11280
30897
8527
23072
15647
15233
6955
14569
494
30422
17451
17460
1903
16744
24433
23720
28032
13873
27750
21275
5229
31705
24669
19367
17334
24690
9076
22272
11795
23909
21691
13828
30390
6060
6553
31636
7120
12354
31851
163
27222
30936
7789
24204
24325
24778
16606
25513
6308
11857
26975
13857
16265
22522
9629
6401
1630
4695
12847
1935
10277
26100
2242
6875
1914
24972
6515
28054
21272
15485
13180
29223
21407
32122
24851
28412
18069
31104
14991
5406
27306
16139
29901
25865
8512
16777
11986
21946
18730
22799
17073
29193
14004
27211
7599
24633
27876
19130
25510
1998
31744
13594
24999
18846
10576
25123
5091
32299
17445
6514
17100
11824
19483
20166
31607
14714
19610
8046
26437
24569
4515
17410
18114
24855
6601
19026
5069
9544
27005
11164
3834
9699
9103
4866
15412
1840
2802
26682
4775
6338
20928
29320
25565
12295
22909
10217
15910
4381
18592
31889
20030
23015
6479
18072
1066
9057
1387
2545
32611
19760
29644
16539
1590
10110
19150
29467
3179
28420
19468
13609
3365
20328
23915
23210
15369
24522
25435
30942
20898
19866
4185
2011
30468
10668
19896
14394
5296
2958
8610
20752
2232
32537
13914
10784
2084
28742
26307
5710
12179
2371
29734
21079
1830
14022
18736
19392
32153
18082
28218
21516
7859
21656
4814
5170
2273
31087
20582
21582
26142
28742
2678
27543
27669
9770
4013
27793
10122
26596
24696
24964
5878
8724
16073
11564
22641
26500
27414
25522
28373
12726
12964
12251
25121
4031
13061
6272
16155
14168
30432
14910
14906
11315
20464
18798
31170
29067
4687
28759
19249
31231
5365
23971
18394
18848
7035
5904
11472
32329
3365
25704
27141
12847
7456
26291
11443
27832
18440
12203
26875
5521
19118
28016
9933
7675
30231
32381
5639
21605
1224
475
11745
5696
21824
14228
23432
21519
11719
17771
1033
7101
28006
13258
23921
7476
20023
14076
25394
23851
7391
6300
27081
2623
2392
21838
5534
10310
29940
17069
14636
1504
24990
20868
24161
12366
26211
16448
32584
22920
19762
20901
12773
25737
15840
23489
19297
3054
6767
17182
15975
22207
28816
13884
14541
20365
9318
15678
17527
12733
14477
29156
28536
291
22363
29625
16251
16339
358
27790
29794
13875
1350
14630
24108
341
9372
2611
18972
23428
2643
4481
19223
21277
30245
3954
24911
25505
16737
21674
17694
9479
8428
3083
22836
1367
18566
24804
2037
16500
21327
21861
4125
2617
5514
23895
1190
7880
15264
4362
1003
11551
23144
3214
27149
20461
21669
20261
662
2211
14801
12025
32092
28877
537
13579
10921
5539
19368
30060
17048
12763
32040
14255
15298
14786
29062
926
29978
28043
4342
26156
14102
26087
31544
683
20496
20182
10009
17471
20459
17596
6972
17299
9977
1975
9242
13514
11292
31024
11080
29113
20012
6064
5113
29779
29849
27893
16579
21860
21330
8774
9894
9091
13797
12035
4426
9793
1511
21888
31880
24999
4246
25107
10028
28128
20413
24684
17145
30514
14808
15141
26094
31283
23929
31130
8392
4153
19434
4091
24264
24594
5908
30112
29366
1781
26271
30108
29990
3513
26715
28052
22522
15941
8159
28370
21288
27976
22896
30101
3774
3114
17444
10923
11811
5954
30534
25410
8351
13385
26365
21244
23325
5390
3113
9281
24368
29292
17294
27353
13141
13177
10292
9402
12408
5377
27917
15646
18617
25907
31193
17881
11119
10137
20295
23274
27245
13646
30301
25680
1157
11627
32537
10783
31051
18882
21081
28370
18971
27599
23288
995
3166
30187
19002
3225
28936
17603
31594
25378
25957
23817
15041
21473
12566
8553
29578
8969
13655
9407
2436
4203
12675
27783
24968
19852
12505
14228
23915
6651
1408
7430
20262
31201
29897
6006
10036
15066
30901
20595
25148
15107
15031
16434
31216
9813
11194
30081
23861
7729
23910
6653
13188
32571
159
1669
28560
14700
11599
31726
29993
28259
22374
21496
22112
18940
5407
16001
27628
18724
6788
24313
19660
25324
3636
24086
26926
18396
7012
17353
19600
11145
25892
11632
19237
19561
16099
13389
7802
11751
20022
6199
13657
14515
31189
655
15086
13660
18918
30070
6440
21792
7551
15165
31330
15619
22886
27165
3651
18206
29723
20521
5602
28218
792
23424
31534
6045
11607
21191
30606
12068
10005
29143
3524
18834
6870
16050
23319
16680
9129
10940
945
118
15533
21544
15942
28528
18900
31664
17142
14020
7655
649
8565
19819
8650
1174
17001
1150
258
25308
6163
1356
32628
21046
16946
30121
23663
16969
10532
13961
26349
12475
21583
28877
10006
15520
32703
25692
16646
3637
13584
11638
29904
26321
27535
29765
24515
27928
29596
15029
25324
2418
12627
15494
21211
26300
27243
5536
21674
27453
11101
8870
3132
15835
1993
20429
32707
11150
14870
18927
21637
278
26202
17883
18655
11497
1145
20976
3978
15728
13712
26090
28701
3954
2196
9467
20691
16593
29238
1566
3471
15220
31754
22184
16413
27780
28393
19231
23995
31707
31892
4688
19928
6073
11417
7836
24091
10425
4219
6547
14247
516
781
13764
14750
25029
30495
21202
23779
21981
6492
10187
1317
22743
18803
26550
25369
15134
11893
5227
19462
11373
27262
29608
10887
31112
12696
23136
27789
21034
18396
16982
4771
11070
10971
24043
17526
4433
27196
7732
3732
32584
29606
24400
11636
3406
21984
12025
2487
3089
16182
24920
18861
24622
15135
26654
7195
12777
29470
8144
8251
17698
30438
1890
3845
3461
20417
5640
2477
21248
25394
9033
12653
31354
26841
5461
27780
18114
30616
18840
31871
9669
28148
27535
18871
24069
14782
11739
2075
12358
17138
6548
6447
16778
32223
26591
20309
24896
26760
6595
30284
32697
30539
16952
17654
26843
13504
13953
7262
5913
6372
6332
14329
12963
23415
28856
13100
4313
17826
18182
2063
18438
18141
30291
27505
11083
20752
9973
10780
17113
16376
10435
27481
5219
20429
7978
31927
20436
26402
13181
2825
13373
14348
16781
27822
16657
31878
12922
24853
1940
21012
31176
27007
12433
30887
26805
7943
2635
30913
19402
10720
12983
29913
1713
15839
12776
10753
8774
16441
6347
25542
240
31373
30740
26456
11570
32549
17272
6635
30333
8825
29981
26204
20553
11764
1359
9752
10084
12283
2676
4410
8585
3372
5442
31219
31540
14051
7471
22319
30645
11011
4393
25205
6019
8435
24712
19727
2260
2022
4161
20588
1642
14944
12380
7618
6320
2806
17832
28919
27909
3669
31661
19138
14168
18053
13026
5646
20981
4975
16160
15519
3998
3229
27223
28407
29662
10306
3968
9083
17818
21370
25042
4306
12265
24530
13369
10126
25894
27147
21764
20238
30787
7707
20957
27042
24671
31861
14335
25585
23195
1162
9379
21400
7722
26768
14779
26900
5800
11906
19171
14562
6317
25192
22165
8164
17569
15832
8092
18183
3026
26813
31435
2595
3011
14167
9454
17955
13256
2435
13569
21093
26831
12093
32416
10596
7041
30307
30911
1172
1162
17851
31899
28557
31540
26936
28912
5740
6715
29561
13677
21366
9949
22675
25189
16383
28208
9744
12487
19595
3256
31800
7760
9266
21561
11407
8703
24393
17354
8606
1226
18750
17963
29686
12943
15812
10840
20595
5965
24880
2654
5054
23700
14371
5230
16149
6970
25194
27184
10831
21840
32034
2649
5914
19540
28704
30848
2440
1960
10896
5934
2506
8003
4827
26676
13115
7847
11727
10049
13472
5139
16634
29363
9645
8185
29782
30382
21964
6322
14124
20075
30747
5745
27698
4051
20659
31606
8438
13645
18224
19588
21632
22996
622
28052
4403
31564
29072
5835
24053
14102
26183
5546
19088
13538
9297
11909
6999
13252
2623
12854
22540
28043
14204
7186
16897
17486
21387
19484
30078
28231
23184
12665
14947
5092
4882
31012
18446
5148
4351
5347
127
25344
27120
11898
26298
13970
32431
23326
21613
30169
32247
9004
13011
7733
1146
12827
15064
4849
32296
17072
126
2839
11439
7024
19839
4488
30526
12123
3892
19275
26511
14039
23477
30758
30756
21739
21058
24939
6097
7341
23266
11029
1658
2814
2377
15123
28446
18548
9983
10980
25364
18328
10431
30564
6805
4946
4894
25318
7803
24993
4717
15746
16200
16015
18911
1969
32106
25445
7663
8983
18110
3611
32252
1439
11602
27922
28982
8909
31599
29446
27326
32592
18647
10046
10505
8919
30027
17925
9350
23590
11344
17758
20864
2921
22067
4596
14661
26312
6731
6224
11912
27963
22142
28238
8452
31648
12294
12498
21602
14347
8565
27063
32349
18269
10743
4616
4132
280
472
1139
12031
5489
30790
29690
8246
22951
24151
15084
11311
11924
9038
5652
15574
13698
1562
8240
15169
18239
31
8613
28821
24948
19769
2160
28195
32306
13566
7264
16599
2510
31044
17282
29651
27375
3556
27357
9815
20709
32189
26464
14564
15420
8443
25369
21921
30097
2201
10920
22525
26277
17188
28402
22422
2480
24258
20250
23130
25336
19572
16045
29163
14497
2200
7196
18504
31943
11442
2928
24491
7626
20075
26937
2477
12521
20442
27079
22960
11027
1283
14493
5758
7161
21149
11299
28462
8040
10777
24987
30536
30934
1759
21846
11817
3387
20699
19240
5544
12066
18488
6937
7161
28927
24171
13917
23762
29123
8308
30855
32205
22446
5728
6393
10766
28004
15379
20639
28965
5444
30532
2013
3381
1781
11977
8389
21590
2881
26389
12686
22841
10791
2047
17217
32523
32555
12229
26806
1179
10225
14160
16831
19134
266
19385
16035
23027
9486
16653
14286
27459
25067
589
11718
30827
6268
17081
17761
5949
14942
21582
21558
9284
23039
18318
4433
167
247
14463
15915
26447
16540
27894
23513
7500
12496
10261
16515
373
20766
22291
8472
16207
6
31547
25408
10545
31892
30008
19346
32165
9784
5519
23560
7184
28369
5741
30383
27798
13067
25251
6307
32568
27883
19951
16699
9791
29864
8829
22913
4062
17341
10157
12261
8979
28220
1559
23602
9166
18021
11469
8128
25173
24183
7135
5612
31207
23750
14373
18629
25247
22030
3128
32264
23196
8711
6850
20559
27231
24121
9720
26757
2164
4882
4196
27549
8277
12086
15080
28803
139
19734
1024
4691
29718
30404
19527
29386
2831
23558
9277
16634
22156
11945
1863
6209
7108
6423
18423
19323
17012
812
4494
28791
641
6470
8895
16296
5342
18843
9654
7197
27568
11216
18777
22451
13744
1735
32718
1930
12497
26808
1597
31925
4132
1411
6615
13622
30968
20292
32279
22825
23365
32040
14407
6207
10571
29824
9287
31598
12918
18452
18058
32487
9605
16826
32609
2121
32235
10791
892
3348
24693
17156
15789
32096
11054
10053
32240
18127
15488
1462
6569
960
13723
27094
24876
10949
15387
1769
3714
21080
32484
14665
4459
23753
593
12797
23711
8315
30607
140
6233
24656
9027
28435
24086
10338
6003
25750
24986
25332
17571
16788
11061
14760
9790
27358
18244
5874
3640
30377
3834
23500
21490
12257
28257
7595
27230
25536
19355
178
8547
11680
29550
550
5763
13581
12032
18211
6331
4639
26334
17293
938
19462
30531
19784
22006
9703
6552
28588
1772
11751
1847
4915
24422
17029
14708
19829
23026
556
27358
27991
20016
22792
15810
6015
27516
8474
11249
1803
18125
2183
9155
18050
32733
12854
30300
29962
16779
17561
31534
27612
8573
23243
3263
22518
8969
3036
17069
7183
24918
31849
3311
3792
9406
11887
5213
26945
26487
864
1139
31106
