2992
570
6447
19462
22029
29507
16622
8826
11998
1154
10583
18183
4382
12886
21856
2207
18558
12283
10339
1536
24154
28846
23226
8176
21227
19473
7308
24775
30398
16848
23270
32047
30821
8325
23310
21032
31340
5081
8212
1103
17807
24044
20137
9311
27433
16376
820
31992
27632
22065
20003
28063
14048
27375
19071
30471
5237
1294
708
23694
21021
13717
6127
32523
16877
26775
24280
21703
25235
15703
26562
8905
17292
10671
9265
23383
31127
27827
7932
17849
14185
5265
31394
21312
24226
7100
10721
17799
7424
24905
5765
2553
27090
153
10879
28307
30640
19512
28470
5099
28266
28677
14114
16498
318
32403
1430
30966
13646
28112
10461
619
27729
18148
14985
12522
1928
3420
31240
10234
14067
8584
13688
28687
18630
8737
13500
1360
3351
4399
23248
17309
8665
16426
29017
21457
15117
18272
21121
32324
15159
3222
25857
1685
12303
7410
7807
29862
1914
24089
27
28391
4280
23188
16709
2520
7647
11640
7377
12489
22920
20806
29773
3044
9416
22032
15762
1902
4450
17117
28313
24650
19514
9807
23440
22975
3085
6787
15149
123
22624
16441
17731
7895
15542
30005
8083
18012
15366
18917
3300
4742
6252
31299
4694
2249
17183
28157
1779
14802
2211
979
16775
2063
19776
11329
22705
14193
28082
5983
10555
10865
6178
31237
5799
28753
12629
11826
14858
2212
6692
12975
29470
16
26924
19951
3986
19027
27846
22586
31908
32132
2362
28939
14066
21147
18223
9142
27789
3892
9830
16205
1360
15504
2216
26053
1392
20445
18685
5717
32339
10167
21279
14111
422
750
20270
25106
19114
21642
13733
30991
4558
6412
24461
17738
16003
4343
26353
9716
27468
1167
27537
4631
28692
29921
4058
29121
26309
24067
16918
4708
24086
28317
9697
14973
11941
22696
12764
8308
9797
8054
21925
18627
32153
1779
15366
3931
19426
2090
32108
24643
27925
28427
22171
25475
3633
1387
14241
8256
21455
28492
16136
23336
20218
7263
30032
13329
13378
29383
23709
18140
2316
5920
10412
21408
15148
30144
13067
12805
22198
28988
32650
5101
19984
23086
25837
23386
2124
5174
11747
1932
10677
3135
17980
32105
19112
25604
18518
12066
4262
30418
32472
26388
23974
7055
11939
14828
2480
18427
15622
25615
23207
31030
1585
5689
11879
1411
30701
30051
2832
15179
17546
20971
2464
29029
16920
23023
20168
27796
18906
19193
1528
15953
11255
26338
4797
203
2931
12272
27724
5165
13918
12354
22367
16671
20043
20590
29247
25743
21764
360
18210
2225
29052
15782
22712
3908
261
9601
23809
20760
18627
15071
6753
22221
23393
15
6902
3805
1794
32244
10793
9437
24443
30054
20611
24063
14527
16341
16835
7900
9626
9007
28973
32368
20131
7428
16420
2662
13676
26857
31483
8342
14331
17946
6153
461
26750
16483
27899
460
3386
64
20078
30867
23749
26179
19902
22751
19061
30134
2328
4081
30488
21122
16855
4753
6629
22095
11533
15187
30131
237
12895
24089
11881
18418
3351
13529
4790
2469
884
2464
11778
10011
10308
16855
13988
2464
23221
11974
11349
5977
30825
18262
15076
23335
30152
12059
13612
25549
20634
11921
15428
7766
4309
166
26357
12209
19379
6521
32113
4511
23816
19042
7489
30415
19155
26418
22912
14918
1811
20668
11079
24069
988
2196
18024
23782
19881
12822
9823
21448
8180
9386
26501
17899
10244
29511
16519
157
27143
3382
12311
25111
31840
23577
13025
1954
3394
811
5569
9982
26238
9161
14387
5891
25497
19250
21259
19337
3618
28043
5990
18566
21570
4646
14816
20598
3477
5379
15879
20992
16952
8599
5648
22742
26660
19149
27337
1501
2746
25675
8143
21134
4254
246
26625
9116
5065
15032
32308
28374
32730
10113
22057
30800
27309
8075
22972
27325
23343
14563
1629
20256
29297
7205
32452
10148
11003
5766
25825
12743
8802
3352
4114
5054
8477
13642
29593
30997
21652
13998
18765
25239
28538
6656
21647
11629
9309
10595
20864
5514
11899
9709
25714
14150
23768
30310
7580
21576
21389
13133
25873
24490
30563
13340
25331
5464
14240
462
14307
8377
10785
21149
6589
5778
11689
29456
10370
17959
1657
16437
3990
9635
10529
5931
18220
23993
10133
24036
2558
14476
29827
2345
21313
30668
28900
17375
30936
22050
30674
7048
13768
14287
23705
22029
14572
20112
3856
21690
3050
13508
23082
10378
26213
17360
28872
15269
16756
10691
15569
13351
16211
566
9349
29731
15193
30327
14862
23272
5674
10470
2392
11138
4654
28574
30755
15492
21570
8792
27735
21765
23725
32653
11415
23273
3157
27867
12056
13922
2611
5802
19124
3765
7428
13071
32314
17474
19777
27633
16905
19391
25426
13418
6109
20164
5631
3439
19688
13708
32039
32180
8741
32250
7348
16586
20201
986
7118
29066
4539
7786
31823
13239
17253
14104
26231
8415
8267
15758
23778
31874
15356
7404
27830
29559
21255
5716
11809
27274
28432
9388
10499
8298
4386
19871
29159
9923
22087
997
4920
30375
19030
32453
5810
9266
23821
10968
17174
30062
11615
6159
25122
24692
7951
2295
8896
13524
28286
1852
27518
29751
14018
8557
12606
7747
7671
13822
9774
29631
7130
28563
21755
29944
3732
22140
31810
8035
4563
7035
15944
11907
19487
32718
30954
25613
9836
32361
22999
6987
8683
6788
764
11198
16422
30549
21312
24327
12620
7455
10098
32264
15561
3947
10111
14662
6170
6293
29673
28817
8160
28299
18292
7656
10035
5330
24867
26519
20792
8138
19042
7586
10486
15666
19845
9830
27493
9710
12401
7806
14280
23816
1945
12260
6717
24566
13613
25688
9363
11291
26765
30470
2395
15760
12804
26979
27970
27427
32435
24408
25246
17312
4299
1698
17222
20560
18432
3449
23719
24768
20026
27759
8724
17347
31885
1948
22878
4538
3179
27384
30117
27667
26904
9736
5229
22032
13663
2749
20724
2762
22916
21401
25028
29813
11641
29971
13444
10469
4948
7741
31763
3921
5633
11428
25816
4952
24628
6007
25427
2369
8098
5612
20728
10119
10353
1248
19262
14741
27885
20414
2291
28622
7548
24737
6610
28880
1236
23485
17495
4090
29803
10747
30162
19756
21807
5859
30907
461
12408
1471
25925
24339
17723
509
53
8574
32128
11990
31733
7590
22550
23085
20452
2615
6789
14010
6641
11066
24388
359
15976
17046
21548
5626
14859
27094
15661
14069
23141
14636
3904
3258
20571
24502
14236
8179
20740
4353
25389
21297
14523
27596
23106
8147
25714
15886
17542
6698
13641
19002
26929
219
29279
29121
16255
23428
31975
26840
25442
27810
2687
22397
17011
31410
22974
2996
5423
13462
5388
8471
30816
13627
22455
16781
15065
27257
2371
25434
13158
25402
769
10328
13059
18655
13283
17027
26444
2015
13966
443
16693
27569
3505
28358
13307
12781
31381
6037
24667
22702
8694
28872
1
11322
29458
28788
9539
22501
1279
17955
8975
32306
24129
21532
12578
7228
23196
19941
8315
15444
8999
8199
13328
15340
27810
1297
29119
10420
28681
27615
32647
30978
20841
4892
24824
9079
26867
32262
10472
23008
8783
9841
29544
27482
26163
4111
15351
4538
16947
8430
25589
11819
17115
25410
32090
14617
13307
5221
11687
26958
15170
9500
15645
22107
270
3868
9773
6714
23427
9165
14641
13873
12251
14413
10329
16121
32252
21176
4072
5152
19024
15527
20128
9900
22993
7926
17018
4865
29795
2763
15771
4613
8551
5075
18308
1409
4749
24527
32393
9163
12521
20304
11652
1698
74
9150
27082
8537
19655
18079
19806
25144
22170
5654
8549
799
28722
23210
3290
19820
17027
19017
7043
21791
11169
15501
12580
28476
27533
29758
15602
26481
4942
8727
16714
14585
27204
1229
931
20160
15802
19021
30914
3784
20154
5701
16685
13515
21029
20967
18913
16418
14083
10474
25927
30949
10007
22481
28773
20564
30134
12143
22609
8309
28890
29099
5100
3839
18547
27521
26060
6007
32765
28745
31354
153
7767
6716
14046
16633
4051
29748
19191
5866
28298
28851
23760
22431
9458
21031
24495
14736
7858
26732
27535
7711
31668
18323
10448
7804
31100
23522
9262
24518
1721
32539
7920
29299
13594
29442
12129
16625
32099
25881
17796
20877
2496
24494
26628
24469
31321
19479
15722
4025
22566
27197
13714
17335
10757
24919
26464
20792
24586
19960
30383
8180
2326
29004
5770
29469
1707
26014
31647
25083
13054
31774
21232
17364
11598
10210
4300
4878
16501
6698
11262
2967
6077
29672
6468
2181
13812
12416
6915
25850
25283
11724
14648
25675
571
30051
30130
25953
2737
11035
4223
25951
3276
17612
28836
5508
476
28503
1297
2132
21613
17639
12755
14834
22301
14455
7564
30673
7594
23189
29472
27531
27727
23397
27570
19729
12625
28136
13519
5
15573
28798
1768
8292
10996
32426
6
17000
13329
20502
5817
27053
22378
2263
14673
31634
5102
24305
27985
12514
9039
14622
801
19124
27479
10955
12803
3727
6527
29028
12360
19922
7358
22225
7108
31827
29087
7489
18047
6727
29846
22566
15277
30050
11924
22144
4321
1343
20441
607
22397
26369
19722
22947
17005
15419
21123
25607
21525
28941
494
19038
10375
11664
11796
29468
12282
30324
2292
18455
28024
16616
30738
2447
3542
32186
786
21100
27369
24512
4229
12744
20215
24950
25859
32173
3180
19944
6266
17184
15822
20691
30149
30558
16883
20999
30849
20069
18546
8207
23836
23222
599
11796
30510
23130
19227
26879
16909
21795
24019
26590
24476
28724
27303
31625
31075
6851
8326
24965
14309
30750
32536
7720
17453
10988
1268
16894
1963
26038
3604
7788
7742
25766
30341
11667
11922
13454
21859
12663
7340
27435
25605
20065
19139
13484
25973
9346
23634
23150
8739
11480
12139
9994
19418
23894
78
19345
24050
22591
27450
10774
19912
10963
16515
10605
8043
24365
24293
30259
12952
25964
2072
21774
23529
6161
25508
27190
7753
24488
9207
6709
6315
14763
437
26603
31740
9891
335
29652
7509
17296
14039
142
30838
4747
31763
8341
13936
13994
19664
29010
3233
10020
15736
1876
2021
7605
16359
28637
6155
17476
10875
27552
28550
26052
13674
18121
2917
9816
25177
29246
30598
1722
554
16932
8966
14045
19733
30118
22779
31697
16634
27633
12646
11496
14837
10883
3683
3095
31028
6310
31139
32158
3589
5175
30236
25323
21811
17324
6655
7356
659
18774
1259
30853
26842
15330
1632
3345
29617
2086
2166
19051
2060
8219
4815
16639
16055
6949
31178
25597
11569
11163
3577
19198
12478
3459
24534
14058
28600
21149
27569
24089
1318
12196
16877
17336
2704
11984
32620
7791
29713
27551
10824
4672
29357
15317
18116
16819
20709
27073
14466
31280
32137
25539
17398
32684
14542
1291
17434
15240
6048
23459
26723
21173
20793
4016
3828
26397
2803
20469
3859
2110
5722
26520
2009
5912
21894
24873
1837
8522
14760
23264
7411
30584
4066
28710
11904
751
4188
23639
7761
7820
25492
15047
7165
30426
4597
2051
12393
13690
4524
18521
23099
31688
26295
30618
20113
28859
2366
9758
12786
26125
1575
26377
23941
22684
3557
29645
1152
20497
26000
10480
19940
25023
28219
16400
13928
23246
13954
27428
20146
21912
19042
13572
10701
15955
13646
19244
4056
2801
27262
5308
18683
10820
1931
15044
5280
28262
9529
1471
8415
30296
10899
13405
5689
23273
22078
12166
2954
8921
29191
16283
30265
16959
25790
9983
27314
10536
5703
17878
16662
9601
23022
11020
29232
7223
21243
13977
16556
23964
1926
12548
643
6413
5517
31782
7866
13266
15940
16689
4940
1861
15276
16369
5989
18998
5223
9041
11728
10639
25035
32544
15283
21556
15413
23317
30586
32301
16800
28433
17425
7943
27254
29861
19542
28535
8357
12756
29390
27201
19702
8474
27030
21592
20123
23213
1693
4167
4358
8962
10257
16591
13314
17043
15639
32466
31228
2784
18111
9840
28833
11443
25911
32623
1967
17321
17727
17632
2564
15086
476
20479
11516
28488
20049
27228
10745
12887
31819
2872
5699
4891
12892
1074
27923
4022
26282
24867
32746
5235
29161
32582
16679
27656
20102
8092
7385
1304
22565
30862
21458
12540
8014
2773
3325
16323
9571
15767
4337
7543
5334
1490
25541
21666
18840
7422
12582
6673
15829
2798
16040
17880
11998
1784
22618
23959
3687
29781
27549
5115
5106
32202
17462
24967
651
5256
8097
6804
30390
22098
2728
9878
20646
7901
15669
15522
3759
18556
26725
18733
11262
24573
10973
24855
22408
20429
8033
26088
5952
18019
14755
16217
11149
23516
25944
19990
18171
15075
7057
31682
28209
20692
25161
3131
5155
18721
27194
5152
18056
22516
16118
14481
32399
6166
15666
7222
27085
15
17253
7555
16250
12943
20626
19002
30174
11788
1377
11313
27654
8109
15221
21333
23483
23911
9978
16623
10165
19302
13949
6182
23051
12462
9473
14277
26350
16130
29263
8511
1943
20996
13709
20721
16766
10655
32274
27558
28109
9122
13945
25952
21780
14509
15860
1366
13118
16465
11235
27449
14276
16499
29094
31163
22048
19441
20143
19026
31365
13449
19163
3641
30413
5110
11010
185
15283
28763
5069
20134
12866
32741
20167
5932
18829
20396
26039
27084
3233
20955
2094
26017
21688
5905
28508
24040
27567
14087
13351
10175
12986
11378
19327
29997
8535
10283
7403
24931
12416
8077
26472
4673
1573
6686
26740
4892
29913
626
31078
19647
9164
32333
5888
16047
29433
4616
1863
23988
28576
4918
4498
15252
27895
11911
31970
23586
5405
1260
18545
23415
1615
9211
21134
18816
20574
23958
24999
24249
26208
17095
17320
28215
22694
17903
30596
14572
27375
18464
5392
1575
23259
5575
26392
9562
27299
5774
27565
15648
1030
13440
11964
2942
1927
15982
13029
31593
7125
18834
23689
13193
4491
22131
4901
573
12057
15624
3295
19167
30978
9248
30815
22601
19017
2050
30944
14488
20773
5200
10375
1584
17404
21809
5363
16896
25231
942
27157
8967
6003
29021
16194
32534
19904
22333
14982
12504
20237
3042
32316
7953
15771
25810
5339
18723
32464
18222
20243
31958
10727
11157
18457
6488
20199
6469
1087
899
10705
23683
24007
12127
5662
31806
13305
25320
22120
13039
4211
5649
1128
28355
14017
5128
15648
7420
21037
16828
23897
17556
13784
11677
25168
13348
25354
19618
17069
18181
18887
2193
21428
1461
30627
891
3775
9596
10455
13445
19180
11087
28563
16879
16147
13812
26006
15438
24571
13159
7165
7964
28365
1405
15704
14963
19400
22983
5635
27158
24887
14521
30388
15793
15008
4107
9552
30306
7231
15456
20483
32119
11954
22054
13967
14458
4854
17853
32228
24171
29330
25307
25074
12876
24594
9007
14779
18147
7095
7236
428
12219
4205
23721
24621
17260
7421
24655
22647
21276
32132
9266
8101
31558
26916
7483
18446
29114
14329
5733
14035
29925
9551
14880
6068
16467
530
19187
17192
10866
27525
20324
19116
20377
23095
13596
8027
28232
7476
12103
1727
22706
5496
21562
20967
8056
17833
15960
2745
22968
2565
13366
2954
11846
3225
7165
13548
569
18867
15888
13767
28842
14491
6895
6572
28600
27774
22620
4453
18127
16811
2492
10705
14891
27394
22463
25839
3991
29608
19267
26936
20603
2304
16246
15154
27925
8407
16187
13634
9479
20447
20944
12737
22802
25695
31405
6995
10785
6440
28847
22388
2441
29899
20597
16212
7823
10505
19979
6885
9515
1675
10693
21042
10763
22740
27758
18674
18395
15987
11938
6237
18884
20861
28537
6974
22322
13370
15974
74
3291
22047
15454
22192
9981
1276
14396
18673
8422
7799
27236
31218
28090
30137
5030
14416
11889
16743
870
31731
2335
9684
18682
25062
1400
12149
5204
6757
4755
20885
2529
32056
6638
15689
3504
14400
17331
9383
18903
19536
20537
15923
29715
19518
10958
7322
5806
4665
6580
11939
24742
24412
12137
31586
16651
6532
24875
28335
20905
7007
26300
18902
21735
19142
18275
3216
19183
26957
14387
27186
25103
21272
12175
7973
18015
8176
20974
14998
5285
23189
7132
12398
29813
16982
27970
18309
7581
19168
23014
14354
19648
20052
25397
3687
27456
9628
32577
9691
28257
6910
4358
20487
12716
27377
13809
31797
20626
18224
3235
29461
17234
4110
22770
31410
17181
14345
10544
30373
14711
1441
24752
22664
16096
10091
19335
29870
27828
20065
8080
3857
1616
17020
3763
13452
15734
9605
20070
13387
5619
22568
14451
19839
11390
13642
26876
25942
25828
6044
32189
22826
17250
23920
23186
16633
30034
24268
5945
13845
19723
2493
31320
29212
13570
6382
9666
23083
24117
6265
22518
19023
11721
11517
26345
13628
11761
20721
22533
27714
1555
31800
14705
9084
15910
27125
8339
1611
20831
28832
29139
28674
21516
8282
21922
7395
12480
7037
32443
26443
16560
23928
9641
25897
17245
25562
23946
31156
31091
28076
9746
12126
26353
17668
24275
28163
139
18135
32699
24935
18509
7439
15070
9183
7552
24285
27509
334
17361
2897
30247
26195
26032
4648
32392
20417
5623
24293
5600
20048
5324
6691
18221
29330
23496
5417
9323
13608
13657
5055
14610
12085
25444
26688
1505
14099
6447
5617
27098
13637
19583
28049
7310
17837
8701
22577
7578
30975
30942
17478
15730
19062
22979
26877
9053
7622
19678
21454
29889
22865
23383
29780
417
28829
16366
6748
6756
29446
2785
6716
29400
29360
15632
2918
13942
22464
7775
21820
12776
29644
21340
32294
13768
27023
30242
28898
5803
15586
13949
11292
28254
7912
17742
4159
623
19080
3889
16266
29679
1312
2654
17510
7287
6007
7117
29175
15465
21236
22430
13041
24184
30478
8375
15021
5227
2820
27567
19580
28957
32718
10475
3387
25545
11859
6662
4903
22660
1500
5750
10227
16907
32457
877
28952
28863
9603
766
29293
23278
20913
7809
7927
14932
23983
28728
27650
8930
29243
4147
6768
30398
14962
18544
10834
23434
5116
21575
11445
5353
3971
12037
26558
26687
21865
13784
250
28089
17082
8427
8687
29326
21087
6097
19191
20612
9877
25895
18510
24245
18078
3445
32105
24467
25782
19798
31369
4138
16457
17113
4241
15525
30819
17958
22292
32276
25192
13669
22707
1388
14597
14299
22950
6095
14182
15446
27800
8206
29866
14028
18872
31085
5012
24895
7181
22438
6787
995
14601
28720
1956
2179
30306
18624
30054
23841
4637
20241
25390
27101
24812
7649
30285
7704
14009
4924
18223
22744
15747
7164
3796
12398
11881
22673
18564
23895
8452
32510
7103
19553
25850
7716
8820
7182
6608
9795
24435
2365
30976
23230
31011
3847
1612
4382
3192
15848
6737
24922
11296
3615
31583
11094
24573
12631
30856
5545
14552
10118
15095
27043
19540
6934
16772
28815
11552
18499
14981
13877
13169
29636
12262
21667
10672
13485
14716
11565
12655
5524
10646
12979
29858
20722
26581
10530
30476
11469
28222
32317
7159
14740
7310
8094
13352
30795
21965
29175
10258
11239
7206
19870
4682
23036
7926
9289
24123
16021
28451
13334
16155
14179
19887
27598
4894
27163
18573
25706
1769
10777
6579
5078
3401
24905
31856
7414
32549
71
27904
24807
30641
14789
1630
13703
16613
3374
29273
25911
25646
25736
8170
23519
13155
18847
13253
9523
24058
30304
26414
8245
26236
17539
18702
3067
3126
16493
5446
20915
32050
25428
5699
12260
25701
14500
17618
10999
10282
29345
6710
26357
27887
12878
18553
20114
12334
1678
19711
11115
4000
26250
4449
5004
4269
11090
3704
20533
31782
19655
9655
8670
8758
26040
9406
1400
6806
17227
10029
24310
21761
927
19126
11532
3560
1967
26999
10806
31590
15482
20102
32509
18038
32609
6349
26998
9316
8656
16408
32267
9345
20512
28780
25981
1563
24508
12187
15402
10924
18563
277
30348
30802
19822
31745
28419
16511
6259
1932
212
32498
19881
12673
21617
1254
22956
21275
16635
25737
32579
30743
26373
12463
26688
15372
26779
25800
15784
4607
25218
2319
2836
10802
2754
26373
29015
27198
6242
25118
27745
11105
22643
18618
12388
13081
5200
12630
25141
6642
11555
14340
12020
5276
4267
12312
1775
21312
27453
7717
32708
27412
15113
3624
8646
32302
10399
6658
9378
5526
18610
13356
24387
24990
11035
2726
28402
21622
23328
5680
22978
19195
13559
10685
12331
14288
13446
5669
29173
1200
8557
13850
14935
7682
15430
30301
30561
23726
20779
11825
12439
16944
21369
23569
8415
15083
26324
6814
10141
23231
31084
25051
21788
18397
21374
26780
5680
18394
16413
14908
17177
8963
13106
21647
5547
20977
4290
25111
19116
10589
31087
25723
29310
30773
16450
25396
13565
19438
28071
29322
3243
20253
29625
9919
15627
30273
30656
18314
2122
28387
21752
22471
26660
1250
15509
17772
19974
29192
5891
21951
11888
19424
2674
8646
23454
972
19090
14079
29543
11602
5531
12370
25701
32439
657
23364
20054
16335
1222
15725
16834
6931
18592
3628
8927
1268
19868
30873
13233
11631
24979
14779
2421
12258
24893
28412
28992
29982
25075
10457
2020
31677
10425
5598
2323
31414
4731
22994
6599
4654
20887
25903
4576
32401
9372
24789
2319
482
27217
510
10996
30543
14074
23157
5763
17673
20182
30979
19628
8274
10732
28202
29243
22488
25864
2326
26877
6209
17408
24785
1060
24327
10555
32182
23532
3974
9844
14120
1151
24147
2748
6532
11286
1744
4542
26707
25698
32509
6215
4293
6954
7569
31238
8283
1589
26186
31888
5091
1642
28801
27558
4777
17974
7169
19131
27116
5934
2073
16305
23695
21238
240
6884
6929
17249
22297
8297
30655
21977
21863
30360
11048
7682
18691
24007
15570
27546
20411
5465
25643
30628
24733
4600
30146
27845
17093
26910
12471
20206
26227
5594
113
1595
21601
31441
1678
4379
10067
17795
288
8626
17391
5839
24854
10875
17103
5305
9464
7730
16597
18796
19416
26353
2494
29563
29829
22681
20730
11116
32001
8819
27835
631
13877
1047
18253
32395
32740
18829
31397
6034
24798
21171
19004
6646
28534
10718
28446
4708
7733
28100
27197
9936
16592
4762
20748
185
23896
15993
18505
11438
7601
17670
8474
4881
30021
1618
19548
28187
20217
13567
6200
24864
22369
18341
27639
5396
14127
6515
30231
32335
20978
32282
158
12173
23805
19686
24494
24121
25252
10030
11866
31723
1455
32239
19896
2351
6408
6836
23095
1416
24503
12217
2867
8372
2320
13135
12487
4402
15659
2690
17379
13314
19861
18170
15518
22956
24133
31775
8909
25731
6866
28545
3284
7211
19427
10358
188
23129
24806
8965
27526
29914
16901
10754
8895
2263
32341
7291
9301
2903
10833
8787
2217
17157
648
5165
23269
3892
9874
6795
19344
8224
72
18487
29024
1142
11061
13283
3151
12311
28743
21772
32496
24601
10698
10276
29188
15
9111
24047
22089
29835
19337
6702
14482
28385
17969
1403
7196
11821
15307
13940
20256
20887
29040
13851
28069
8149
653
9085
1688
26610
20115
14994
5918
24398
28400
16997
20521
8423
18751
9844
23114
12758
4539
16218
3014
12061
20986
3755
17643
2207
18392
29216
26276
28016
12465
4596
5964
19791
21715
3725
18880
4977
26418
12639
15032
32385
3422
9486
22615
14820
9139
30930
18432
7233
4559
29472
32364
12097
17226
30599
7673
25747
6305
984
3909
7220
25714
2185
2044
24557
18671
8283
29678
30749
2445
27451
29797
15800
9468
4198
27061
19856
19292
11217
15124
211
1198
10952
20652
20181
7048
23509
29679
31760
8205
13795
2603
14954
5917
6819
23902
7862
10697
6191
26443
3964
26890
28142
21197
4349
31154
22711
10092
4722
15522
27193
21294
8341
18238
28570
1711
8546
16414
11102
6004
32031
29702
26251
23677
22682
14105
7434
14617
17586
26185
18769
18943
1816
7442
4927
26777
24663
29544
26183
30883
29458
22510
13009
13301
12429
23144
24285
26781
28272
31347
10730
23857
2503
20084
2070
20324
15180
5838
14470
16598
233
4440
6920
1585
16505
8462
2295
19569
1999
7686
13664
2179
3577
24998
22626
1298
22981
25365
10715
670
12677
30703
28481
7630
14352
3389
8397
28679
23305
27812
27103
7741
30308
25052
2206
18953
20773
21604
20702
6396
22379
10612
22088
17972
13742
564
436
29228
14661
10795
5594
9432
6699
18938
26410
13810
4610
12874
19192
3983
25688
21251
476
32501
15402
12990
8537
1968
678
31358
16572
27875
4917
27034
27975
25821
28857
17918
10639
10988
24595
7316
31779
25462
3049
26108
20846
1605
5542
25475
13535
17187
14274
18515
9543
5287
23875
743
2178
30030
21124
15042
601
27341
29493
22113
12967
23462
31139
7534
7867
25338
21305
19254
18942
5790
7751
9565
16853
29553
13571
27344
8393
25580
27086
12028
19686
5370
22712
30014
30048
3338
29253
8346
4989
14691
9074
2991
29358
26040
16115
23786
1023
20989
3007
27387
178
23161
7374
17797
8231
26139
22049
13850
25856
3857
17156
19814
17794
14743
8592
20650
13117
3341
18291
7021
17903
845
17396
18798
3494
571
25393
15580
20517
13214
30379
21705
13705
3886
1797
26589
10284
19181
21257
22343
27594
9659
16364
19961
12258
16421
7891
21
8543
30591
27541
32418
16248
30514
26819
29572
30677
29782
15590
22955
19955
18308
29959
1418
4553
22757
4213
4555
27052
4751
31170
1089
13168
19730
4367
16158
208
27213
11145
4710
13071
4743
11316
419
31200
18363
6632
4571
14724
17202
22169
13247
7218
20823
23515
7717
21179
8136
8356
11448
18542
12713
3156
5870
20025
28221
6900
4923
274
32183
5819
14981
28565
26701
2775
16343
17135
11151
21354
20569
28410
14839
28370
12160
11689
6337
29741
25474
18855
4092
21276
1549
31803
8418
16584
3384
25199
13925
30243
8378
19825
17418
9073
20313
29241
18170
15622
14502
15468
23895
1361
32488
18561
26572
30745
5462
18722
26984
31495
16009
23509
6572
30565
20272
4315
23778
16677
2310
10840
5809
28453
8705
22197
2799
2225
19404
27203
16566
11338
20344
23585
7098
5029
4463
2655
8153
6391
4521
2403
4852
8560
15394
652
28926
4357
7563
26134
26194
11123
20543
29758
17482
1665
13690
24998
9229
29061
20165
6906
11176
30249
19381
27604
10593
22127
8149
3293
31047
11251
13537
23862
26894
3185
3381
19222
3610
22406
27268
12212
16858
4539
19661
8807
14423
28863
23947
1803
25869
31988
6957
23464
8697
27693
22725
2382
19699
6583
26116
15427
20286
16278
29542
1889
17246
21776
1706
22201
11561
13936
4997
30076
30753
31236
3223
11036
12289
5736
158
13230
10134
15878
6122
6035
464
5086
1553
9815
20761
7555
17379
6361
16613
5734
9632
7852
32139
2135
8553
23230
20051
19785
23029
4919
5584
24150
16773
6308
11376
5123
26906
10325
18769
15300
20453
19971
27990
9923
18175
2231
1147
5597
15706
14054
12645
9965
2040
3553
30526
10062
31322
8301
13759
28571
25404
14509
11150
11449
16767
2377
29387
14872
17767
31177
11237
28981
29190
4674
19123
4708
29432
18997
14784
10956
31313
16052
18406
7091
15060
5062
5150
9980
21094
1293
27542
9453
14530
27046
19972
18230
1645
12113
3131
3375
10221
4306
13563
19810
20790
2967
17422
30793
17765
22682
18320
30809
18096
27785
28559
21311
17053
17189
15316
28777
3699
31208
15359
10440
18414
32234
5594
980
11831
20741
17895
17873
1811
10807
20027
13137
25691
30025
18319
11771
23980
30126
2197
3722
4703
4270
22408
24601
1980
708
23047
24733
14186
1092
14115
27315
25130
8512
8119
11420
31430
18605
12536
20613
15683
22210
25932
31244
18014
7841
1888
15617
16183
14137
23412
29033
28999
3947
29434
2249
22167
3435
24160
18593
31284
15722
12586
3638
15582
21362
3139
32660
20992
1169
8853
19924
2277
31545
27607
27803
13864
27367
31142
25315
20844
1795
8920
6398
6990
24839
30989
18391
24472
29156
15494
28028
10167
21154
16955
27353
29040
26694
39
11974
15822
1784
13287
4677
3167
20581
22403
18948
5792
20835
22668
4394
24501
8915
17767
29008
27741
4556
25832
19404
14118
4854
27683
2102
13533
1331
18046
3109
32073
1925
9227
24634
27673
26156
16917
9824
19994
25358
8697
17745
28333
23900
8759
27997
6521
7283
11721
23143
25693
16896
30132
30512
21928
10088
26844
17880
14989
10855
24092
12705
16849
11511
9366
11767
11975
19571
28232
18093
14462
5116
18657
1418
26937
11804
6354
20740
4639
22953
19111
10315
10036
9708
11928
24713
6024
14851
12891
18280
30127
11140
27965
20182
1136
10339
12913
9733
31681
30742
7592
25525
6644
6134
19938
9653
21803
30441
17027
18855
16657
5182
3753
8965
31948
1496
22205
21089
15661
10639
19528
8689
18218
1491
7176
2890
28303
7570
580
19052
27888
15196
31068
8703
9442
30662
13988
13532
9579
32524
26994
6351
438
23034
28790
1691
20747
15884
31050
19263
27391
10452
15946
24184
13288
19100
22182
17031
3476
1101
19638
4404
16443
31887
28301
23059
28593
4146
3280
13830
28896
8653
7113
13315
4982
3236
27319
792
13275
16079
25960
32172
10598
16025
5130
31239
25808
7975
19775
1045
21225
10330
20079
25702
22409
13813
11874
6266
29898
4611
24078
8252
29300
20083
11181
17612
6585
25094
31763
15489
22819
3179
11839
20527
25802
17832
23856
26021
9930
15547
29690
4986
5108
10625
18456
8714
14532
30168
11780
7611
4755
512
15365
24197
2318
2120
12104
10417
7143
25574
10035
19168
6347
16166
10998
23888
28051
27847
11619
1627
27326
28833
767
26688
2591
31628
32345
7206
3539
24190
9882
24158
2934
14579
15454
20457
14230
26258
194
28986
1384
28685
29374
14908
28346
841
30390
29591
30761
14015
7243
13616
17812
7202
30327
11758
21201
26177
14809
6340
9374
9776
5453
748
1498
25506
30912
18288
9461
5274
15939
25583
9637
14403
26973
2718
31450
6427
28838
5517
7413
31319
17809
16172
28724
13444
3722
17421
28529
1386
18241
20971
28429
5941
15173
26604
3111
727
3796
3107
7185
20904
18930
31321
12292
16975
6584
12301
274
21734
15343
31161
22621
25177
18653
25943
18311
17167
20319
15908
17769
18637
30520
30116
776
4055
7593
7654
3268
27480
8258
22793
3027
28931
18935
25087
15342
26619
5750
4753
26954
7920
16312
2723
2762
28043
18902
23738
19571
25869
287
25531
7712
29747
7783
9718
6775
604
1441
26978
23067
17901
21169
23850
1827
23029
10363
31849
17612
22285
30272
3634
16234
29571
10026
26324
30885
28343
28709
20060
9185
19396
12273
12379
9982
8035
5493
30953
4930
29965
87
17129
10899
3936
20425
15247
17642
1988
5030
24352
10756
4430
21437
29433
13147
25317
24941
24787
19028
3235
26482
22341
5818
15485
11262
21386
29035
13863
14603
30853
28497
562
24304
22274
6292
6264
17715
2879
8206
2489
32159
21419
12032
27782
19862
1261
6403
4446
8616
32552
3137
16920
24420
2174
4580
4224
2413
12499
29391
30789
27089
8915
21644
22547
13975
1590
8838
1532
25751
22338
6009
796
7311
22418
31526
4733
1650
31767
26699
14136
24323
31836
11986
24029
2979
26382
9801
13589
8295
24507
1170
31110
3182
27098
3292
14583
24690
25868
10962
20661
25500
7841
19985
11061
27293
7262
6624
250
9466
1149
15643
8377
21671
18166
1649
700
9176
27645
2256
11140
3348
11212
25628
8626
2443
13218
1575
31528
31145
15372
30686
17771
31723
21603
2752
19787
9714
1942
31381
2503
21462
15913
22364
11819
444
382
19333
10107
25515
1108
4704
2324
12187
5261
13014
11409
19919
23092
21079
2284
25445
1982
13331
1253
27436
24464
14445
18600
20661
12994
28844
21162
16813
15651
6900
21460
10601
637
6774
5859
2755
4378
16355
30479
11301
19846
30246
10730
18915
11159
10066
24716
17102
30891
28121
1005
29446
6961
26112
4242
12559
27499
13199
21868
8487
2417
4045
6653
21207
21626
29611
28604
23753
26455
12864
12987
27353
15936
6005
32135
29294
27091
24322
5199
267
29530
6041
2889
22817
22093
18016
11346
20776
13080
24229
24533
10477
7965
25038
7405
18734
13821
15246
9422
8548
20499
11871
3425
6112
578
25644
24366
16409
19185
30541
19071
19269
4179
1977
14274
26406
21484
12407
14128
32551
16209
29014
5036
5031
28207
24798
3310
7061
6542
14982
31968
9277
2135
7464
27720
9057
26900
3505
23208
12172
30968
4637
15714
4771
7199
30883
31264
27325
19222
7980
24691
19764
31134
20234
26299
8189
23213
231
11846
7476
9654
7419
4796
13563
16682
2947
18618
16773
30271
10606
20413
16750
4592
30041
15170
3150
5957
2237
5931
13709
26324
12647
27493
4473
32648
16169
8904
4245
15521
22992
22846
25908
13564
29525
21800
10055
8085
10840
12285
27252
24906
12489
29236
31336
10210
2793
9829
12653
13901
14961
10155
7487
17965
10768
12108
26139
8854
27931
26012
11290
24594
10113
31262
20157
21993
12797
1773
21193
15519
20111
17242
23125
5565
300
18903
25377
16597
24757
29972
16169
25024
29734
6247
31610
31786
28688
6001
10565
26705
26697
8447
15666
1289
18913
4398
30966
19204
12633
16083
4904
9552
28944
14361
4432
13089
23550
12908
2114
22225
10404
12694
13994
13861
67
10792
11751
4050
3661
8988
32029
2623
9241
6840
4741
24461
17626
12982
18184
2773
11730
26529
18445
23216
11971
22402
21391
3325
26279
23484
31346
22494
14496
31285
23831
1028
3378
29110
5678
31789
13232
26005
18379
30186
30708
27793
32444
6054
16467
1789
24603
16356
18385
16417
21791
20936
18576
32477
10551
10969
10895
18831
20058
9733
2705
311
15256
20454
11610
22489
6646
12355
13089
1571
13176
19674
8003
1104
22655
18780
2101
19020
12117
18618
956
23321
8711
29599
9056
8049
24179
18493
5406
21421
7329
5965
15453
3301
8023
21073
22307
6489
8935
3869
905
16399
11852
25749
14700
9150
31349
1208
3174
19691
25569
14302
18940
8018
6764
7485
18457
16007
873
21682
30652
9693
496
30143
4077
30599
6521
30672
25845
18173
7850
28610
16334
25250
27246
18085
18905
24739
17223
19905
24783
29474
28901
21464
26362
18324
11767
8107
25509
30055
27713
29631
2001
16360
7919
32609
27433
12133
32553
24808
5432
17806
32487
7482
9946
20769
24071
12434
14320
9415
5533
7296
15704
13625
3466
5937
2845
25254
20560
16368
18154
29017
12580
31981
24261
30103
6213
26173
22521
14022
27021
25123
2644
19925
14661
22158
7059
727
17214
5090
20251
11761
22557
23803
32234
8055
13559
12400
19148
21330
31006
14100
26322
29605
11834
31683
31232
28336
5787
20571
1094
9204
13773
1032
19122
27799
18285
20165
9443
779
6204
5663
16065
3563
30066
28476
8811
21029
9813
541
7793
20574
9225
12832
23620
20882
938
12233
15082
9979
18072
22465
16886
8501
1298
799
16568
671
9991
11495
28081
28932
7976
4304
6729
10875
23618
10059
20165
395
25803
8896
25203
25747
20667
21019
25639
29801
5533
3207
26347
28226
22757
2681
1779
27858
15492
20465
15055
17588
22970
3069
17636
11
24107
4478
22813
15722
32566
19758
19166
30193
14210
23778
22330
28345
729
11277
24421
22899
3130
14726
10092
26699
553
27275
27939
22803
1354
3845
27487
15261
25902
31501
7526
30568
8045
22960
22180
21631
21749
7407
672
2975
10657
12042
8494
8600
16910
18687
21221
4597
21418
4685
2515
3295
31501
28157
12912
19519
19597
6371
26833
17443
21260
32034
3614
12899
28949
24302
21062
20868
22568
18070
1521
13020
2641
19393
18615
1015
6655
9719
26511
17210
7188
9828
32650
10182
57
32473
14529
16544
17268
31252
11659
3854
12540
2369
20980
8260
9548
19137
28523
27199
1910
28201
2235
28658
27834
6542
14909
28832
6743
13312
27211
9865
22945
14676
24055
22728
21076
31527
1533
17532
24360
29471
6135
8486
4261
2676
18384
17490
21049
31407
13691
10362
25992
11186
25317
23335
10243
13049
17960
5721
22204
22559
19457
2345
17528
17060
24196
5037
13830
13549
17422
31260
22736
30860
27260
21298
1968
24514
29338
13782
20997
66
4062
27131
30981
2872
4183
8388
22357
26250
8416
30699
26327
27486
8601
19555
22723
28124
7832
8252
29689
29237
16603
6088
11669
13028
19329
20988
12228
23604
31034
8216
17111
8450
19965
24715
19606
3268
12537
272
22999
14026
25293
27678
26191
15044
9211
25983
22183
6789
8090
6718
22738
27910
28236
26567
7839
32430
17776
7754
9866
18128
9881
16992
1752
22134
9022
4593
28387
9309
2227
20565
21170
23104
2135
7609
29900
1881
12304
24005
16974
23590
18164
29052
13628
21353
25161
18531
12565
27762
18096
3301
3498
23200
27037
28662
17455
20006
9994
22519
29331
14859
32621
30425
10509
15221
29159
2950
13816
1574
18110
21116
25568
31303
24077
27067
24029
18276
22202
11234
11807
16569
8617
18069
2763
18092
21807
4129
25862
27034
21706
24675
28238
10710
8463
28902
2065
30959
25571
2123
20856
24626
3310
29934
18308
28784
4685
6854
11101
24322
10631
6285
8935
29705
3267
18465
18325
11770
8248
7723
6018
15963
3044
11518
31934
17351
7553
20162
24293
25912
1717
15057
29431
12934
19337
2657
15715
28202
29980
28772
31333
9288
23705
10412
24722
13037
8806
25171
29106
10133
9630
10586
19917
5616
4034
5008
15497
19429
18603
13493
24755
1752
26307
7648
18971
3624
28533
27678
22949
22268
31714
10844
11165
5440
5590
2695
31819
24042
24826
14833
15047
16002
25675
21751
15887
28129
1994
15841
20567
31289
6773
23305
1184
6229
29815
64
2700
30754
2460
1901
29809
17007
7
23671
9132
9201
7975
101
20280
2442
10983
18372
22655
29130
32549
22601
25199
30647
32614
10680
24273
31433
11976
3588
1494
2105
1080
1208
27635
27004
20196
23957
10735
31754
16115
28285
19259
13923
26228
24720
30337
32340
18069
22676
1151
13430
15638
32410
30998
6393
26109
10462
4766
28063
17802
11760
25469
30987
20077
8721
10744
20284
6199
992
23113
853
23055
7222
3825
9887
32166
5454
21327
14544
24173
3369
31858
28046
2309
10032
1068
27439
3830
24860
6759
26307
17061
12051
24764
16724
28544
8979
1090
2668
25212
9108
10660
3032
22209
30057
24439
17068
6819
7400
2762
27015
213
23114
510
30744
29145
17749
18904
15329
12731
19512
10452
28219
11775
6582
1212
27547
26584
9862
15994
28691
20123
31226
43
32028
7794
24032
12660
19602
5973
2470
1561
29952
8246
2241
23243
8990
10876
24654
21570
3224
27059
14330
29836
17
13186
2592
6821
13928
7133
7986
8263
18746
8571
22618
2563
29352
32395
3425
32145
31322
29091
463
29285
29635
4857
13652
20610
12711
2517
4966
29075
4827
13894
17964
14392
3149
8981
12443
12702
5188
21495
21471
30034
21224
17414
9212
14167
15364
10354
4021
16502
30219
19316
16301
16597
12889
4996
20684
12491
23228
2764
3556
13299
14387
31452
27796
12927
30453
28831
20845
7375
11189
15502
24404
3395
15909
17187
22055
15437
23737
12689
17572
31434
23981
27314
4486
9874
12617
16449
8176
19789
18788
19529
4879
29065
6695
32477
29948
9738
6163
13322
17631
29537
22341
26122
12378
15297
12281
20410
31781
4365
3150
4943
24565
12597
17225
14660
22947
7363
9499
7062
15242
31665
7335
4404
31281
17534
2623
28081
32042
22913
15278
10557
30521
4220
9596
17619
2489
22644
16749
16052
14140
29120
13899
11027
26994
27745
11493
17682
3660
24721
30296
3053
4192
5534
26509
16501
11920
2809
3587
22209
30438
6026
8655
12320
26819
4935
22753
12625
569
16133
32648
2295
15541
24206
31289
14919
15585
14579
5260
16388
14792
29476
16775
23469
24380
30909
12575
25845
12148
26403
24316
11635
10234
11984
32381
19611
11717
24299
26620
26605
1185
20252
27475
19308
21976
7070
11166
26194
2571
10134
26691
2
31329
6563
22320
14654
15588
1718
29796
11674
4135
16164
27313
18736
10796
29177
31168
9878
28294
6800
32085
2317
20411
27744
31188
18171
24556
12569
20997
14492
21688
19696
2580
32500
605
23862
15324
14088
4640
9520
8292
27981
30704
15651
21162
25953
27462
14254
12192
2553
26447
12636
30581
6427
30285
32378
5141
24717
19515
27430
10483
7821
29871
16809
20486
23234
6149
2823
10257
19315
7098
15828
6184
6903
8726
20296
27760
8556
11534
23190
12326
26284
26728
21114
26851
125
24352
28945
5918
8456
8203
23022
8178
27021
5562
8810
1057
21844
5537
13371
2138
20711
27256
15945
12983
20862
24034
10173
16778
187
1357
14682
32601
20631
22041
28944
6183
2973
17660
13262
21493
13654
29861
20889
23177
20228
14239
4059
25710
21650
27001
11773
32060
1484
25380
6199
15130
20428
3740
15527
3968
27316
24010
13985
5442
32675
10410
17479
32714
27361
13993
14937
4004
28253
30545
27214
12353
26714
11815
11939
8948
25189
5588
4467
23361
3210
16004
16712
28759
30919
11148
18481
18395
10945
29775
14612
24039
20406
27746
18246
20051
12979
5870
31833
819
16647
26966
53
11424
13047
8474
10090
26044
11443
12540
15301
10992
27529
2401
13090
1400
21337
16377
18560
4130
28745
23202
11099
14674
16569
16778
14646
26186
23418
7316
30071
23464
17978
8190
13175
3888
4163
3136
9946
18124
1382
25911
19996
10449
3377
9346
27501
8580
2665
27437
32703
16861
20148
30348
31773
31627
30357
23658
7486
24119
16797
21092
9562
14861
15072
1167
26684
19321
17831
16225
23961
21550
25188
28878
11680
17773
16363
17585
27602
24452
27870
24686
29716
27285
15721
469
7682
27800
14640
1354
14983
163
9606
5923
4010
13161
32736
5202
18091
2306
31881
24132
79
4074
23959
9737
888
9547
13853
29364
14840
20095
28066
26373
28583
19408
6098
2629
1972
18563
29812
6258
7224
19478
11164
7580
15377
20677
6690
24719
15085
9043
16978
24754
18341
28678
13541
27439
15565
8436
1585
2900
24457
29053
9116
23098
161
23321
7510
29092
13272
16212
14408
1577
4474
29462
23623
27798
13877
3880
12942
3726
29993
10740
2155
4723
28738
24204
19000
14986
2758
17646
10893
16217
27178
16263
18868
10580
31018
16885
29021
28089
8473
29969
14483
21177
11637
23597
9199
24280
3518
24474
5644
22422
27016
24686
9274
4943
15056
14723
9079
8800
25228
20931
411
5003
27525
9123
16082
22429
28521
24046
6991
2125
21020
452
19775
5736
18256
8674
21244
9003
22101
10020
13700
2288
20530
15943
20265
22286
27636
21236
27274
17658
32070
15354
19905
24754
31042
31964
1502
31835
15751
16523
1685
7976
19852
29044
29235
32127
31284
4797
7638
15447
10146
16076
9694
997
9550
28426
9887
9591
19544
28902
27992
22688
22557
11292
13673
21397
11529
7735
17856
17111
428
12116
661
25618
7695
17450
18263
18501
9544
12615
7398
292
7500
29596
8194
15803
10501
21052
11268
6739
10404
19809
7627
10137
13369
32432
17146
27901
9344
20158
18785
27225
7678
9170
17080
23763
21069
28141
4243
19204
27573
13319
19602
7258
22268
1692
216
16314
24446
31591
17599
9578
20864
5742
4554
4143
5825
17470
25820
434
338
18808
32679
17960
14504
19340
24166
25394
31984
22213
13775
28162
13474
1414
3395
3264
30809
11475
18761
10028
4322
12818
14906
2692
7058
28179
830
1192
18653
16719
28022
14972
26917
15725
31611
15758
15312
2059
20744
9465
13469
23226
17139
11657
11064
17482
9058
9503
10508
3913
7739
9559
18776
29126
14812
24937
24453
27226
20493
2893
22455
28266
4914
5155
1442
19878
29638
19409
21919
28373
31236
9198
5118
18901
26599
6623
16030
17117
14165
3135
5308
19206
18583
32645
22793
27146
21773
5600
31231
5451
31264
15974
5236
30743
28791
24430
1136
4394
17262
58
30780
18804
7364
13786
14779
26653
30867
22348
8701
1991
21894
15592
27410
28947
13638
3836
21532
32358
309
26547
19368
27885
10079
19515
5183
16094
942
16678
5943
4865
26973
32273
22991
5488
24750
1156
18556
28059
27872
7706
19581
19854
28251
1506
24501
1655
29999
16644
4794
18018
6076
27304
14634
25416
8626
30483
12350
22344
12093
12819
29601
21044
2169
31902
29826
1103
20780
3510
26344
1621
24756
14991
31045
700
22078
2548
10831
1082
15673
5863
12555
3463
22027
1672
11050
24164
22274
5432
1433
2524
14733
32509
21332
16842
26540
18216
1659
31643
23973
9014
16295
21077
5113
3317
10110
18904
17814
16360
1669
22373
26190
9707
3894
21340
23944
30490
3667
14410
22837
4336
30073
21282
19718
18604
29688
18635
29148
15609
4578
5339
22913
27341
354
26019
27285
2450
6735
31083
22731
29316
13313
24830
27989
5978
20836
19306
13212
19496
21322
16129
24117
26756
9478
25507
30736
1000
5942
16960
13811
20823
23776
7576
31783
24131
24257
18501
27762
14511
22753
7164
4165
16529
30315
30224
29493
10362
24508
23863
16815
27000
28346
13457
16360
11836
32103
8166
11540
31096
694
32048
26328
2955
29085
5977
24833
19296
3691
30277
17782
13971
11868
28691
20587
7382
5482
24480
15576
10900
26215
9293
21802
1748
22857
20227
31800
2143
11205
8308
17016
17957
31
15523
23411
1757
7744
14246
1910
21484
19209
24490
17803
13192
10727
26681
24999
19997
23719
23224
13093
751
21900
28724
8051
12290
3999
14430
13580
12599
8519
12755
29350
23223
23833
14241
3756
29332
29937
26631
21230
28078
21314
26749
24728
29652
7850
10996
28768
28460
7114
6239
25348
10965
24916
17522
13812
17610
4709
3754
12363
30474
4886
21645
23556
31734
27470
6451
8043
4602
19418
17925
2769
25199
27071
26821
11908
20416
9166
4815
3327
28364
9850
15774
32093
12172
487
22673
4628
30966
26179
25583
22495
15393
31321
15658
252
17065
99
96
20632
15445
15648
8999
23176
20471
21799
11402
27449
13204
5243
11855
11242
4037
21599
25468
22296
12893
29548
6169
4410
21580
5088
15926
14767
30404
5177
21552
18421
7066
30211
49
2331
23790
9966
1270
20857
10254
24611
29653
30366
8088
4056
16382
9610
26847
290
5889
26910
26768
13835
8848
29904
12950
10213
6022
1955
12602
25054
13865
31575
18319
10708
8108
21468
29453
11114
9465
25357
12412
22875
29357
21659
10260
30990
15971
13895
25826
3179
22837
20565
7021
3566
19328
25149
17306
13049
24040
6051
2509
10351
13212
18825
23377
32126
23003
24516
4602
12476
28856
26284
776
4982
20762
11544
30031
30532
21510
32394
17045
23009
7969
19878
10300
826
6768
25321
2849
18885
29539
25495
12995
28948
20754
17653
16296
22186
7622
32697
24828
24845
2491
6079
3452
25885
11044
19453
17298
30115
24432
697
5313
20781
20940
17913
68
25114
19177
25660
24818
1265
11775
2407
29285
2295
18194
25602
12635
7936
20084
10916
7004
10885
17803
5548
4510
10487
4308
8498
25381
9043
29480
11070
16942
24055
20030
16951
10446
15028
19570
14238
28887
292
22468
19196
8955
317
548
280
16692
17447
17133
31598
4195
16203
11695
25565
9527
15789
1585
16544
14416
29563
21942
17535
1444
28646
25984
28486
15138
24880
17043
4727
14998
24326
11963
3644
13005
12049
8912
23199
21497
14280
17977
12541
9046
5512
32687
27064
12814
1510
835
25133
15195
7492
419
32486
28139
31394
23705
7696
25736
28087
1236
3631
4600
17216
25835
23824
9250
11161
32159
4863
8819
28554
5985
11835
19328
26467
11540
29351
30189
26699
29715
25026
30861
7125
9590
28377
24010
30164
27793
17276
26184
15473
7870
10286
7877
22138
8285
25952
3396
21501
6936
12449
14698
25878
26988
31247
5160
13061
23396
11793
666
20355
14504
16200
4143
11863
9143
3266
3083
23844
17009
30833
5545
28037
20440
16860
23749
17755
31511
30997
6265
18790
14276
7659
31142
5651
25442
16224
7317
14997
25642
12126
15838
10807
9483
7845
13961
22513
4847
13576
884
12345
32576
31193
23540
25883
2986
8354
7103
16524
803
3605
1034
28924
17449
10566
6126
1066
8267
19736
6160
1084
21739
28149
24961
27407
322
18371
13283
24524
15781
10259
8910
29372
14342
10395
13938
19293
31165
28134
32637
31925
14985
15946
8767
29670
25809
1307
7435
13571
12080
5662
19937
23074
28465
17728
31563
2226
2391
9864
25733
20751
8801
2635
7392
11348
30155
2463
13928
3185
30104
14097
32709
12925
5967
18331
22879
16205
29252
18384
26054
12869
4888
12634
6480
19054
10371
29862
27908
32201
27985
19166
14518
31459
29611
25624
30836
26794
13720
17869
289
22655
3780
28044
26720
7820
895
3055
9140
1112
30984
27599
8933
2456
17164
22964
27045
10057
10858
8079
27763
18683
20793
26796
13504
28784
6156
8674
4176
14181
26740
10765
20452
9136
2247
26302
22806
395
23840
4400
3972
14384
14759
20350
22832
19622
10771
28180
16935
1754
21101
19811
865
27889
19734
22490
28905
2269
10763
5137
4925
11310
29544
10055
28664
9771
23339
23566
17838
8226
30267
325
16152
5116
10409
13639
24945
4372
10037
29026
14879
17226
12820
27019
3990
28755
27888
5199
6522
24403
30769
28429
1027
24237
12155
21091
17062
23577
12663
27366
30194
17144
5335
10774
26808
5349
28308
17297
26734
28813
3450
2694
31957
31424
3815
17261
17114
24008
12496
15861
28346
21241
1284
19262
14698
27273
27061
25673
15670
1442
27444
5293
1448
14006
29436
32139
22187
31763
26610
1219
28400
2231
9195
1128
18833
3941
25199
3698
8949
17400
3261
6323
17651
1784
1806
9485
24122
28523
25374
14817
26864
9965
7145
16074
25753
19459
16050
4492
26427
20141
9546
26439
18879
31546
9615
19953
29595
10080
23091
25090
2478
13708
26815
3185
1131
25207
26839
23776
28986
4346
20671
21524
25371
2083
2846
12967
22157
22408
6658
8193
3246
21979
27429
15748
8611
28095
16751
31239
25146
11482
22459
14726
9422
18732
8414
9495
10604
4255
18661
14112
17715
30431
23455
22472
23809
13675
13404
7595
29516
12781
6899
1746
19789
7879
12810
15842
29540
2542
6801
16275
4280
19963
28816
29796
30238
6527
1315
4750
17468
151
31170
23606
238
19649
8390
3558
7144
32494
18217
4414
9885
14297
19342
18407
17248
31382
9857
713
4041
32110
18431
31102
3675
31978
28217
22022
21347
17710
22933
10428
31011
25992
502
22664
7984
16969
12605
25431
31001
30932
10000
712
12361
18932
10714
2344
7471
32371
10514
2721
7068
31208
21697
9902
32364
28624
20030
1490
26216
28384
22076
24458
107
13978
7175
7296
28356
2847
4619
26881
25052
31556
27542
19377
9241
19687
10207
5246
7425
900
20038
14290
4003
13571
16349
27149
6194
8404
16936
3890
11508
15678
10017
21216
9818
12020
13951
31877
4721
24298
15416
21454
22393
8806
24645
10594
27090
10586
11173
22479
6432
9969
24228
20676
14503
26728
31837
2690
9975
19999
12158
24973
30926
23280
27723
17063
19258
19903
29670
12542
254
31058
7373
31909
28471
20067
1188
15681
15679
19444
3893
25861
31698
18915
22197
32736
14191
20926
29000
29428
2561
31192
12232
20555
28607
30365
14786
4805
25425
22050
10946
22101
1332
6657
5329
24685
21087
9059
3131
3255
11815
9566
8342
29190
17248
4482
26367
21388
197
12974
31143
12877
13466
27176
4239
4819
2959
17133
6031
19236
30440
20294
26013
27889
15835
1180
31052
8208
15929
2445
24211
301
8273
10816
8656
22716
530
26357
29708
15921
23919
20704
25729
31604
11784
10551
21337
17551
6662
30346
441
6058
8774
1107
25342
22842
7611
206
4935
117
1037
11530
5939
26633
19334
21312
18668
5901
24111
30565
5732
5688
27190
30203
29918
9553
4499
1324
11697
25830
15595
19481
26696
18497
5557
1136
5486
25496
27547
23100
8136
27268
2339
32258
1443
29364
15246
7433
16369
20195
4609
13305
6797
5639
6114
28584
25031
10956
3717
4144
2332
22336
27144
581
12101
20688
5499
8901
9076
14451
16964
24721
20442
27429
18114
12444
11628
13975
20529
2113
9447
17957
27598
20954
273
23560
11067
3982
22082
10957
26660
8298
804
25349
27427
23475
11959
18751
31201
30331
26520
26675
4223
26483
18562
13120
18996
15616
17941
11545
15671
6545
2518
26299
19935
18991
32376
27298
15624
11094
29018
26684
30138
20483
27984
13214
24069
7950
12966
28022
12079
23226
28770
26432
6418
18059
8906
6077
13503
24407
15142
13217
2663
22944
29895
16012
11900
23073
31560
10300
14867
7335
17940
18945
8845
32034
19752
22641
13430
5884
31515
7516
13741
28329
91
3587
29381
22912
27577
4484
15276
6089
11304
2969
5002
21783
24513
32642
6124
728
5131
24384
25378
16682
23418
23300
28133
18928
23605
17639
13374
4645
15388
23771
8611
5489
3594
6370
2146
32762
9303
15742
10307
10877
27810
23144
2152
7325
14541
32644
10361
2427
6472
15893
19710
31366
11411
18990
27404
7317
2046
20585
30500
25395
7604
21466
7000
30265
17399
10310
6319
7587
16813
23697
22475
8092
1052
10614
27849
17627
25074
14459
4713
30514
3976
22307
24687
11876
10343
27237
16713
7992
29196
13917
27377
24779
15336
20034
24341
31786
171
16536
13942
6688
11458
21414
15246
17229
11806
26155
6261
26232
12600
18509
7173
6439
12114
8402
23101
18028
12799
12946
11235
16385
28645
5676
20845
26007
9922
15353
15650
22124
22189
19006
18557
24860
17055
11174
22738
9657
23089
25071
14131
7709
28839
28899
8085
127
25902
30090
19247
12357
8290
15774
31267
12569
2835
29503
16480
20543
25161
12520
6599
30758
3205
4514
2445
25149
21578
4471
18656
6919
11228
21034
18637
3186
24136
6181
2913
613
20900
5043
6158
23960
16024
19055
3921
26792
286
13565
8594
875
26245
25847
27980
6273
7356
18218
2157
4395
9933
22019
14592
15200
31400
20548
8457
22046
11298
18427
25008
14335
18749
7605
31138
17420
19370
15343
25269
8405
17292
9933
13003
26050
8063
13327
17400
12964
13785
32576
10215
25999
29488
28208
27257
25324
21020
22949
26544
9162
61
11854
14540
32373
21632
6648
31923
23882
31391
6404
32662
22473
30695
30745
1490
25068
27966
7702
15892
1463
14948
12875
7873
23313
26233
29416
12949
12754
29120
20405
6282
8733
29858
7428
15099
30448
12278
29413
521
9977
29311
3224
1342
20396
30646
15432
112
26258
9162
18166
4072
5348
16614
15539
30660
29016
8626
8466
31386
3131
19740
30685
862
448
5976
2567
9862
1688
19493
30434
15979
8898
20051
26002
9971
3749
20610
27330
23661
26204
2860
30357
444
10065
5094
24287
4536
11277
14818
22934
16337
6734
3001
31619
19446
30554
27239
3901
19893
22164
19863
22616
15011
22093
7458
5850
11262
24284
17362
24302
10129
22513
24427
6365
28632
18470
12780
15673
8037
4823
14354
8540
4994
18484
2334
26641
27160
15252
25560
27280
5839
21517
3284
11696
21367
19265
25076
14168
28583
20090
18222
22582
17315
13818
20623
15796
19075
18060
19840
24616
10130
12639
6473
8523
6901
17940
21715
12013
10637
2838
28082
32231
31774
12330
5730
29008
14768
3911
5073
500
24885
12199
1054
31233
26221
32542
673
6404
5639
13739
19755
13332
1289
5965
20111
9805
3953
2071
12897
9601
10780
9863
26109
20265
3048
24596
10955
418
29206
13318
7618
21910
1010
6282
22571
19384
6581
13830
3496
692
27306
27818
19316
2405
26256
22600
15596
8521
15936
18021
6479
1331
24463
21136
7874
2112
26742
7410
16023
8460
21872
20263
24270
13606
28452
25420
21724
14529
15172
24921
32172
30380
29877
1713
5860
5252
20208
3064
15721
10024
2216
32037
13605
27501
4525
22488
24072
30483
18448
25581
31308
30200
4232
31313
10750
18316
19988
11796
16314
4229
31970
3008
21174
5332
29808
25322
12801
28119
5361
19974
7437
28880
25586
27776
25964
22934
23613
776
24023
3466
29949
30253
14964
2765
9252
21293
18009
22448
24586
23307
4684
1644
25686
17379
204
8468
15906
9339
21334
4551
25434
15898
7393
23338
22885
6301
15787
13589
12040
9415
19511
24973
19847
22745
3990
19955
25869
31586
28391
21626
30797
4185
31258
12767
19306
7273
28665
852
14868
12940
25960
24765
14581
32731
29163
26398
1611
18853
1386
18260
19926
4542
19249
11524
17396
21785
15931
4562
31755
6297
21168
20691
32295
14373
22700
3652
24548
11259
31810
18300
25743
14406
1729
7967
26760
15090
17717
14741
7146
3007
14385
15802
20590
8852
28876
19927
24205
30743
16106
3282
26085
21626
5309
929
27870
151
17291
31492
9101
3392
30129
7540
19929
9424
2536
30038
6364
6918
13255
7029
24460
12052
1417
10671
8858
13298
18193
17903
14234
4856
15915
22875
29541
23724
19477
18382
21435
23513
1086
15240
27693
24289
8269
22820
6714
11091
30053
28619
17593
20416
20135
31144
10871
18379
20729
155
1056
9856
19462
15154
32099
15079
7302
30165
18769
25304
960
7232
22022
16
6221
30519
25484
17285
13342
29300
508
17143
961
32485
15078
3272
6879
25876
27123
11789
12810
7143
2249
24293
29109
30601
29231
18698
28292
17576
24690
7333
15047
9185
11015
26471
12609
14712
1905
25045
23853
1357
20838
9955
9091
30475
7725
2501
4471
4771
8010
32258
29762
14585
6237
17866
7718
26844
27720
23177
31916
3132
1424
17340
25649
9623
7686
20484
13472
29109
10662
25720
15233
20885
26815
22080
30515
4263
25940
608
8053
23356
24514
6097
5932
31034
28324
18390
11104
8468
22004
20621
17287
30457
22899
5572
26374
3148
3658
15375
15349
29525
28657
31255
25378
15158
15440
5173
21849
26656
23332
13888
9699
15302
21669
8099
20045
25106
7014
21938
26475
22039
11644
20542
29595
4936
20706
21606
7758
26343
28444
29105
5317
30144
21531
21850
23577
18966
21601
26603
18558
32222
7781
26893
31176
21803
15161
32159
303
23786
618
25605
5199
25039
1320
17091
29043
21391
13478
17738
22802
26704
18372
31505
16538
5213
9196
11496
8813
10783
19769
7306
3881
13897
8671
25201
25645
27730
25799
24046
19289
14120
23417
27512
26644
16931
831
21829
21908
3639
8583
12823
23130
26479
13194
9817
29947
20118
299
15210
9766
11063
22306
16697
7139
22985
11353
28178
8729
27171
13974
12471
31827
8758
12891
26803
3267
6394
25099
30955
27784
32169
2125
26742
22828
24364
25013
1454
7025
2002
24994
16263
19277
16712
13922
10528
5427
5318
22685
23448
25748
23430
10736
10787
6054
13178
26328
23645
8292
11326
28626
25310
14038
16460
11712
14862
146
28271
5519
28474
20867
1914
3863
31720
27113
1081
17218
27496
21921
30632
5489
32428
20647
29027
19483
16986
21721
25694
11447
19230
13565
26070
3805
3141
26886
22663
10920
31880
28563
22560
9822
32037
26809
30964
10067
14133
19970
12274
27146
25401
27573
30423
9630
12022
32600
162
15968
13699
8052
4680
3010
15776
20632
21418
13684
12873
27552
11460
27596
2443
14647
807
32619
3479
26267
27561
7198
15381
14241
9307
11010
12218
6648
27323
8172
18461
32177
555
13831
966
5887
32418
24511
16520
27964
10146
28126
22034
23341
1898
12789
16064
25735
31340
8190
17079
1202
21249
13119
22832
23244
25948
6770
13332
22257
4028
28450
10698
19642
4838
31832
29004
3843
20179
22647
25729
30962
14246
22117
15559
2101
5857
4587
32206
27786
27863
7007
685
12421
1637
1664
24879
24462
6877
24737
5998
19753
1603
21002
14244
24954
29628
28315
1597
3848
3139
31154
15921
21953
32158
8527
28560
30526
28048
29814
11359
16457
11601
6357
30626
2972
16699
935
10938
25068
4294
14808
17649
23334
21174
23402
22868
9465
2451
32279
3777
21140
9306
6968
26176
22961
6002
5349
15254
24786
481
5726
13336
17098
12992
21417
4030
27520
8940
27773
4216
29168
14079
30303
27589
4978
23935
29195
31361
29759
23893
12309
6910
18737
26752
26832
31063
20170
18186
2927
12801
12664
11835
2154
675
19223
6158
6948
32040
22968
12001
22218
28946
5025
8560
31358
32529
15509
29444
20661
2772
8277
7144
7645
32543
5734
3613
25156
6174
29461
29262
29493
10233
2489
12550
12132
2472
9272
7201
21131
13833
5068
19585
11350
12079
16135
2050
15997
13821
20757
17327
1583
32244
28226
5686
29879
21322
4539
11929
23386
26428
30873
8999
20094
13989
15899
11435
17426
16078
3379
8675
28969
29832
2885
18227
10984
12664
24619
18075
20131
2995
32636
25575
30019
19339
5902
16677
30187
29608
18105
18268
31707
3930
1374
1915
13204
15149
22312
10128
21308
7102
14610
12346
581
14030
26026
20065
25674
25237
22292
23844
19257
16216
10833
19475
21687
28478
18370
13727
30400
96
29927
14798
16270
15647
13165
28980
19645
22202
4456
3102
15788
7712
20189
29200
9510
16130
31875
30066
15938
12589
30666
28550
26759
21527
26653
22685
12116
26807
8548
12427
24703
23962
4046
19288
30269
8500
4301
22072
22594
28276
23906
10429
14377
18331
27034
13900
3349
4941
23897
13262
29337
4072
2646
17831
28373
4374
871
18924
25570
15262
14591
4816
12401
13184
16116
9568
17326
28736
8070
20593
10347
11138
24478
12246
19322
7639
6227
28630
346
32215
18866
25821
3863
30064
19135
19313
14955
381
31415
17512
9513
28570
6040
24920
30683
28215
24035
21840
8106
25324
21921
7621
9087
31500
28836
14287
21608
10877
24079
13718
23869
3271
14105
18438
30083
23658
26893
4299
15248
29813
149
20601
31216
4180
14905
17674
23560
15850
31779
19598
22009
13792
7461
8222
17352
3644
7421
15122
955
31541
12759
17012
4102
4677
20243
180
23462
17281
2377
18844
30350
32038
31626
23175
15617
11636
4585
2766
5695
5823
23866
24708
1635
10691
21530
23907
6028
23096
9520
6149
24123
8614
32434
30040
7420
9339
28458
5708
19273
11611
17274
19918
939
29367
1565
13050
7458
23201
945
9100
29639
12510
30898
19096
9392
829
19593
32636
16660
6184
32197
4370
15535
13177
9128
20778
7016
7567
10469
29751
8754
8352
9128
6472
3888
28752
28375
3642
7452
12163
26775
9260
21993
2160
31251
10292
30887
2808
19577
21584
30376
17717
20292
19616
19425
19029
29633
31954
13970
7081
16844
27101
4650
10233
10715
19442
22885
21787
14399
1199
5047
18371
3494
17815
12781
23965
16611
31423
7698
3481
3570
19913
655
8839
30262
21782
3223
995
13830
17208
11714
242
13160
10918
8440
21006
18972
10676
13969
17469
6365
4802
11194
17161
13283
25779
4379
13452
24748
10145
1207
23499
16124
462
17171
13637
803
6366
21402
459
9598
4932
21568
29585
11072
19963
10342
12678
27762
6774
3837
9441
31545
6361
25583
17660
4184
617
4282
21862
8437
30785
28766
18996
416
10824
10874
18071
14993
27231
18866
27060
28977
32735
4435
23983
2781
20290
22074
23817
27878
10784
24306
8749
32220
23390
3868
30021
19468
17314
25108
19538
32071
6665
30929
12668
27621
9501
16141
25510
5386
1
27558
25926
15400
16367
24645
28020
26565
3557
11325
28481
7039
2202
14006
11081
29517
695
21514
32652
1031
28996
19055
27001
9513
7776
2519
28236
2004
29750
6932
23962
16149
29740
2624
8746
7530
11869
20572
5383
2946
19786
55
1747
15429
2508
14993
29534
25108
6990
11649
4984
18770
30776
8980
16643
31779
