2989
22589
21351
28167
11715
25580
13509
11754
28255
7302
10731
18138
15012
29108
32432
17637
24508
26626
8509
10779
12739
13365
8211
1162
6624
8414
18768
8300
20405
29231
20269
10910
16890
15374
5580
22356
29284
24168
3633
24844
18636
7112
17038
29632
8589
32296
30659
22624
6958
32263
2085
29823
26433
8123
23422
29261
8842
31497
8278
9413
30820
24819
10865
31783
5473
5073
6809
7849
11569
17827
13214
31081
6085
20646
154
23975
18867
24101
12409
32305
11229
28562
19129
24862
5710
32213
8559
6591
29284
8932
9355
24275
18484
404
31324
20730
15146
24495
343
1389
