2979
23112
526
21513
13539
13800
4172
20536
11488
25747
11175
18006
14131
12237
31391
31158
9590
4118
3017
5741
11260
32458
28703
12886
28351
8006
20378
24409
23194
844
11267
13036
7865
3753
17926
26329
23117
15892
22664
30530
21124
21850
7738
25059
17592
14520
21870
27288
10471
30088
13866
2335
30819
15905
3707
25630
19658
23800
30988
32104
27449
25355
25079
29564
4029
5503
19931
31823
3338
24199
5935
32075
5232
17801
5590
25751
14858
12924
25843
10137
2361
149
15102
2745
15696
9250
2072
5736
29329
26550
20123
23905
25433
1158
27126
30767
1431
6675
14264
23024
7298
18697
22250
25176
4748
30055
29090
20729
12177
29665
17621
32193
32597
9859
23149
31428
31789
19606
10651
827
20988
2503
4463
23501
19809
26758
24998
2062
19247
23469
26051
31046
15390
866
9825
6771
4288
14654
21703
23953
8630
10159
5309
11800
26659
28826
6302
27847
6753
10053
17327
22688
243
8565
18095
2356
6075
25555
27311
24096
20333
11668
32292
2008
836
26457
6203
3491
30452
31060
9836
29927
28895
19629
30802
28071
17547
31780
15802
10314
24916
30711
11002
14494
14686
8454
14212
10780
5326
7989
10938
10606
9530
30482
27396
26414
27997
8888
17184
6129
20752
12787
4538
13700
24950
13732
5949
25973
14710
31335
21992
10453
32366
22132
14372
14653
22821
3779
28949
14095
31490
6004
19311
3326
892
13165
23179
11473
22994
14149
16826
2403
20220
29537
1497
29167
7137
2396
7461
12938
4042
12460
12625
7665
791
11907
18390
25733
25137
1268
17547
23700
25791
7511
31349
8154
17693
29166
16096
8776
3081
31433
12974
9732
17568
25062
13808
12464
11402
17053
14771
26095
13425
30779
25628
27429
25783
16366
15032
14463
31336
12769
18189
31540
20589
21927
26997
27914
26883
21981
20012
17691
11116
5899
14503
9689
10724
13772
6439
11344
983
12335
8335
1195
14417
15964
18034
10234
31926
7803
30065
10034
27571
22481
20932
10101
8308
14636
19990
29588
4632
5762
662
18131
17250
2517
31307
13548
6833
15193
27303
21334
30258
29913
2400
1990
20564
1111
29819
8183
2172
12787
24746
5799
9211
19726
471
10722
6973
5294
25089
9858
1858
32548
6727
3319
17234
9453
8770
29508
22253
21207
10648
18506
15362
1892
12238
23625
21857
24435
20062
21156
10609
13853
26890
24804
13606
31710
14447
32512
27438
2293
25309
27868
13163
28429
5990
12559
32422
3612
24373
29929
17026
28812
6434
25013
29102
12953
21379
25403
17503
30970
30788
29577
25854
15043
32570
21491
21789
25226
6836
22361
7856
2760
4691
8616
9594
22915
16412
163
11461
16170
25548
16868
25942
7361
16491
10781
6048
5437
14372
29092
15928
3634
23124
27183
9353
9131
6113
12764
24009
4953
4557
6004
10284
25329
13835
5104
4183
17871
7825
32060
26903
1503
26286
22076
27475
29629
27294
24589
4671
8731
9564
20621
2003
28772
8375
21021
13692
10398
11176
12453
19729
13461
19171
22489
24072
11830
6060
1723
19178
20281
236
23649
13060
1027
8836
8697
9312
9674
9953
30218
10739
8186
26320
15613
2584
1239
15252
31451
18749
21860
14135
31320
17628
132
14109
25873
31406
23904
1247
12562
20507
9480
31062
1947
28148
12125
22005
2340
1124
30510
18524
4766
2852
10657
19499
26620
20975
17621
24340
26610
30006
2501
15157
11516
2836
17776
2980
16291
7300
13623
20299
15868
16082
2694
24054
7281
24911
20918
17322
25539
9033
16434
26169
4176
17978
11737
10515
30354
4160
15780
863
20713
13005
31113
15434
23194
2464
26015
16799
7191
17908
20098
19609
19585
23031
22265
18677
27755
14461
2262
12874
32225
15606
27934
23453
32168
20381
28522
21808
456
6643
4237
25756
8520
24428
11383
17183
2361
20072
22362
5687
25334
23908
5643
22128
28585
2162
30122
6266
32017
742
18053
27774
6019
12627
32314
18354
7471
32694
1308
11308
5797
26608
29400
756
30872
15482
32345
23644
13025
2900
9448
2708
12486
11582
19608
19065
11901
21803
26081
28334
2028
13299
20619
16622
25779
1096
1997
3488
25964
4843
22967
3500
13873
5919
11725
8846
10847
28511
7925
6313
17818
5708
27795
25565
22034
25577
1778
2651
1028
28426
15078
12728
31363
8970
16559
577
3448
23997
12833
21647
232
10661
11266
23899
21877
26729
7860
19347
15912
386
4627
3244
9069
26936
24737
11067
22367
5069
11745
31679
24390
10488
7168
3009
30302
2965
1210
1824
11739
2458
14716
1958
20009
18509
3782
734
23928
16564
14036
18986
28536
24653
12157
20752
8801
8704
18267
11733
27959
13138
32300
2125
9036
31195
17528
27377
20742
3322
24181
10802
21986
30663
28199
22029
24505
22345
26827
27104
11075
10474
31606
11900
11737
23847
8954
635
3199
652
31497
31956
1057
7392
2205
7596
10013
31901
918
367
5122
10915
25509
18976
2455
15404
13418
13037
31776
8963
29913
519
4060
19953
1506
19632
7378
11640
27729
16790
8142
28868
27123
27999
15526
3807
12794
11653
13761
28708
15522
17764
31962
19446
32277
18833
16642
3762
1164
21870
7652
23521
16824
16123
20557
179
864
15599
5100
27305
24395
13064
3670
30353
5728
6303
27468
11191
13068
11647
3649
14170
26340
28919
32023
15453
27532
3886
26666
19263
27351
14519
29583
5709
12847
6245
9630
13846
13624
23393
7853
4640
9136
32633
32287
16857
5786
23483
6302
31184
6299
5955
25508
22821
3492
593
14912
11071
15825
1439
24343
29116
1937
7153
24489
19118
32008
2541
15573
1796
28849
18477
31903
1350
13640
21395
2354
9350
5351
22492
289
25491
17263
26744
23794
111
20521
15257
3549
11267
23213
7051
31185
9746
3843
579
30904
21868
11529
4922
14076
12388
7956
26492
8522
2435
25562
24571
15766
5246
20368
29226
5471
14182
26703
8903
5428
31775
25020
8952
1399
13843
31720
17306
97
12327
18805
13014
2374
30447
8443
14325
10522
4893
15785
24949
13365
18496
21296
22876
7507
11179
6364
21452
31199
10162
4100
19416
7025
16157
2469
662
25237
9430
12106
29813
11982
31717
4911
14545
4058
21406
2981
32709
7224
13337
23992
8769
4328
20195
31504
30812
7794
10227
22293
27115
1833
19168
5975
27986
29361
24657
9004
26778
6847
14260
22171
10436
13600
6451
23672
25437
16125
29667
29649
30291
3421
15423
9353
23047
18155
3798
10051
31139
11002
27456
1153
26030
18886
6998
12045
5342
4604
6819
7577
10029
22397
4629
10146
24366
14175
15352
10650
17826
32053
17445
13381
11079
28049
30839
19300
31984
6599
23935
30609
7642
8435
31609
12138
15422
573
30590
23537
21539
25691
19707
31795
21622
30296
15201
11304
6748
19860
15390
4827
14023
25869
5325
31690
12872
8668
22953
8080
17188
259
29768
24513
10665
21093
646
31254
9922
9494
8639
30410
16586
18645
31297
22083
19102
2263
7936
16885
24822
967
5516
17540
20981
17674
6721
19752
8958
839
29885
598
10442
10279
28824
10141
26039
1369
20047
6862
8803
23258
16512
11359
29818
4723
18781
22289
10188
21635
3163
6865
15779
23038
26666
32476
30291
8118
27882
32551
6418
24281
668
26878
28170
28347
21462
27371
7853
29654
20667
23513
28745
16
24107
32121
3292
2108
1335
15845
20009
21218
14040
15492
16139
17475
30688
5677
18186
11160
2352
15503
13356
30107
24620
23760
5901
26696
876
6516
9522
19429
8116
7041
5531
9536
26919
16096
11159
25912
7351
24071
25565
12670
13792
213
30679
10909
11414
29373
11073
21304
20348
1063
6131
31891
3670
31507
27643
23638
18625
30464
19951
12173
29986
19468
23426
3826
13276
6492
30292
22639
8902
7870
21263
20959
1244
5517
32431
26901
4660
4310
20001
13599
1076
10424
27664
7371
12803
29969
30972
18027
20797
6999
29068
13526
12011
29635
20261
13743
29874
2485
5819
1258
20042
31572
18919
18827
818
31860
28218
20401
22690
190
7890
9172
20418
20746
23594
29515
5145
4112
3638
22033
11848
29248
27824
26056
20216
11502
16813
17918
17937
24754
14963
432
31276
783
14990
25100
29772
2898
25889
8827
21448
26301
20603
9695
16012
30693
6122
4377
8578
9561
16340
28367
21834
15236
8195
16492
31537
9685
18497
8296
9825
17181
4901
22985
9557
22840
23340
6378
32656
27631
1547
6523
31631
31517
23108
30153
16636
27665
21240
31551
27428
8756
26108
10285
8107
2795
28719
14025
32126
8383
15370
22900
30730
10684
22136
3134
29356
13590
9704
8107
12392
7187
30625
24760
27613
2596
30550
537
11128
20565
17659
10949
9705
2024
7383
19892
19155
18493
17881
12007
17352
29686
14895
14762
372
24920
15893
3094
10520
25075
22763
23513
30267
28037
25739
6202
25756
29724
9945
27991
13930
7035
10652
3249
10935
27583
17548
24299
30763
12098
3499
719
24565
2496
9177
15762
27911
2744
1955
16473
13187
16149
30301
26363
9328
1550
31600
21513
18866
11595
11252
3596
32313
6217
16514
525
30328
30463
323
3931
11545
20418
14413
136
2031
24678
7728
5557
18732
6822
29899
1039
8404
16325
17509
3738
29297
24438
28409
7214
8969
15866
3536
28351
845
25992
19797
24545
10771
26353
15142
18058
21254
3460
14951
27162
5532
2607
4699
9882
2121
23016
19253
9793
9203
27467
19755
21565
31653
18309
30157
27824
7303
17008
6037
19960
10766
30207
6079
28467
2672
3293
7770
8194
14171
8273
3232
30094
1766
11621
11651
2249
200
25927
21640
27127
5063
23791
24280
28012
16244
24578
19093
13719
1558
27383
22634
7743
15076
4216
27494
27917
119
19979
6922
27467
2942
5105
11168
19691
32180
1102
24783
2251
27919
11659
24173
1591
27450
17401
2964
17328
8518
7863
11256
23275
21405
31701
9079
1565
25143
20409
6130
2678
6416
9154
25948
11243
25817
18476
6160
3641
16365
23860
24936
10023
27528
30588
14987
9739
18739
25520
10630
29839
26755
19818
23711
13493
7427
19795
4069
24601
12399
8844
28940
27767
1315
6988
30072
6508
15570
28874
22168
19329
14203
6749
10357
6245
32409
23521
16011
26746
28827
4958
21207
20883
16531
2532
9009
3837
7730
19385
30940
15036
6644
19383
20060
11286
6552
21999
1927
8022
28883
5522
28639
2762
29253
12818
29471
17678
3244
18308
17428
24716
18520
15945
26030
24644
14559
17901
19031
10697
14097
30543
32131
22668
30510
25090
2953
22109
20311
2292
7089
23855
16963
4685
28814
17948
8755
11930
17038
18857
24616
31531
10447
5450
23379
25529
1076
23081
17613
18253
8377
14627
27528
25692
259
12307
1158
20535
2108
27732
17224
32163
30237
9857
22154
5827
26956
27519
7469
11839
23529
30398
10101
2975
20067
443
22644
5880
5265
11466
15302
10187
30974
25874
25471
15146
10884
27609
25186
21788
10268
25346
13908
4419
7924
723
14096
9916
28354
23804
23835
25415
18521
20693
29947
25000
6777
5352
4772
32589
16620
31151
22835
21808
10702
18847
27358
14335
25901
27237
5419
891
21202
9071
3425
13598
25181
11694
20796
6656
6552
28826
32741
5115
21765
4215
16161
14861
30393
12759
201
22527
30573
5729
15482
4420
3539
30416
29069
11044
24614
15935
1354
16922
29701
2723
20824
28282
20609
5785
30328
7254
1653
28770
18292
6819
4886
8747
24657
9624
20682
12178
15820
28759
27198
3175
26885
29135
946
28847
2933
30945
3736
11759
32549
19393
31582
27047
12066
22176
15752
24860
23596
11656
22017
6746
6574
25991
22451
9850
5875
2319
6741
22817
2198
11165
3972
6473
17978
24729
28182
12100
28796
6525
10155
13309
13094
12090
23684
1410
30629
6872
16793
25791
7102
8540
11493
8332
124
30446
15365
29163
1389
7483
18689
28042
17422
281
8554
11920
8067
7017
13221
7830
31883
6466
9862
32498
13748
20300
3873
5948
8139
31849
14556
11531
12951
8091
13257
10496
10695
25890
7475
3334
12840
28388
22135
8151
30491
31762
7701
29123
9287
13321
16135
7853
12171
6262
19026
29014
32566
25278
3802
19422
16507
20637
17274
31111
543
9229
5972
19901
26485
23145
7270
13395
1932
24274
16479
5904
19623
15314
18352
15466
26605
4159
32485
913
11618
19298
5686
8623
27670
29785
23385
17518
5789
186
17819
15804
20414
32377
2095
7371
12143
5388
7878
22619
21506
8652
2144
28219
5017
29599
9313
7181
25055
27092
26087
5451
15866
31310
20827
23175
15547
25317
30790
5623
792
2569
26470
8496
17629
21160
15106
6194
7070
26450
19834
7589
18928
16540
13346
13410
16089
27330
32336
21045
28036
20112
27316
4065
19769
386
1768
6757
5517
24874
27976
18814
2774
32210
5380
32621
28386
6243
26740
13818
27113
14213
5547
23737
32703
6152
19790
27788
25934
31875
25511
21609
19012
8250
2037
9054
27401
20805
1542
5074
32500
30191
17928
23565
22206
349
32413
26619
16183
7024
19757
24620
31799
32747
10368
8736
28632
22745
24972
3522
16866
6185
9867
19506
7047
5276
15441
29639
19281
28129
25053
11605
25944
31742
4654
16043
13240
19953
6232
7776
2882
31639
10710
29904
22642
20174
31522
11873
30881
2006
643
779
13180
16638
23846
5911
26805
13692
2673
6438
17913
28572
29076
374
6433
8733
25953
22113
4780
12503
6749
6694
3181
11426
17175
17900
10369
18036
18104
30212
23684
32201
17884
11119
15620
3656
24992
18080
7478
24739
30972
8066
22248
703
20564
24253
20151
27413
22345
31798
2178
2904
213
1748
24607
30295
24983
6538
14924
7462
2155
8594
16872
26488
17726
23030
1379
11088
21025
8277
2163
18393
4763
1764
7688
26513
23876
18355
7811
11693
911
32050
20002
21178
3048
17395
1983
29824
20991
10673
32699
7467
355
3474
13109
17837
7762
21929
22399
22366
4304
7615
24018
28901
26102
17235
24384
29276
15245
29407
1259
5295
2523
6749
16501
4165
16317
25866
26807
5859
25846
9322
3766
9421
14023
19084
7890
27950
29376
22927
8769
26041
17365
27749
13500
13713
1460
15575
632
2918
21078
19145
25176
7905
3540
2240
24673
24899
25725
12705
19566
8521
28453
11196
8485
9810
29119
7432
22313
1731
26671
5296
30865
15787
21849
28111
2202
17315
2174
20344
5016
12025
19656
28154
31539
7949
14115
29026
21199
30458
1615
9537
24652
11129
18739
21935
5360
10243
16245
32143
4769
3894
10311
10773
4440
23162
29572
14214
14546
7396
2299
19263
17033
27995
6667
12025
30690
15353
12656
29003
24744
5811
30044
28528
13753
8509
20425
11339
27647
17448
28942
6312
27554
22350
24753
12485
18300
19311
4221
4881
2254
5916
9684
29747
25393
27348
27974
5198
25807
28782
11362
6532
30418
6582
17867
29625
16925
16987
25487
11673
19514
10505
7093
20188
24724
978
17173
13256
6631
13266
25197
32248
8180
23571
432
605
28025
24494
15777
22658
12896
2867
23457
28436
9783
27979
20421
18849
24288
8860
26924
19360
32650
6381
6288
13490
21472
3467
1306
12839
11135
19179
25467
10692
2478
27024
17208
8643
32073
6191
17989
27164
13567
12050
30422
27395
9150
4794
12146
15538
18794
10696
18761
27752
29653
27166
1223
4786
3052
16705
24681
7913
17198
23553
20944
31740
13667
4445
5396
29295
21130
29857
1626
27556
9491
21201
14761
31322
18510
8010
17657
19571
8996
5031
28813
27130
15109
1762
16771
25956
13089
16315
4778
24854
19419
18014
12179
3624
30330
31040
9707
2153
20770
26954
16647
13219
7940
16697
25537
32288
4305
15429
13443
11372
29044
28672
20385
4701
2816
28034
29676
23889
22503
32195
23940
21431
21614
32072
17133
11729
1117
6914
10341
27575
251
32371
32117
19616
9017
6418
14535
19293
7726
9969
26167
17446
7619
8861
23340
10137
15792
12357
1321
24320
27815
17439
1695
17875
4046
2056
5638
23678
31347
17515
21291
6243
3580
20579
1740
29987
5660
19748
98
11033
13645
12439
1598
12072
30074
25412
3031
24503
20731
30069
8803
761
18375
12184
22436
31346
21733
486
30469
20407
22564
5954
24805
32373
18444
3940
27699
8116
16404
9270
1595
23133
16150
15998
1215
15610
10751
15806
24138
25790
26315
30552
15553
5573
9137
12534
7739
10396
7834
6697
30738
28932
216
2385
4155
499
8981
32700
210
29404
19849
14610
6649
2608
18545
18928
5603
28965
20668
4563
21292
21686
17671
1080
2412
6123
7883
3329
11275
31578
3029
5147
28503
24046
15351
25694
9171
31463
14078
31156
23506
18722
20195
31358
3909
24475
582
24627
12754
816
25367
4938
28454
16808
21911
32347
395
15859
15231
23681
22205
4531
24446
18178
30457
26620
13545
17970
25176
13656
16303
27028
22619
12559
14475
11075
15815
29605
16765
8848
5299
24227
15994
18925
15071
12699
9827
23562
25159
28774
24628
3133
30712
32432
126
7719
27939
5303
31511
8341
5744
29007
7439
20388
5524
27946
25319
25129
294
21334
32510
17999
16046
8967
9292
4482
17152
7831
26962
10124
11464
19403
22353
23806
28005
18776
31163
6354
29691
7589
487
14670
3779
25299
21256
16428
30374
29691
2656
2551
14603
32694
22449
5304
29677
9187
14837
6610
6192
30372
29774
32555
9781
8362
20288
25484
6316
27827
31262
19019
29097
28752
8386
10791
7674
12780
2433
25459
8889
28682
20319
24951
18717
28110
3198
27411
15509
26815
2269
26277
20248
7115
16703
5421
22454
29580
23144
2223
24436
22473
21647
23001
4182
11840
4881
24806
6845
31394
3171
30146
1267
16352
13898
31599
6405
1701
590
15015
25809
11555
32364
20419
95
25619
28171
12251
3701
31991
28465
2351
11109
28067
32759
709
15914
11515
30778
8020
24499
19710
19348
18273
19583
30212
10122
16040
5226
10051
16903
2237
31943
24728
27658
243
18606
6533
15515
10621
23447
10614
26627
30163
27176
1352
5948
5208
11596
30219
21415
31545
19333
11527
23293
15512
27779
22782
28552
26090
10997
8369
30867
28317
22687
9893
1823
31230
18605
31271
4823
28763
5191
6542
838
13156
3429
27072
22856
29143
21477
18168
3262
24157
16603
4806
29318
19887
7208
25431
16043
32764
20558
14326
30424
6543
4226
22227
26899
3757
9475
14339
31399
1724
20907
8649
25442
31403
2755
23060
10497
4749
27676
4424
28393
1671
9819
27201
28184
1773
22165
17302
10586
28584
31772
9754
12736
19163
152
31913
3918
26310
1625
31009
8692
746
28907
19118
3776
22637
23531
2379
3409
449
29722
31365
10639
1409
26288
4994
19865
2203
23283
23619
10239
27572
10759
6182
16946
22472
18696
22447
23352
32273
6486
22407
23204
3883
4912
20677
28614
11637
32389
7789
12575
24250
11782
23606
20503
16657
28800
25233
13555
1793
11369
17382
5889
32489
22969
12065
25877
10655
19963
23405
4665
9304
3747
24895
6817
27080
7586
9367
21725
11914
29752
13443
25426
23745
8201
17380
23019
29440
13940
8052
27660
19047
4640
17672
14024
2063
3799
19
31571
15785
14232
12140
23994
32097
6887
6225
31697
25865
14696
27307
28781
25715
17068
23187
5844
17182
5195
29462
8818
10517
12083
1589
24270
12053
5951
24112
11196
14830
20748
5125
2515
9515
29192
12083
19233
245
30411
29379
15390
26421
21419
31625
22751
11257
29578
5032
25228
27929
6387
24404
26900
17690
21862
18140
7455
9554
2799
16871
32325
6989
11261
26621
14717
1392
11634
27210
19416
31452
24311
23199
15727
27286
7570
25530
2201
13796
5242
22215
354
18938
42
12839
20793
31957
10164
1391
23273
12648
88
22196
6859
1782
12117
27910
22329
6079
24063
9274
13637
2782
5138
11757
1451
32114
3142
25541
24069
1788
14115
3834
21054
23816
24599
18709
25161
23056
10438
23032
28691
27549
20129
14111
20918
11183
28346
2085
21487
10591
15318
21642
16594
9411
23236
16051
16060
16914
22766
28722
7050
30728
28974
6984
22536
15756
4835
13736
1964
14993
24387
20606
22661
58
4339
12720
22382
3137
469
4708
17543
7065
17185
9922
3046
4178
31671
21243
13961
28350
179
12682
26511
13778
23618
20154
14760
5838
14005
15720
4299
20513
21972
26890
13351
12166
9845
18672
17499
32628
1101
22730
25065
25525
13317
31339
6120
26964
17296
9420
24314
19901
17597
1108
19582
16672
5640
28758
16903
10262
11702
23004
12556
8327
6945
6051
18145
19915
12880
13158
5349
12303
5578
7263
2302
2811
4780
25356
19010
8082
762
25135
19959
15705
10803
31000
14526
28347
16424
15142
24587
17580
7693
14476
32728
1421
16849
17489
30875
17231
7083
23451
10613
7388
23030
4652
15020
11954
10046
10285
27739
30417
3739
11562
15720
12248
31293
21599
32439
26475
73
24114
9885
21463
29156
15104
30872
11513
24716
19228
21821
3164
3503
24597
18033
6305
30838
25400
7132
36
32226
17750
11163
1756
16155
7112
2869
11139
16901
3759
21713
10231
19
31872
19622
20705
22368
30401
31410
6292
4604
31757
3247
14648
30595
4958
5187
18983
7413
11404
30071
17559
26305
27152
6506
15226
28963
14350
14663
19106
21168
21651
21876
297
27952
11547
11532
19216
16555
13654
18832
7718
29895
6955
29401
28203
3153
31742
8017
11318
30489
32558
13411
21844
30211
31202
11056
21618
1371
6
28036
15229
16745
1680
32520
6087
31045
31496
18105
26029
25581
29767
3224
26487
11157
24703
32675
25471
17214
21627
22533
3478
14986
24616
27018
8099
975
3157
14933
25997
24682
26039
29141
16475
26454
14640
13301
25754
23037
25936
15507
22527
15181
25885
20276
29262
23823
30735
20214
25978
22388
2911
4806
4366
7921
18562
18898
9419
11341
27888
1089
22163
27385
20265
13346
12166
24991
13562
15011
13418
18685
24316
21892
27984
1268
27999
203
4212
13276
485
8376
21606
18459
17201
2043
11623
24566
9538
11813
31254
20391
6971
10845
25420
4527
5733
18004
29508
4461
30326
15739
10239
1008
20244
31859
1254
17162
9877
29892
26546
24229
4617
22739
9353
22618
21114
21518
11625
15680
22386
4970
18634
4610
19134
12815
7039
17717
2418
24145
2526
7144
11821
19171
13344
19580
4254
16455
4619
15286
24135
25225
29134
4114
12417
32557
24108
3930
17345
30566
12252
31352
13337
6793
20016
23433
25346
1216
25334
31282
27224
22019
1436
27191
16550
21828
8599
26697
29348
21482
7172
31008
5630
25985
31888
32458
22871
16304
7574
14403
21902
22123
10120
24389
1088
2153
23440
22625
32654
28633
29047
10575
28448
11089
3269
10627
18025
13063
3370
8448
14381
3651
15900
18801
833
32020
10690
25974
31891
27203
4881
25148
31338
14725
23349
14160
1262
17908
22066
30901
28650
9408
21195
20276
16849
34
22947
19187
3071
7826
26530
17481
6210
27194
10138
16081
3993
3242
28458
701
32315
29389
739
24685
22747
19740
26026
21057
26411
24593
14173
28843
14239
14559
26298
27784
115
6752
14972
944
4591
13903
30150
9163
15850
1719
7109
12135
22669
23467
5778
6472
13913
28984
17749
18943
19307
8600
13744
959
20479
1960
3163
14443
3636
9629
24843
1523
15631
25586
4505
19681
3265
31908
20576
5423
18477
9890
29159
13660
12197
5503
15808
28607
28916
8555
18095
31258
24738
11105
3599
9074
22643
4514
30322
3102
24369
18529
18824
9247
32171
27328
21826
25519
25854
22523
25654
29212
18963
12515
5446
11991
6761
18831
22140
20680
28181
25422
1849
4069
23303
17119
1423
3331
3470
30437
10987
27628
18975
25237
31735
21425
15442
24754
4030
18754
14125
4795
29202
6203
19109
12387
1322
15873
21090
27457
9872
2830
25027
15049
6971
28297
12578
9339
1783
8218
28761
21594
29454
7164
8836
6560
10273
9556
26377
7088
24407
17089
21462
23372
3770
26932
17642
21512
21725
18690
17687
20990
18370
28983
29702
20420
11004
15662
3451
28827
20753
16478
30170
27369
11298
9335
28651
30442
20942
11694
24538
5538
30291
22868
16258
17430
8950
19118
10218
28347
11174
31233
5136
14639
10204
23020
16614
28199
29381
26362
20123
11177
30371
21880
1819
8059
18289
20868
28121
26587
20677
1383
31948
27760
6907
23077
12983
17281
27536
9810
22190
30565
17612
16166
5334
16442
2212
8148
22636
1498
17118
6936
1801
15883
24182
19215
292
31478
19009
13132
3032
15835
20688
18728
2023
25090
10135
22105
6656
13301
31054
27079
10301
2284
28568
19099
20720
27273
32739
8600
16031
10949
32655
19630
32077
29739
17234
4300
13563
10820
19931
7671
28015
11858
20917
6553
16180
23616
2671
8987
5602
21466
12538
1717
26528
25146
3922
4741
1510
8066
30560
16863
27528
5329
8480
13029
11248
32367
13311
6743
26538
32331
32647
10668
27175
21160
10045
7009
21690
25875
17866
22929
31463
17816
19290
29382
21469
26165
6978
20751
9537
10895
11493
26450
19245
8164
13272
18660
16761
28993
4932
24407
21049
27637
8332
12947
3462
10309
31024
30504
28290
10849
28658
22243
20886
3991
21815
10144
8190
7111
7855
1118
21640
15127
12856
31897
15768
19431
22528
19924
8304
17672
6122
23413
8622
3112
1588
22741
5910
4241
17238
22936
9874
32276
13101
15418
22135
7231
12120
8939
29450
11735
14563
28317
27971
25730
27938
28763
5841
15555
16864
17628
24413
22059
19642
3672
30483
7118
6597
154
31327
20725
21879
29527
2804
22034
19908
28350
31251
14841
3719
26192
26634
27468
7460
5618
31995
7735
5995
13632
7902
14942
14784
29989
18633
25876
4217
31656
26479
31694
22664
21001
24296
4823
21338
30989
7600
19525
4607
6038
24817
6955
31626
30582
3589
18192
4795
17541
17718
17312
16091
16882
4553
12450
7144
27094
23356
5674
5618
11023
31691
12560
21445
14667
8249
25504
13512
9059
21708
7827
26149
9195
25498
22079
21290
24583
26627
22538
29936
2175
15231
5156
17722
4374
8090
12150
22687
29208
18748
29141
25580
10291
12590
25724
12484
26247
19930
13497
17801
12032
6738
12006
17536
17636
3732
26011
17967
11688
27917
22818
13066
13320
2395
13099
24655
8535
27735
27329
29743
8467
31059
25725
21806
700
30880
25338
10444
19942
11092
23432
9573
23694
19529
805
15190
28586
8809
10153
22881
29187
2089
10560
20563
23879
3156
10269
6627
30042
4106
14957
1758
19950
1544
16010
6273
20051
14122
7538
2342
10128
12333
4471
18468
28850
15546
17720
27888
23908
5024
24271
25992
17088
6242
19276
25617
24165
22001
24163
20414
5066
5818
6753
15605
5074
15843
13412
12461
8864
17874
10444
13083
28588
2032
29677
30093
13334
12716
17158
3990
2875
2754
12663
5995
14727
28861
26158
6541
21898
11194
9571
13224
1869
112
10885
22203
20966
9069
24180
29818
6986
29090
15856
7153
26211
4642
1106
18793
29538
25895
28281
28047
14935
25686
10760
28627
29694
22596
17615
12303
9436
1848
12422
19305
24203
16691
11969
10362
11091
27949
14624
3760
22522
31650
14790
19696
4060
25165
10253
13184
32574
1332
23928
25893
28639
12516
14058
17288
5072
2558
22037
31454
29318
5618
5940
28872
11310
16651
3837
6776
1856
1452
9425
32278
31831
6361
7479
25442
13376
16376
10376
30618
11344
13273
18924
26782
29947
13557
10884
15186
16035
13555
11497
24900
10414
14705
21718
20879
1755
23552
22305
10495
4310
2928
26096
5493
12298
29263
3369
4237
24502
9900
13098
11647
21315
1824
4539
32323
22229
26896
15168
21497
7712
31788
52
24199
30077
1851
18642
28548
2364
25115
14101
25685
14140
20739
9443
31637
7866
9484
21125
6587
25191
17904
22875
16630
20669
2321
14030
16476
26258
31165
901
24132
24558
30384
10972
496
19226
18650
13970
8304
20985
5987
705
28866
11675
23789
28180
11070
30736
16921
23092
22578
20602
332
4227
29129
1382
14259
24333
23857
14685
18308
444
32508
13749
12167
11211
28359
24493
31702
17788
3610
954
13281
12814
1680
27419
27060
12777
29496
28595
20093
13597
14650
536
28744
12810
21438
21992
1294
21600
5897
10332
26350
6219
12009
21791
9658
9703
23636
11616
20917
250
13900
17702
25499
24802
29189
10979
26082
17612
30282
15693
17216
6183
15901
4969
24173
31577
20126
10984
22314
1200
17454
20663
8322
3483
15059
30674
19536
24602
5598
29273
12289
22643
27340
16613
18075
20263
4971
27676
29694
24356
11070
7299
3435
23612
31777
25748
19266
3542
7728
28945
2064
483
20198
5015
28872
3092
17282
23414
2641
17738
31407
12480
12353
8015
20835
9632
28905
24771
24328
29165
27281
7513
23770
19711
3588
32323
7312
6594
27216
28394
21054
6408
26055
483
13690
5668
2121
8734
15806
16820
15046
25697
32269
11966
8190
3317
25561
9727
27275
7584
23845
17279
21538
32723
10727
4713
6678
7971
23728
6938
8989
2045
20110
6008
12887
24214
2610
16773
19340
16930
29262
28724
11446
28742
10049
30331
191
15567
28662
30889
12171
12708
10761
11258
28473
27385
1324
13416
31398
966
3530
5317
4403
9848
19178
25863
9161
5606
29525
17123
21274
17030
32251
12445
9001
16353
4499
22046
2060
11844
6018
22599
12272
27833
30206
14981
11871
10037
13683
32421
27838
5395
5413
30442
1050
31681
21272
32349
25636
18874
11053
2917
27513
23988
20877
20631
21799
19994
27722
24527
8045
17596
20548
896
20419
17094
1354
16968
14362
24814
21890
16584
8549
24562
27659
30130
32600
7490
18144
25635
4464
16377
0
20532
5427
12818
12748
8652
28089
14809
31408
27064
25707
18335
25605
15613
26379
19378
12342
23148
26357
10381
21538
20088
15780
5451
8130
2373
14967
1122
23052
6913
15797
25229
21527
2679
1232
16906
14207
31201
3046
17926
5131
3582
10381
25174
28813
19301
16848
17255
25354
24089
18805
29304
29723
32605
23170
2566
20883
28106
8447
3720
5218
11166
28412
16221
7610
30551
8918
29699
20336
12929
17079
22921
9124
10956
29020
9287
26532
31073
8219
2508
7694
27766
8740
5912
19509
12064
1287
14092
14022
9065
21110
32030
20908
8867
8012
2129
26416
6140
3023
4709
14949
10578
6450
32586
10435
25160
30815
219
3858
5529
13811
8905
30090
26796
26505
21205
18232
15721
15931
14659
6307
28236
8806
30091
16816
4279
15534
4945
20163
12685
4162
19351
3367
16380
2657
26162
14000
6810
11038
20346
158
29364
11104
13894
4549
31202
17452
17944
9195
3551
31527
20884
21618
22168
6230
311
26679
2691
10537
23109
1721
19762
13496
12803
12414
23592
1356
24871
29874
32235
11041
19341
10770
26459
7274
4139
12040
2881
5782
30023
29975
2091
9426
25831
23418
10360
28623
3466
7432
10415
15045
31509
21851
14357
12728
15376
24881
26494
27898
26386
7698
31331
19953
5242
19764
20021
6426
8288
7579
19441
29006
18636
8580
6133
6212
31781
13060
29714
6232
27628
3053
2018
15242
14250
5361
859
29642
17446
12298
20389
6259
4828
537
16937
7445
11691
32717
1515
9591
31438
16838
12057
6876
3341
25594
11492
9862
17460
29784
3470
13689
20933
13484
18628
27009
30186
13251
1071
7030
2221
463
1606
21183
9067
1036
19302
22037
32390
11172
28964
14729
22363
5073
27618
3529
29300
19265
15008
5279
3582
19646
3349
7866
22653
27406
4094
30385
16318
13336
21431
32069
11277
3913
264
23271
31657
6966
20545
27258
21109
3715
30345
16729
4592
8195
32115
30876
3431
14880
14546
7063
20074
32126
20175
24484
32124
22235
1592
2339
17166
11322
20251
8638
13487
25920
14740
25586
8829
21214
20195
32714
22751
14896
193
7406
10870
1701
8949
15837
22096
26465
8994
26743
7775
23519
29411
14270
8746
29659
22553
15069
20931
18031
6020
17770
3321
25724
11665
5352
17102
19019
2419
28560
9516
5236
32373
8273
17619
31743
24463
29717
10646
24010
31031
7238
15047
20778
23929
6800
3056
4565
13898
6633
25027
16640
4634
22735
852
16836
24232
2257
11142
13510
1562
18257
11971
22295
25165
5000
10481
18521
31338
26059
18337
31780
16058
19468
1161
23208
14011
12195
25652
21651
21875
10319
3320
28213
26628
119
18985
1505
21121
20150
20364
22935
3840
18583
20750
4065
8944
12957
17078
18427
32429
4487
21721
30006
31570
209
141
2462
27343
21118
14431
13275
28219
23573
4425
13397
1643
5354
30686
3484
4803
27038
17864
5126
12876
26857
19316
8346
15111
11671
8716
27436
15233
10705
22950
20426
15016
14238
22459
855
10717
4778
31194
31606
15690
8005
20637
3498
7798
8878
1757
2491
11542
20626
18722
21339
16935
20944
16733
16137
10553
10367
31450
13878
17422
5426
17008
26278
3171
24954
22267
282
26638
13229
32268
19244
841
20454
20702
2170
9550
27213
21900
32518
13092
28313
14466
6877
21688
24787
14897
29943
28719
15196
9480
16735
28539
28209
24479
26771
1068
25454
28469
20526
23945
11537
32348
5828
1248
16385
15347
18190
21530
24655
9813
17991
14994
8891
5840
469
17448
10106
8537
8236
5777
29238
7293
14576
22769
855
26011
22617
14763
5761
13649
20956
1655
10845
6196
9736
2742
13725
24516
32686
10243
11578
8095
3140
23819
16384
2804
13195
11934
27469
17979
29296
9990
19734
291
23856
24471
22314
27852
3264
18567
18363
25143
31596
8960
2842
19707
5310
24948
27330
11833
31905
25137
11672
19409
20934
14389
3441
24534
28487
30275
9685
23616
29067
12342
16387
5857
617
9878
8244
29083
12432
20585
14372
21199
22054
14155
25295
536
21167
22977
3448
15674
7217
1995
29168
6485
27541
28088
17941
1119
2129
16702
1177
31440
30532
17610
13061
17823
4321
5397
18685
21614
17040
29944
7365
2050
32593
2945
30980
245
9123
18502
16328
18095
20644
25081
16075
23186
633
9021
6389
2933
26096
31160
26913
7508
12644
31594
548
6469
1250
22077
28683
22958
5513
24029
7845
9910
10295
11209
18754
30457
8034
1451
6073
10368
8259
32229
3248
17904
4922
620
10519
11265
878
19929
26870
9010
8628
28349
32105
16828
28338
22837
26600
10692
20548
14015
23244
30676
5662
26700
783
30092
12723
28311
8020
25749
9558
11444
2087
30167
28319
14572
3461
16620
28689
12232
19871
20436
7673
15724
26843
4842
29337
20774
14108
20758
28038
12103
25155
26693
8783
21810
2550
29206
6751
25522
21664
8406
3621
913
4536
26799
14706
30822
20807
18716
20258
21934
5284
19104
20478
2590
31874
1208
18657
13624
6189
16398
15386
31517
14865
2287
14866
19106
30076
17919
27951
18853
10661
10028
7415
23458
15852
224
27769
30337
29539
26491
22504
14770
28558
7936
13706
31612
25703
13070
15824
16530
31141
19219
24263
20968
23358
3772
24239
25796
4395
11952
4584
2328
1131
25981
10262
21007
21834
1234
21629
27878
26339
25328
21933
6653
17380
15451
8292
15406
16529
24021
12720
29277
32268
10892
19540
28496
13011
21139
9581
961
23690
19855
17493
3762
16123
28083
6600
18433
21595
7918
4677
6460
4814
9826
10167
30902
11054
30233
13909
31451
9480
26867
6343
3520
31720
31459
20362
4863
8663
20827
14229
19393
2849
10245
5181
19228
10076
30132
28758
25248
27557
23962
6811
15660
21037
16571
16720
7174
29429
929
28965
27179
6613
23634
31582
6628
32195
15487
1841
154
32082
11262
21103
9451
1145
10107
25959
13054
32662
22378
15880
2835
32690
13119
13893
7774
29703
25826
10686
3605
7359
93
7836
16584
6911
25560
30140
25073
16932
21448
26129
32716
3661
10083
18243
15208
25625
6487
28572
16126
32178
4283
10533
28291
10506
30278
524
1657
15204
27071
31817
7434
24087
27572
24705
14679
6286
20335
14379
29966
15252
2342
13041
23610
4558
11378
31577
32608
31113
12034
16036
27591
19383
17297
27639
32279
13363
24853
28344
17190
24397
19002
26683
23310
8322
10510
11422
4739
30347
4862
1777
9827
4250
2305
2202
25999
14560
18451
26616
9466
18514
32229
12871
14847
1965
13779
21700
28408
8631
4630
16657
9740
2760
9531
12506
7752
394
32723
19641
3825
3325
18029
14935
3353
7102
25537
21973
28529
10376
11054
6762
9310
2043
32615
32333
11855
17308
20841
17877
14925
9758
2992
4574
1236
23776
15786
11632
225
21174
7020
24219
30028
10220
9636
16037
1112
27528
3534
23912
20873
31184
10923
13301
14773
9228
4335
10877
20830
1421
9274
13682
7487
10734
13386
19945
14629
26778
31343
18755
24832
6542
2879
21516
4154
1889
4234
5155
11079
17025
24465
13851
26494
14783
16242
27106
25895
15374
29671
4768
12245
18311
24624
11746
6390
18865
22094
13816
8360
13568
26226
923
24782
3995
17077
29396
11875
24418
2825
20249
25871
5936
5488
19128
4344
26973
1644
1401
27355
9096
19894
26238
23131
30611
23346
19823
29337
21998
8227
24276
7428
15641
12444
28610
26227
8804
6455
21690
8817
22522
15624
6094
22743
5149
20436
23045
12705
32179
16511
25601
21242
25090
10180
10719
26009
30648
3881
18015
13136
21294
9265
12613
5090
28653
11219
13567
7190
29554
18987
26503
17161
3374
29296
10891
29128
6097
4902
30412
12574
24520
21140
30404
27051
13060
28537
13451
27190
7678
6651
24315
10309
31224
22752
27155
28394
12421
20224
3737
28639
22603
29946
27907
27349
3848
6951
22424
24330
13523
18380
2003
31514
27813
17812
17160
16151
1559
30269
12873
1243
13421
15761
29067
25245
14036
6296
6661
7107
21992
13580
19417
5111
23161
7437
31478
30845
24975
19222
829
5060
12715
14896
18403
32571
30032
18021
25110
10085
32450
29048
8931
22064
30990
24531
27735
14211
10826
8641
9700
3094
11038
7389
20487
32390
14212
10699
31528
20137
31947
14885
9666
18207
2274
6840
17859
12585
16083
9713
310
15038
29838
31378
23071
732
7656
2729
20902
16413
10467
5827
18040
13706
28464
26973
4715
27059
24818
26267
11105
21504
19653
17469
19310
29762
26879
32206
25661
2189
566
22814
25007
21834
29442
3827
32710
13192
18691
27644
14274
22931
15142
32262
2185
4552
21797
8562
7756
21415
31821
743
7528
29482
12676
26948
5258
23125
13450
23513
23063
271
27775
30934
22731
5936
14758
4099
4000
5339
5224
21938
18673
9486
7580
16883
19679
7799
1029
28678
4852
32394
25372
4630
14086
6864
32528
19748
13662
31874
524
4417
12826
6742
7864
16896
20432
25753
15362
17195
22900
22398
3614
15797
17276
1974
16587
12528
18497
23872
5849
9216
9129
28803
8936
2960
12803
15770
32114
14275
30258
8687
7180
24173
19214
22539
11752
5508
17415
26028
8607
20945
268
12312
14381
15851
31147
10930
18749
32102
889
21451
7336
12360
6068
29626
32056
19132
7207
21039
26801
5387
13134
21956
274
26567
22459
16853
8984
30794
18104
1682
17924
18783
32302
22354
2206
5182
20933
31531
3962
15806
23373
3007
6266
11206
19037
5720
26516
3844
22329
21304
28885
29922
23801
26410
25510
13750
24296
25437
31567
4921
32043
30578
14521
6971
7331
2516
27000
8853
17940
10824
8200
27742
134
4805
343
20834
10987
10885
2948
31695
6403
16220
14823
2866
30589
26953
10833
13474
15199
19531
10133
13115
8359
11381
15687
7375
31794
2117
14531
28375
25822
11570
15217
26544
30700
31364
16968
4
15528
18024
18065
6278
27467
6468
23534
12258
6944
13128
28570
13555
7142
4166
3314
18743
32374
24003
19253
1921
4261
5966
18568
8942
20588
15632
22077
29210
6726
22693
14932
14996
5850
17450
10818
20623
11226
26519
25330
24282
29739
24655
522
27410
838
18166
1135
27158
30686
1923
3595
30907
8643
32662
24270
3265
16134
22283
6386
12806
5214
18127
15492
10234
25802
16882
31776
29523
3192
13566
20220
14338
17126
20360
25639
28517
18503
3076
23315
20158
552
27102
25938
29156
19283
3526
13725
7736
31475
15435
24602
12763
26362
25259
4063
4894
26048
8681
13746
13370
4844
4129
5138
32578
23448
9241
19580
15957
5552
32536
20967
21528
9883
2299
25745
22627
32030
4741
31485
27963
25213
29175
15420
24577
26339
19936
28525
27368
27907
2615
1152
10925
6400
2983
6719
7298
9866
17706
9614
14411
27211
17369
7665
31500
641
11523
21328
30114
31468
25212
20727
13234
26602
16695
29153
3808
15585
11799
2614
16961
25053
25859
18962
21010
19578
15929
15752
7082
8197
24036
3559
8621
6366
496
26683
26755
18208
25117
11543
30472
23684
22098
19858
20357
4483
14133
31120
29920
26043
11512
835
20495
16276
24693
7153
2514
12067
17022
19959
11426
22607
23918
22542
8932
18482
25860
19917
25955
14786
30834
8559
28157
3504
19120
31447
17053
31120
9494
32721
11369
12859
30762
29083
28476
5489
28343
17316
5462
5827
14111
3987
9042
29616
30449
2699
18521
29455
7358
24493
24214
13229
1065
5087
20457
20022
8254
22220
13024
20057
8197
25900
13283
18215
16726
24646
7854
1724
17902
16051
7173
11554
16067
14948
30626
10866
8597
24551
627
26684
23750
8933
25858
8745
23915
7152
30261
12767
15267
21371
27191
21029
296
15914
28086
7496
15907
20045
335
19133
24645
16039
10566
28679
19
31347
17787
18652
6273
18089
9625
19075
23747
4221
11665
1664
8288
1320
7751
8307
1416
22252
22154
23358
26023
21330
8266
358
10298
11959
24069
11452
31714
10502
11395
12604
9654
28615
19651
12085
23262
24921
27189
4266
22622
5499
4394
30200
11567
20242
27016
21946
27284
15142
2498
21482
11947
8493
30215
5193
15682
26764
8122
3072
6893
5979
31011
5767
24149
11880
29028
20934
11219
1663
27822
1402
3902
4841
3252
6619
10241
11571
23904
24956
23408
20017
14789
14962
348
22593
32086
19128
16100
22228
21845
23506
911
22315
18062
6577
23704
15967
15172
14551
4745
16548
11628
18363
17675
24014
16665
12143
30973
1813
25400
10112
19651
21013
16509
8478
18145
23833
10397
28028
29384
18584
12734
9082
16367
27136
12331
2178
22310
7091
22093
175
23080
20047
4311
18997
16751
16179
29504
2045
19532
30783
18550
24463
14134
31962
7121
11829
11363
18490
20037
6493
8853
224
3037
32320
7735
1377
13668
1217
2216
13932
4709
22936
4567
8713
24407
21423
20496
29727
3089
2252
4629
20537
16004
5489
6001
30857
28072
7169
8969
26158
10423
16163
7156
14002
24218
7019
12428
4823
14752
1080
12229
29331
25462
2008
3262
25177
17748
32499
16534
11674
6260
11046
32385
4748
23240
10478
28187
25386
31724
14536
24572
14204
22106
9110
12428
5400
18653
15941
19736
12265
1096
20653
3878
10287
24935
25528
25094
27079
21302
15047
26282
4269
18769
31825
2488
30399
5804
19917
16348
20163
12420
26323
23651
28844
22933
24446
13830
15129
3470
15892
3587
11807
16578
2025
28019
9032
18464
22912
27863
18139
32101
18932
6644
13918
29584
7574
28641
26714
20374
3032
5470
16734
6488
7274
21863
31302
6354
24482
1545
15293
5013
1569
20853
4865
32375
7092
5459
9191
30601
27000
19544
15390
7241
17218
13851
11191
4121
17469
12580
1765
18160
16085
31558
13570
26704
25556
19504
28883
24184
25803
32318
7693
26074
5556
14741
6168
12495
20949
21870
24082
29578
10216
25522
16407
27722
4472
6856
29120
15316
14734
4522
9705
8737
5773
575
6072
29524
23387
1509
9435
22767
961
76
23824
13125
21
11403
10987
12083
17430
109
31188
25611
15639
23052
32079
3537
29536
11170
32128
14250
23249
6555
19694
27281
5832
16111
19335
13388
13637
2990
6884
6814
9548
29149
26575
20159
27787
21632
27906
13577
24637
27896
4914
5364
25934
6799
21068
1348
31680
20562
14335
26753
6477
5407
14202
3496
5966
18942
9847
18720
14299
10932
2936
6639
1588
15510
8528
12078
5727
8092
13286
25018
26643
30134
14902
30253
28885
21603
20888
15117
4449
29823
32325
22339
31307
5212
21783
23758
17382
16405
29328
29624
15717
29727
25374
12617
14144
20001
24733
28540
19674
16390
2334
14511
29024
31056
29415
7070
17396
31407
16827
31634
28427
2002
8539
12502
5907
27517
18764
3435
7258
16860
28123
6652
13355
15639
16991
7956
7482
6182
28862
20111
29505
11239
10802
8527
26092
23149
13645
15664
22259
17563
7483
30525
9093
32242
26184
17956
7405
12968
27553
14567
29808
29690
19039
17877
7796
7875
32193
1465
28904
4172
4281
12113
223
7526
2219
26369
894
32694
28017
14025
13849
11601
4770
17013
4505
20105
1556
3091
19745
17926
18335
23722
29681
32536
11812
9513
4746
30283
7630
27550
16146
12348
29592
6312
251
4780
18960
14639
23520
21459
31578
2130
431
29686
1143
21921
28685
30012
11720
7053
31990
17854
7373
23068
5796
4061
13107
2530
15027
25816
24334
15148
26754
30110
16483
13694
4828
19936
18409
11072
21720
17771
13072
21940
28157
7093
2371
3371
18858
29109
32362
12665
5557
5624
24244
30374
11347
22258
26515
27110
21816
20370
12808
17099
8703
25113
4640
21690
27083
21803
4031
13468
10287
18214
23708
26325
17227
27572
27533
10618
32056
18332
3333
11966
5287
24286
13530
23470
22724
2302
19788
24351
13409
24480
15172
13540
29776
31573
30681
26948
19728
29365
25368
12459
25517
20398
13317
10143
24033
28443
10717
20214
15743
32408
25246
6214
2833
3221
31433
5790
5056
24234
23143
10099
15989
554
21322
10205
15422
19195
29845
2564
6131
13477
14207
24276
26905
22952
26963
10233
11782
29971
30395
1543
4422
8786
31807
5880
7742
20296
16393
6364
10511
5278
30955
9420
28094
26714
1699
5664
10897
24243
32605
29154
14780
27939
13945
25218
28220
25535
8335
7114
14340
4292
14512
15125
21335
17010
19183
30652
1909
6941
18464
14290
14457
27521
1760
23825
20610
1878
5590
24083
17425
18468
824
32710
13746
12889
15760
17178
31967
28825
29120
23292
5153
6485
2627
16008
12920
29343
13239
11130
5117
10300
2712
11494
13766
10235
22095
31274
2314
6214
30059
16928
24965
7415
24366
13976
8990
24173
24139
27653
29384
1758
26862
24950
28326
10734
14845
17608
12658
19073
3997
18202
9503
29390
13049
5506
26813
4790
11583
18942
19870
6227
19946
26798
12215
30419
26183
15680
11592
3975
24114
11435
448
12599
1569
20256
2011
8633
19045
26173
9997
26049
11180
901
12323
15099
8393
29453
27944
30807
17848
15991
26757
18597
31708
23588
12141
29537
24460
24230
4984
10192
14030
14452
12174
32332
15714
26594
13319
9179
29187
8016
15888
25607
18665
15777
15953
1258
26514
10991
13005
10633
19906
28028
14345
11875
4041
2796
13680
13385
1540
2482
10486
19823
5542
9929
22012
196
30392
5028
23411
6015
7007
20583
30021
26874
7262
30295
27888
6340
20187
1679
32116
31474
26470
4342
11888
4789
20023
18285
27272
24370
2231
20813
21769
27277
23619
29456
8912
20295
3628
24142
31336
10187
25858
15852
8050
7235
20242
21136
27978
688
21037
13143
25831
17722
10411
1739
20995
708
12208
18447
19324
7620
2734
27741
4859
11602
8235
31923
6099
1151
21445
30664
8492
17383
8563
4165
25440
10634
32269
6962
1189
4823
8463
17070
21741
25866
7066
20708
15626
20408
24763
10042
10518
7592
8944
13771
29202
2021
10984
1816
2765
16145
2955
13306
29703
7932
22330
21468
15319
16502
14936
15654
3146
23905
7945
10748
3405
15114
15929
5417
7629
3769
16865
25430
10268
4230
23685
11392
5527
12399
31234
14761
9606
8616
28038
2765
11075
12338
16608
30999
30623
5295
2298
18773
29057
14965
25507
17066
8656
11233
658
7554
13971
6381
26536
24267
16727
11269
13942
29539
13521
8471
16127
8140
26053
21226
9663
6183
4903
12976
19692
21600
14719
24030
25339
29862
13714
17979
14950
18974
31294
8247
20141
22488
23974
2943
6811
24578
16783
10702
9162
20827
6922
6150
24425
10475
7508
32127
21565
7154
3066
9631
7654
7710
30784
22443
13668
6144
28100
24796
8921
25025
21087
1206
31888
22033
32076
18325
22335
4449
18828
18313
2953
12626
10120
5987
29895
10349
29177
20496
3336
31252
2565
19494
2646
29368
32426
16829
24892
12365
17248
11904
20613
3835
14842
18948
23109
19991
5070
29272
19998
337
19989
18141
18620
8751
19861
25943
19618
21946
23933
32069
22569
14967
5520
11630
7365
21144
27525
24509
15243
24180
29614
5966
10992
15157
5337
25801
10708
6608
13172
29935
25535
8763
6132
28018
10858
22234
5239
3082
26753
19514
11687
15301
12711
2305
19170
5279
5051
8741
12697
31058
3417
26461
20470
18287
19876
13269
6850
19886
8515
14118
645
31874
12458
19077
17391
1265
29595
9786
6006
22947
32236
2901
1089
17977
2442
13724
23109
4320
25022
10695
6062
23077
5039
13296
15744
12043
2089
10821
22398
346
27292
18432
15179
31291
360
13465
17103
23298
23383
2873
1500
24651
30315
30323
22289
23368
17371
13359
2047
30041
11608
5606
14475
20957
32660
20757
13715
585
24069
13291
10965
119
9191
4677
11276
9024
22144
32477
22875
16716
3239
9406
8943
30249
28551
21756
28641
15771
14497
7329
11353
22835
20752
30442
761
13347
30225
28596
17785
14673
1730
18993
18574
20394
24362
32735
14097
28857
25722
11195
8285
3448
9874
13746
17913
13670
15047
21080
27767
13273
13284
10972
13211
6038
23406
16700
14784
22687
4141
25781
3704
4172
28135
19070
14451
30621
8815
7861
21154
8143
5087
8602
1179
6445
15393
9467
23104
31785
23988
32239
16027
2219
30124
16071
7693
20393
3835
19778
29608
6904
23280
10496
17881
1890
13053
30265
22090
1272
26557
8367
2310
12713
309
10977
18143
16916
21595
32130
24333
27803
4564
19241
11287
2745
12802
23626
32759
25749
25150
22373
7033
23255
22370
22909
13540
25274
10635
29388
20956
2146
7453
23477
30855
27505
32007
30202
31727
27093
27208
28207
26535
27875
17586
4463
20146
3242
4333
11085
416
32129
32704
13
28666
31715
31372
14101
14560
10877
22809
18846
12017
5764
9365
18863
21355
22092
3034
5452
3219
30231
27888
18923
7000
10027
6099
3111
5171
25895
11894
30648
24401
1430
17927
19363
1012
26053
11637
9902
17175
10962
32048
26647
17745
18438
21552
2181
24571
16228
26168
32575
13717
20610
16220
1948
13670
2456
24769
23227
15971
28375
6820
12659
26962
11260
18333
8845
15919
1060
19749
12593
22735
29666
1367
8095
16579
14735
30195
23072
30847
14305
30888
3643
1980
26303
14483
16939
1306
18004
10499
145
25354
2147
22911
27751
1003
25562
19210
20789
22899
18089
10917
903
4945
22996
5398
9630
8464
3015
18408
9318
2879
5355
25523
168
26575
10870
9117
14465
28092
21383
11809
25875
27632
5234
25359
24698
10084
25688
19156
2049
25736
8444
2812
28310
8165
29905
1013
4988
14848
25432
31766
28992
6786
28584
31711
30958
3735
4430
16259
19844
26260
27480
24995
21415
5852
31149
9053
27029
24580
10400
30085
23387
16949
2756
10034
26440
16338
8449
23933
26273
13147
26855
14469
28310
15506
9539
18871
32117
2268
5360
16204
2078
31465
3056
26898
31671
30103
8891
31344
1953
19988
28631
11684
17322
10563
32681
11344
1668
18530
32395
24885
118
2281
18719
5950
28241
7093
22242
2496
30886
14181
13060
18944
4918
18949
30583
7670
28842
28138
32326
15440
24196
9692
15656
2490
7510
9339
32597
15197
2353
8923
29080
677
9825
2674
13477
9800
26199
30260
27054
11396
14567
20220
27953
31400
15796
1838
13332
3541
10728
14746
32499
12550
13864
12196
22457
21582
10439
4770
3437
26977
20537
19590
8783
26966
459
23485
24612
26539
28818
7767
1742
22154
28833
22631
18719
24650
31359
31149
3055
31289
729
26226
7020
5273
31347
18356
19122
3048
2660
9859
12700
16229
24707
22187
31961
28879
8221
29843
1090
20848
19177
31333
7018
24666
13885
12399
20599
32241
24705
31946
3377
22697
15077
22073
20057
5905
15183
24147
25916
25361
19095
26341
30600
14959
25335
26258
12637
10392
29373
8380
23975
19870
22339
1192
22700
22141
1057
2012
4321
19106
10913
32716
2562
21166
30068
16054
5729
23671
11427
30667
14975
16463
21960
11919
28377
19338
9341
13698
13316
21562
20245
0
11516
14909
7050
19302
13242
31098
14519
25462
7172
12647
14279
1533
6281
17871
14830
10674
30253
31954
9815
11362
8610
15917
31837
11338
11064
22459
5629
4293
15606
27452
28299
1575
14057
26966
16805
28904
26044
15833
5734
7173
1929
4423
2779
9891
4847
17300
29627
29941
29797
1066
9298
10337
13773
11056
29375
25310
17485
14348
19551
22945
18522
6438
28297
31480
17429
8431
6012
11126
27611
19491
17301
24144
27927
15691
19142
3335
5979
4485
29251
21063
7088
29319
18046
11280
22058
2530
20822
10515
21951
14724
139
1375
5720
15745
20598
31292
8489
6931
3831
17751
1854
223
19118
11040
27223
31865
17006
30833
2038
10539
26862
18288
31414
15346
20674
2998
9694
4298
5258
10673
32566
7467
3946
7494
11034
27604
31162
29627
7884
1479
15870
7381
15631
27797
6680
22333
8433
2523
24764
15400
2792
14349
28453
11831
9248
18546
11014
12188
3092
10864
7364
25471
25692
6154
31202
16032
20165
27559
13245
11069
4519
789
24185
9270
22131
21453
1083
2927
13964
5241
14488
16246
2648
8115
78
13414
11926
29712
24882
5131
13298
30045
11882
10566
11478
21288
25820
6835
3460
14467
11238
14474
21090
10500
20048
25027
24724
12048
16255
17534
21712
16217
235
32161
13422
30118
31699
23491
13503
3795
9007
18761
3232
17432
29158
8654
1103
27534
6465
30409
14205
494
29599
1897
15780
412
3947
28612
11418
10981
26188
21297
10599
8581
5275
1522
31572
877
9498
31255
21828
23747
17635
29598
18759
7465
29598
18399
6765
29250
1015
11304
24792
11122
80
22436
13333
2790
18354
31873
20397
10197
30474
23633
26102
17925
29330
31665
5423
18064
9101
14633
13004
5608
15927
19284
24847
15129
9212
27201
8920
27726
13800
10264
25022
19607
11103
15617
6750
14057
16654
19009
8947
14951
21537
22694
16424
11231
15798
5670
31786
28824
658
5827
29696
26187
11027
7346
3871
3183
22374
11195
21817
21177
25594
27619
22103
12516
12853
8009
22823
27566
26981
12110
17303
11043
17401
5368
29090
17949
15601
8345
28266
26380
12691
25771
17288
28147
19296
18431
21152
13235
17990
791
27960
4748
26391
3280
7882
22497
13882
14915
23831
827
21153
5614
4799
30353
28922
12815
14351
31687
23338
31313
28186
17268
1015
18602
20491
16616
772
16772
28345
1902
3331
15131
10876
3278
15398
13350
24384
29974
15574
7609
5847
19354
12968
31850
13716
19770
27021
9395
21781
10211
10057
5783
16736
21337
12582
15496
19506
26419
23017
4489
27283
4647
11269
29328
20654
5767
1039
7982
32736
28684
12146
11633
31503
1747
25444
29962
5437
5029
8216
13739
3676
6523
21557
31923
29284
6209
21640
3597
28324
23771
31733
21589
4437
4710
1972
7229
10101
30912
954
7984
11475
25674
23412
8501
614
27372
25275
9749
24290
25178
27397
448
11661
5014
14552
18413
20303
18359
28037
24321
29193
4584
14610
14898
29224
31411
26744
32492
31354
28800
9231
6515
22080
8536
29254
1227
10628
8687
21143
18901
941
1506
1210
31162
80
19773
20505
10124
27209
19264
24453
9515
5387
27235
1319
1894
24628
29079
31417
13667
6501
11983
29174
1857
12368
10943
2382
14331
28946
18915
30943
11920
14532
32452
2977
25185
22604
29047
14560
24282
6521
16486
29168
10836
6736
15955
30748
5178
29344
20889
20191
11883
22493
22709
7767
30176
13098
14342
6646
28303
23992
29905
16251
13967
30543
392
544
21628
2858
8012
13845
17693
30472
30896
20526
3140
18560
22976
19929
19702
1173
10562
22866
11468
3466
1851
32282
1689
6904
13493
421
12365
30749
10432
13394
22554
31863
30391
20129
15573
29329
27076
11937
17822
24862
31142
2471
15555
27204
31922
26181
12770
13626
15128
29306
18254
5653
18280
2599
28340
26591
16469
450
22783
19690
24504
2382
7544
18787
31448
15243
23602
27690
22504
11626
24485
31201
31953
4547
409
20036
23346
17738
22342
26552
32165
22208
26809
20774
6725
24422
30585
24073
11885
16311
6251
27846
1986
5206
9459
9021
24179
30534
18268
22941
25791
24921
9850
10108
28600
16363
29837
18215
7495
4815
25961
17206
7025
9866
20436
8804
29912
16063
32304
1438
1669
17643
29274
27738
740
20307
8401
4906
9744
5178
26395
8337
32593
7510
16740
5141
29668
20357
873
11157
24314
6845
6292
13021
29442
26177
3944
29048
16427
3355
29728
10949
1061
32454
16019
25678
10024
22571
22363
26196
2616
2255
30774
10927
2727
22602
27564
11733
24283
24571
28659
22072
12370
19706
16655
26069
5858
32334
3645
10761
22854
21344
24210
23975
5846
16048
10464
29001
16022
28871
8921
11747
30578
12141
2935
26014
24008
11547
29851
9955
14887
29875
20468
9653
5463
15727
17186
20293
19865
15127
1819
15296
4399
15992
22222
29292
25119
14865
12551
13299
1845
32527
29075
16127
3655
18044
1444
17158
17340
23219
16247
30056
17231
29975
3379
31927
1553
9220
5909
9813
4525
19718
2250
6725
11504
8009
2588
315
15753
2641
10961
20725
13069
3307
17872
13006
9022
28772
8070
14481
31628
17400
17288
21387
27612
11405
25978
16868
28297
23714
18735
26159
4520
18562
30225
15679
26001
27325
14788
26172
13467
11480
15878
28919
26662
18500
13786
26235
16095
13197
26085
16357
14399
28628
3096
16245
22869
19071
27279
24548
11974
26415
31161
19960
12306
9714
1466
8279
26648
14779
15117
16793
1757
783
26222
16544
16521
768
27639
31532
7602
31327
14729
22186
8413
2350
14445
31565
25922
25172
571
17760
6864
26516
23803
24795
881
16832
17035
17204
21903
18730
30529
30583
10199
21084
29648
28825
19005
13065
9840
22026
12352
4931
20281
32393
20591
24301
31696
3388
7468
27508
26182
25856
31408
9658
15165
26110
22095
23635
2893
10623
17149
31220
27558
12289
16146
17448
2550
13705
1866
29253
14221
8252
6928
12447
12223
15657
22012
25595
7561
16234
17050
16711
9336
13675
2669
3464
28871
26761
10035
6675
4807
23263
14699
20736
10628
22364
10261
26076
8358
18457
28089
32414
1429
18154
13994
26844
14305
7220
13452
12095
30944
8190
19220
9013
7833
12618
31247
12005
28128
14245
10406
872
24515
25341
13792
30518
22053
7603
29288
10462
937
25841
26513
14843
2770
31550
3991
13923
6248
10575
25384
31649
32029
288
24610
13478
2672
22340
28063
15803
14034
26234
16687
1210
19719
20864
10596
14718
10960
30508
24980
25240
21191
19640
21210
10819
21898
12894
26206
30619
22043
30244
19670
10249
11655
30970
24397
32002
29126
10754
32035
4593
25571
19503
2902
28273
2397
14865
30975
2240
29900
7151
27936
19568
455
17431
412
31072
2054
9586
12167
28395
18884
6235
20640
14175
8551
25009
23068
26545
12899
12331
13478
10095
8540
1004
21923
29941
6027
13400
32186
31204
5474
2085
16532
976
22643
5045
14816
30009
22670
20899
5019
17085
8233
10652
16782
20619
1029
22896
5656
17435
32271
29800
5165
7709
12165
27867
8863
12463
20057
23548
1180
17874
474
31734
15225
2591
29329
2107
13741
4022
4457
30744
28449
32120
23060
18318
26279
15990
5289
16989
3271
17832
23186
1377
4034
14819
25253
10785
10449
7685
22673
20646
20142
18803
17276
31625
29013
17605
16362
29264
8972
24255
4321
7675
21153
3459
19531
5081
31475
28678
9883
17056
27571
961
8627
30141
3948
25257
8965
8937
21185
7520
13561
13821
4343
1453
30607
20231
10675
32042
1094
9885
9220
7228
18748
3185
675
17736
8086
13350
11642
30756
8482
17506
5220
31180
315
23589
28468
9303
27886
601
16120
29481
13915
13226
29823
8041
20317
663
24600
24758
22381
32201
20125
9749
16579
20644
30640
23342
20671
21021
8517
3513
32648
30155
7265
1843
31475
21312
32544
11989
20646
14233
16381
18374
893
30036
5710
24464
4140
26210
17422
209
9510
21629
11487
32307
4542
15292
24143
27037
12428
7013
27995
2987
20755
18690
19762
28508
25760
31159
827
22027
29301
30162
23640
10145
5927
10916
1901
13064
4933
3728
14620
21219
11578
2913
15571
19068
27253
25312
5897
28413
25543
16807
7364
28900
14604
29744
9311
22961
26637
29233
13194
4577
2725
13356
20114
800
16419
1857
19683
10939
17904
21320
22219
12372
882
1820
28800
21721
3375
7993
13925
19895
25398
31370
11913
24650
28347
29052
21360
20888
769
25431
15383
32320
25981
11726
1330
11949
8504
17109
24504
31631
10613
20658
26785
22156
3988
12375
11759
2866
20534
3567
1259
19505
31650
32695
5553
8391
15719
32527
16366
18043
1859
30673
15593
23310
25412
25057
8896
25263
12589
6405
11508
32366
21275
26359
28200
26355
3432
29625
20262
32624
7632
4137
32547
5332
19922
3797
14660
7490
1113
7952
865
3009
6812
24134
18952
3125
30787
5004
32197
15246
15051
18811
5536
12351
27691
14911
6888
26353
3256
16875
8751
26489
29766
19215
21910
13832
20112
27021
29771
25762
14042
6056
27471
22738
14036
18782
27517
6555
11458
18936
8392
14769
23770
6111
28356
12778
12781
12977
22120
16367
29002
3988
26898
7479
26080
10187
27851
8758
18082
21895
5580
10705
23600
29439
31042
18710
10675
28610
7503
12074
7432
20556
19025
16770
2594
19416
358
18518
30121
31862
15408
16211
29415
21853
22997
7825
6373
21378
23882
12228
21201
7274
24786
17334
4003
32572
25281
23541
5377
3098
20358
7368
31071
13745
27880
7016
2410
12559
2704
23661
7335
1973
7112
5767
7511
4078
7810
3438
18335
16223
29596
6428
25573
3038
3170
11577
125
20104
4437
29911
28293
23821
26155
22111
1549
19791
12054
29643
30076
5932
15177
31510
8238
2199
30905
23281
20578
16366
21792
12216
16468
8327
12360
31908
16038
30093
17286
1346
29188
14090
8836
23332
8
9540
14660
29654
7003
11853
27490
23315
15646
20950
14490
21817
3464
30532
2697
1531
16336
27142
4024
28502
25933
28709
18390
23750
31708
12060
9541
3769
15234
21227
26585
14916
26450
11111
5340
12565
9617
13268
12373
17833
8985
14517
7049
16319
1531
4067
15555
29964
29544
5853
21585
23088
11474
27487
8911
8169
2126
4662
17576
12422
18493
82
26329
8607
5675
14877
14584
28164
9463
32011
16501
3059
15924
10098
28961
13198
16080
21149
12012
27019
18163
21276
7411
8750
8490
4957
23994
4212
9413
31873
10421
30098
6014
24936
22798
1181
21083
8206
22946
11915
11733
27931
4685
27226
31033
32181
14951
19855
335
921
13454
2274
27194
12138
22438
7480
24735
11592
18719
23761
26121
20389
19574
3267
15500
23636
11263
15015
13737
12259
7905
6802
26738
11051
20578
327
4846
7973
27749
20138
10943
11008
21808
23672
24834
16496
26227
17718
7543
16968
27014
5991
13538
29003
7923
18690
24241
6975
308
32547
11742
16452
9406
32257
4375
8804
22846
21792
7709
29547
28706
7112
11370
5369
19547
20917
790
7893
8033
14352
7675
8068
30584
13982
19992
19227
819
8504
14643
3153
11830
29051
31938
11224
31551
18624
30732
494
16232
20046
396
26159
8870
15823
2966
20909
2454
14849
31805
26434
19577
14254
15475
22053
24444
5342
17010
19132
20542
12363
7003
25009
15500
5397
14365
20808
9839
3767
409
15600
18792
14650
30724
26392
21754
