2972
1615
30334
6154
25678
5947
30715
26390
11233
5275
11471
17918
2621
11912
19775
29250
21490
36
32123
24228
21197
1496
31441
31625
31914
18656
10529
24225
3208
25610
5265
3530
12771
17850
15233
28978
19006
21298
13506
12476
22783
20752
1538
166
12671
13592
16011
8552
1890
17716
10798
5855
22820
10169
12409
23210
26869
18668
13361
3541
14279
14789
1788
28084
13989
27635
17757
4114
8774
28447
12005
10892
15586
4981
20136
26935
23108
5473
2031
6281
29217
13974
23340
9846
11432
26709
30515
16089
7514
27372
27302
1814
8220
1661
2481
15613
3210
16640
23544
15602
