2982
1093
18390
12808
23854
17727
7284
17608
28000
19599
11027
18050
3502
28783
20815
15729
3640
22543
4847
29266
22676
15171
10950
19900
10186
19064
8918
8116
419
21229
14268
1405
21796
29472
2888
25005
25173
29574
27243
6790
20295
6014
10838
4738
3668
31368
24800
3888
31145
19890
31784
575
18434
2388
32124
26840
16053
26365
23418
13618
17650
14253
20341
30304
15433
27205
4635
12909
17004
22075
19284
9898
16439
7826
14701
25159
27117
16650
21365
28449
5317
9620
27367
31963
1445
16904
4234
16944
7469
9754
16534
2183
1271
907
6680
5576
16925
1692
9623
26735
