2995
11318
24311
10757
32344
666
19734
5899
28510
27774
10435
18227
26521
29433
11280
19545
12608
30708
12170
25060
2802
11559
5473
15191
3062
30532
28617
8483
7623
4465
26271
20416
11984
1276
8272
19707
628
18762
12791
10130
16977
8209
23237
21758
13510
455
3750
8592
15538
11867
5153
26303
1663
13858
14720
31681
1632
3860
25906
5208
11222
2616
1389
495
28281
15709
8984
2789
6133
13579
7143
19497
28499
697
18376
22791
10618
31552
3454
3393
17141
14736
10891
17762
9974
14754
12884
29007
18331
8110
2176
13599
2929
32669
23201
3116
13367
14529
23830
8810
