2985
11841
3487
4103
1400
21654
10397
14681
11743
13450
10879
18094
25641
12562
10240
299
30458
8201
6678
20022
1323
30652
25964
26915
24789
30123
30227
24592
10412
8846
17269
22541
2959
22423
20618
23681
27229
10487
31822
15817
19465
22947
13938
17185
22513
15448
27729
13256
19051
9692
16935
31583
6049
21640
27773
28050
12448
28931
15848
27899
7851
3152
15603
31043
26837
16139
22106
26763
30671
19951
32633
20490
27646
30620
23811
24567
6608
20375
16887
13993
8273
19091
6864
28413
19961
24559
6397
28152
18376
25727
12944
13229
9878
655
19002
13153
32420
29477
4983
30446
1398
23687
1798
4453
18917
31229
31644
9463
12912
28888
14041
22
13779
30387
2683
5591
475
11513
20946
21915
1144
21928
25460
9710
2836
17748
19249
1711
27683
13934
24649
7794
28411
25030
3037
14114
26086
79
21412
28139
11894
6690
31967
6742
3097
18118
23439
12470
4333
17071
8677
9156
2262
32260
17402
2438
6861
2214
17344
1909
5243
32621
31033
18910
5126
24245
10982
2697
1067
24089
2691
27289
7821
14718
27121
9139
26700
2900
15476
21602
23770
7192
14366
27578
15114
19229
11147
30780
10346
29837
23503
24058
7891
30890
32429
14332
22590
18522
9482
26849
11481
6883
10656
7881
5979
12531
30711
20083
21396
18659
16273
27043
19272
10300
26469
21703
17725
24187
21904
24537
2707
9489
24390
18055
30292
174
29966
31634
9036
1983
24367
17268
11291
29238
7781
25157
12680
22153
17625
24799
6936
14333
23376
11585
17888
18980
9891
6705
5527
3492
24943
550
7151
10811
15885
4452
18981
10752
17605
31593
24791
31212
25150
8072
4631
21400
14905
24788
2493
29768
4735
13631
20481
17705
27160
12291
14921
22743
4286
2881
24127
25122
21138
29928
15143
2066
3085
8921
3440
15145
14904
29257
136
28647
23328
5734
13045
25236
12932
6717
16546
18489
18130
14811
18294
4336
10834
22194
6699
8029
25760
2879
5470
6525
4191
8682
19170
13982
300
29486
30554
11951
1489
28409
30215
11962
6843
21846
9950
30383
8367
25161
31454
1123
27576
28922
6816
28632
15972
23062
23344
23743
1327
4467
29979
9531
26176
18163
12745
8680
31059
3754
781
13084
15351
21571
14587
28525
5625
7583
18938
7027
544
24768
24858
20175
12058
28902
9895
27243
11447
18167
30462
17412
31061
10532
31647
10982
924
30154
23172
10743
29803
5526
28593
10999
21777
22765
17677
24326
26049
17547
15472
4199
14400
4458
8189
16771
25313
25573
3250
15665
24499
32285
27453
31796
27641
29084
27409
1029
31706
5176
13242
8916
5722
15418
16493
11465
11657
1984
6628
7823
18170
13152
25193
18707
2167
17422
26672
27273
31987
2112
12777
22705
9664
13392
14742
8280
11267
7713
18842
15905
18020
23557
12307
21637
9994
19166
15466
793
1478
16260
15145
17167
6798
26471
25612
27904
7214
7286
28250
19433
5946
12351
16245
24947
12615
29271
26544
16247
11354
30204
24930
6849
16033
23289
17977
31508
4705
7626
28368
11375
560
13057
12419
21903
25956
29160
11650
22453
203
4712
27428
23465
28573
16937
8830
12287
6318
5371
32565
23705
1000
21621
16528
3949
9209
29403
28881
18056
26697
9541
9926
23379
11055
26878
1435
21270
20580
30763
28402
6330
10168
29101
6965
979
26627
14408
3115
20702
22111
19716
3530
28358
28052
10451
14669
17838
6612
22901
11910
23274
23721
26009
30580
30286
27947
15429
18968
11436
10358
13175
7301
29592
26203
23053
16183
8814
1622
8418
29093
1175
18624
7994
9497
24839
18502
30304
25024
6922
10138
6285
509
20545
18280
30476
14339
6119
6284
23452
4515
18265
24194
28950
28258
24534
30238
16207
7119
2435
29821
7744
3092
16306
12859
25700
23242
4707
5862
21602
5138
8459
14515
3564
29153
12949
9328
1511
923
3751
25018
18892
29668
31782
1904
4686
24755
2300
29800
26941
31143
32537
96
26282
22687
10935
14647
18764
18565
21987
93
28194
28266
7481
7304
27482
2264
495
5032
21106
14691
23829
24862
23965
3202
6170
23592
3176
13213
20115
25248
29597
9575
15672
7143
17511
6254
8751
26652
20152
3057
29326
20369
744
21233
2331
1663
13983
21898
12886
22776
12532
31876
14777
4894
16854
31526
23614
14739
26795
27466
17442
9776
20024
28599
29160
23802
5569
20650
13986
11601
18801
18102
9068
29547
26108
26574
4665
3585
18818
27297
11218
23624
2487
13350
3867
22563
30017
25463
32152
8343
17505
20450
12593
2175
15574
11581
16178
32129
19710
19067
11414
23360
25151
7805
6021
32467
32421
5930
6683
11895
20940
24258
19051
10624
22785
2927
31684
29846
19108
27934
9523
13853
20688
28044
4424
14069
22335
13988
15133
23396
28775
4872
31893
10320
5609
15598
29154
10418
18476
3885
13898
18247
20805
19607
24106
28809
12059
29066
21051
4317
26824
17346
28692
17166
21314
5233
5104
17146
2362
26770
28594
30859
6724
31610
21286
12009
13625
20400
18826
19438
20953
16894
12365
7131
7605
21192
11030
1353
12365
6557
6408
14690
19061
5900
28485
13392
9469
22713
7344
8694
4752
9136
23288
31454
30941
6392
4306
28019
25845
2156
10629
26481
16116
26054
1452
21401
24804
5117
26935
24489
5342
31441
2740
24203
15986
6819
10189
6861
13130
4747
17169
11601
1801
19621
28407
11334
20089
17579
18975
18006
7654
7369
4316
7713
18117
29868
26608
31211
6298
14045
17558
7057
10520
20557
5574
21698
26505
1585
4788
11115
32624
24079
21146
8819
20077
19481
4535
31401
29026
7099
18327
32763
11476
18032
29334
14056
13460
11481
15520
32312
5790
26128
23866
30954
19777
6458
23750
21614
15488
5467
7426
16148
7865
7023
19155
8901
9348
3766
7489
30705
19422
32591
1474
17608
12935
17160
13755
7341
26536
4213
7492
13287
185
20543
18220
23450
30114
6335
13884
31222
2080
1995
10176
21167
14955
28368
24388
13229
6422
1313
24476
23044
23606
5263
13607
8998
9158
21562
13652
24152
21322
26023
22372
21090
20659
10258
2674
19339
10883
22021
11441
17860
26929
8489
2038
1828
4047
16477
30582
16020
4074
9221
6864
31436
13490
17572
14926
3454
18778
16302
16487
11984
32450
13975
27785
29968
21588
9264
8982
29859
2092
7219
32429
7231
21115
10524
1706
8539
28717
15419
12016
4323
16585
25608
1254
22575
31641
15542
11711
23094
16396
20235
6655
25855
1368
20846
4666
7001
11619
32578
287
9932
16100
31346
7862
17871
2757
27469
24806
2619
16589
21141
21818
23552
14203
16850
18405
5143
27445
28140
23555
17336
30882
20473
31009
31692
5716
18516
12800
10405
20906
30703
2198
21997
4852
17386
13142
28380
11481
14180
18353
20142
31478
14225
28125
13653
21448
15884
469
29803
20940
3439
17825
26730
14308
5154
2263
4639
29949
29040
26978
25692
2799
20704
4482
6638
23716
4034
5908
10190
10109
24840
24596
8092
11249
25431
12384
5704
18808
23902
17598
25363
4519
5223
7969
19126
5788
28971
26664
27360
30876
26347
2536
31206
30459
20668
26603
11958
2108
14627
22648
25870
15738
16353
17173
20971
29959
4624
2123
23619
8274
10351
5801
28150
8462
16379
20748
20739
400
16575
10781
27895
3193
1772
6426
30892
1942
16940
19418
29743
5636
24372
14859
32514
1432
12184
32191
24196
2941
17380
5415
18605
13343
11240
29085
18174
2632
4435
30696
17848
14729
24708
21948
9037
12252
29596
20609
21524
647
29656
29013
28224
6724
25886
12884
12819
27294
4053
4375
25167
14494
15610
10874
238
13479
30832
17315
17426
27551
19864
25664
22335
21327
12834
26127
15560
30221
4899
7588
25479
408
14439
103
17617
15683
29192
27612
7849
11094
17471
29223
7732
22961
1403
20431
3694
9650
8880
28354
24346
30553
32242
6809
6143
14250
6978
18974
3153
1619
4008
8715
25198
29327
26242
5397
17355
15178
28955
17705
18733
23174
13439
2550
30492
24573
27022
16555
24212
24328
17232
18690
13823
29631
28552
21373
32352
9058
1420
25839
2257
7160
22355
13119
28719
5941
22736
16233
23316
25761
4478
20677
6661
24311
19517
13708
30189
20683
31068
27800
17098
3184
30455
7275
2727
15129
13187
31603
25802
10046
24231
3469
19758
1602
7245
23239
4148
1362
28154
874
7829
7568
18010
21816
23963
29553
31520
17906
18321
17763
2317
30493
28792
11700
24141
9990
17147
15279
7946
13060
2469
10248
6204
3837
6226
10362
21694
22059
10723
9902
2215
22816
17974
24159
18135
19720
17494
9916
13520
47
15598
27405
12488
14275
260
5786
7676
6874
26851
30664
19270
20150
3929
24198
10226
10312
19747
31207
15054
5876
2214
14608
3968
11412
11744
13141
3612
26303
25245
23455
28918
7499
19182
785
19637
14864
29143
28395
24233
7663
10824
1454
5471
22292
31822
22401
1906
3191
29323
1491
19619
17065
23524
20034
27948
24013
21881
15547
23378
1252
12506
18659
11066
19023
2680
25270
31997
15758
9305
12910
19710
19022
22800
4007
7804
2211
15085
29632
13411
25234
13169
27524
19560
13010
14084
19466
4180
16595
24810
11993
12704
15872
2932
31056
25411
10306
14451
29510
9672
13765
24050
12525
6563
11774
27429
21500
19397
21485
6556
26637
12398
17823
24252
24131
16451
29944
4464
27697
27552
7599
6172
20983
22575
23706
13011
19374
7354
19500
13769
12807
28477
19004
18443
3630
31040
19207
31341
9461
18019
23929
19140
15662
315
17576
26454
9560
29276
19106
18063
15487
30135
12392
26358
605
23079
24378
19295
29381
24390
16149
1889
12354
17797
22139
28682
16891
9340
6002
17618
26841
31614
32207
25806
20460
12401
25268
25638
7179
28892
10584
5577
7867
10562
10502
23903
12371
1711
30825
23936
30045
13968
32262
22051
4926
22727
27146
18265
6170
22527
32070
11323
6642
7229
16760
25120
20751
19384
5836
4116
12708
3563
15010
8838
18607
1256
11154
12097
24608
28911
3757
21918
11837
12863
31238
28407
5189
7468
18546
9054
12371
21618
23179
13967
18054
7625
26875
8484
17759
25786
19447
18952
26986
24496
23561
29742
17441
2898
20499
13443
10765
28688
15505
1057
19502
26108
6174
17093
157
19164
26938
15747
32368
24189
330
3512
4318
14666
26848
25665
1444
4380
24893
5354
23206
16468
7956
30249
28378
17192
8849
26893
14946
7994
20634
7537
20984
26991
12629
26229
14735
24062
30698
13103
18999
16071
14218
32669
12098
27623
27056
20958
16037
27273
10662
6050
12449
19966
18764
30688
31394
14097
8981
27847
20839
23956
19794
14838
5731
22591
4787
4847
13411
5819
21514
1481
12146
16889
14163
32294
27641
30408
18418
29797
28971
3751
27707
7449
10912
27351
21559
11449
27968
30133
17829
921
17251
20039
26944
22040
17463
21013
32064
9499
31329
31034
4387
6843
7655
14522
11949
7995
9549
24342
5166
14909
29182
7966
25603
5173
7150
15623
27999
11293
8318
4541
29260
5483
30880
22650
3820
21056
23099
31384
9733
7650
10449
19876
30396
15212
22879
30643
16289
7364
19844
28153
4844
30158
27110
16791
16390
4063
27602
11957
30284
29045
16930
8657
1295
11813
28004
10070
23775
29396
11064
31089
13833
8746
28922
8224
94
5444
31137
22412
54
21673
27367
12440
15541
23936
21931
8122
9037
18176
5523
28170
1156
23591
21493
16536
19960
32175
12792
10755
9632
24638
24054
31303
19028
31453
6181
16599
23952
14763
27255
13548
31349
18642
6078
30748
15888
3003
1556
26414
9439
5246
10362
27949
24977
12189
11199
3259
4366
22513
27300
5032
28599
9956
27965
11459
29679
5345
30618
17392
29146
7689
27559
28795
11364
7976
593
22956
30598
32487
8170
18844
20421
30531
18383
25158
2811
4925
29512
10465
1625
13523
20399
23406
30125
14128
10197
17549
14305
288
31905
404
21700
7110
4346
28386
2062
8593
27879
11889
32158
6508
7157
31915
8965
4661
10970
18303
12872
4721
10327
15283
23010
12350
11619
15484
9737
25992
12421
31052
3890
29824
10370
5611
20951
28746
16952
6345
29560
15862
11722
5011
6368
8626
18173
14852
4521
11326
7394
23294
15618
7328
7350
28633
11184
2584
25606
13819
9043
27222
32278
1704
26347
18411
4228
24860
26778
15614
15145
23255
18604
1600
12096
27193
17876
16930
16842
16206
696
12357
32049
7915
17584
1329
30251
29690
4043
9803
26593
2834
17428
25089
23377
11339
8211
30792
24048
1872
19606
1864
2964
9653
21937
12373
28562
22411
13571
2338
291
20018
20795
11569
16141
22895
5851
910
11903
31422
3644
3261
16700
17130
4818
19697
26363
11738
4018
9855
19982
28846
25937
14481
5955
28171
23695
5663
264
17586
19188
26907
19922
11352
19513
21996
27071
5298
13578
13086
4986
15055
8970
26968
3167
10410
19992
3982
5087
21248
32465
6007
12838
18783
20053
7746
5628
11392
4942
13701
2537
24278
8239
14454
17565
9063
14010
349
6286
7899
21701
4937
18147
28370
15933
3074
31121
19323
26731
29248
10436
26467
10870
13338
28544
394
22314
27073
5000
23996
9207
12398
17535
5918
317
12697
22093
264
18375
10860
31428
2578
24469
1911
16004
21874
17374
26789
19739
32389
2133
8559
16497
15019
17324
2383
32612
19800
854
12408
28591
616
11410
19652
32528
8883
28325
29422
18346
5858
10854
28673
21416
11393
29440
22288
17443
12629
3060
5928
24389
22767
2141
11651
18863
8321
28536
18430
28441
9457
2659
27597
24120
7980
16165
29806
7141
31421
7407
32475
12667
15006
32162
5380
31361
8269
24720
11644
30089
18723
25223
21363
7255
13794
30476
2788
1862
28813
18148
17679
24552
17532
22489
31018
26349
15535
25018
13652
4422
23651
29860
15306
138
17891
21632
93
23192
17313
11725
6692
17534
26501
1952
32110
1177
13445
5864
4602
4094
1654
22263
31083
1817
11297
2878
6646
26004
26522
3672
16734
27002
18637
4683
29730
30109
5722
13834
15605
29493
14499
5182
4206
30409
23330
12101
6401
11347
14337
24187
32558
20127
16868
8377
504
11764
8202
30748
29593
2550
12436
13064
28276
17099
1316
18028
22091
9597
3498
7495
31154
22431
25979
363
26563
9780
30372
385
19988
15308
26493
30797
29414
496
1665
6451
8095
12736
10332
9722
3963
22491
11334
12753
13950
20351
6800
5519
29869
30962
4476
31039
2429
12064
29778
5852
23436
16517
4272
6745
26767
28493
11810
17124
29067
15546
15346
10604
14153
967
4418
20577
23300
9995
29527
24763
14180
21983
22072
14397
17840
11459
2936
11515
25407
13566
21328
10778
2863
1925
1009
2519
22618
5918
15127
20682
25478
26053
19938
11884
20956
10575
27362
26328
10140
9037
8816
2510
13070
12339
18757
6909
9148
20922
26949
3970
8670
14466
13468
17580
31254
4348
12044
21506
12637
6023
389
26759
5437
14297
11255
31036
7234
15265
2404
3303
10923
19562
23097
27411
3940
19651
18654
24152
19769
19613
7308
27612
1092
7412
3679
9242
4007
18098
29868
28898
11137
26832
14484
1185
14106
16830
18905
20195
26465
26629
1265
6678
32153
30251
16217
13969
22095
11734
28204
22229
25743
22069
6900
274
27991
22940
6848
14829
5964
26222
15223
19584
8876
5952
23403
21410
23940
26171
7985
26729
10275
28610
14769
6638
7630
18517
31353
4688
13749
27062
5719
3324
28710
31562
24102
555
25601
31169
22504
11180
16492
506
28181
18147
5831
17184
10547
14354
227
23578
10151
29399
30574
10274
18379
19446
27826
16051
14400
6233
32640
10921
25222
15701
23142
7332
25545
5679
4904
7341
2046
21215
7790
32540
31535
13331
11195
8376
9491
18551
32158
11809
25314
3892
4652
31339
4967
9142
12205
10508
10583
22195
10646
12024
14305
22633
29112
28426
11654
22567
18870
30118
12587
15630
10428
6045
21869
23577
10606
30800
5684
20315
5151
15129
21643
21128
22852
25574
17583
18615
4136
11047
613
20326
19937
18667
16273
703
26754
31557
16645
22298
31378
19445
7575
11202
15037
22852
29558
31484
31690
9776
1982
19269
26829
13769
1097
17884
20894
30171
18377
5760
7049
15565
31763
30843
10823
24265
26302
5343
21805
7710
10221
5648
15524
31458
23401
5250
5081
9691
20467
16580
12982
6816
18648
28350
1040
9467
32197
26167
9250
21906
19677
7322
17210
10694
21257
15353
8370
27356
24207
6994
12834
2138
28647
3089
19156
29108
15562
8407
22392
13096
27019
20858
537
23015
27818
8269
21072
25461
20647
9377
7608
15442
18452
7819
23713
4570
18414
30696
14089
31594
7213
22175
24008
16068
10906
9254
1034
13237
22497
11848
3330
2805
17127
17701
16861
31822
19037
31354
9205
8192
4246
26146
12104
30565
29077
5085
8488
26833
8043
32337
5940
12988
22720
15182
6790
6691
28079
15702
27438
22571
1751
20061
8159
2824
25262
10189
28137
11805
32025
19405
11623
23908
21818
963
28090
26641
17801
10263
11830
30322
8743
5435
3866
18202
4463
29160
3782
18238
21197
10922
10024
2655
26579
18078
24440
25897
21385
31098
9765
12188
25605
5839
1807
29289
14908
19083
4598
927
1048
15042
1330
22150
7371
30382
4261
715
1890
22260
17647
18142
30621
13096
736
2457
23806
4244
32563
7970
9248
11829
11897
21778
8778
4615
11603
2519
24388
31619
30948
21335
12649
24421
2950
30933
24574
20658
12732
17433
16322
31482
11113
28107
32198
4570
27967
10529
3199
22982
5753
4794
26394
11781
28365
1737
7951
10237
156
8821
26617
19377
9069
29824
5541
23944
2713
8487
16489
17744
11335
32074
951
8834
5275
25805
2801
30152
31019
20542
24703
956
8371
28088
13088
21747
29449
16647
1405
30522
17747
3852
31748
25631
13943
6243
15603
12468
12243
26436
5811
27279
24111
13479
24680
17941
14063
10412
18630
505
23949
31289
1830
9215
32071
12773
8921
29446
27413
5141
17596
21061
9182
30308
18188
25045
31467
1097
30588
2159
3228
14068
16261
19064
18778
1144
9982
4666
11468
2607
25836
19829
30030
13914
29339
1046
28575
13577
21742
19526
10969
9275
4083
16294
10407
21317
30906
21977
23986
4472
22888
18500
5724
20478
7047
25361
5041
6917
27808
26490
29850
11808
4364
25412
16212
10217
22791
8585
7969
8428
27654
6331
10814
10688
24139
31206
17428
29815
17590
17717
28594
11577
15070
1976
9851
17963
3936
9828
1820
14997
2679
23132
28866
3397
717
17007
24201
1582
13457
11745
5943
29525
3786
1134
1322
28910
27371
28556
19087
31937
25255
10481
26069
22739
14342
4693
31329
323
953
31353
4484
14706
7595
13160
26538
29798
29656
24060
6612
7281
17250
3749
18248
32269
26593
12134
31622
23051
13563
17184
29823
25325
3638
28179
6402
10640
12553
26530
13175
15630
25913
14678
17615
482
1891
28454
955
1101
8660
7414
23580
18937
1953
23901
699
26333
9717
11691
28987
22880
32677
19243
24140
29121
1802
30117
1569
18614
18959
15143
22307
2387
9353
12549
22247
4654
27847
15903
21341
12737
20074
23138
13387
527
18295
26514
250
10123
31659
1862
28208
30517
21007
4660
2141
18438
4300
5294
19993
29582
27455
29805
20174
18908
13904
9102
8626
31902
14080
1242
18681
17801
16194
25930
21832
19451
3340
11978
23916
3551
8109
14398
7756
20434
30561
22211
22300
22659
29475
5175
13780
31584
16578
12027
26593
13935
4919
18167
8986
26489
4918
23519
15093
23662
15875
181
5627
17157
9863
26768
6009
15267
19619
12443
20857
4990
32452
2912
4848
27138
31160
12615
9785
17780
15040
14937
21442
23253
14310
17738
32006
3337
29328
4023
25531
26424
6230
25516
29004
5749
9745
32361
4745
9885
16692
21606
31646
1666
15200
22164
26689
5961
29746
7398
11312
19217
3424
6672
10203
5846
9476
15503
30045
15252
2615
8425
25009
10927
8162
14646
1571
2450
25041
3551
5636
6294
16393
31654
13474
294
17500
4838
26488
20258
13882
31772
30881
6528
12490
1447
23955
7737
24377
16076
30217
21859
21331
17405
14145
16282
10832
8283
5992
29605
29680
26745
19795
12119
4042
29283
14447
28594
29920
20191
1275
21587
6008
26610
24692
21002
24871
26790
21073
30920
28463
21003
3313
20670
2827
24956
19154
4803
4423
11299
3075
16374
14997
5056
18396
23717
31518
30885
26348
21102
27670
19717
6451
15780
29587
28015
23697
10741
7839
25238
18303
585
24971
28755
27645
14316
12935
5613
26315
25840
12912
25495
28380
28109
22505
18746
30984
26187
20653
17013
17409
15778
3364
995
24712
30175
10804
3484
2529
27273
11609
18174
25220
27269
18168
1965
26901
10551
3824
12760
14742
19178
28531
16830
28380
4210
12820
30321
14399
26127
25376
30682
30614
22933
32562
7678
31587
15306
7938
15743
10570
28944
5502
7526
11464
13636
13340
31263
32289
22245
10606
14789
21914
11641
11767
13729
24297
20268
29501
15597
16618
18875
2335
13533
19859
25232
11625
31200
28202
8751
14758
26147
8117
11984
9013
8534
5043
14925
16799
7604
18697
1855
20264
26173
12607
18788
22436
8774
13804
25925
2444
29236
12911
21269
7505
2437
13792
10459
18160
10768
8519
4052
26055
25741
30219
10514
26279
16983
26797
9578
3114
15473
2997
5261
4423
9159
9965
12149
23075
24247
3790
8707
10026
8144
4152
6118
32351
31194
17510
4286
16112
29974
24864
16257
4878
2503
22834
31006
13307
9200
24862
30305
13413
5216
11278
27927
17650
4844
29964
17522
10012
13820
10357
26799
16959
841
16811
501
3824
32228
12555
4737
19601
21883
24095
16384
13602
6872
6676
19516
9050
7594
5742
251
24311
22408
13306
4900
850
2099
15876
16676
13366
26395
26059
12432
5362
3621
4658
20236
13741
428
22456
14955
27386
31174
11434
29720
17325
20680
11672
25524
4332
15116
1541
27904
13449
11249
20834
7422
10639
3108
2110
12883
31514
9502
19895
1264
7532
26094
12596
4337
23870
25913
14422
10437
22868
17535
17707
4752
14932
22687
11429
5325
7384
15262
4427
13880
25026
11172
22063
13547
22736
23367
15904
30919
31088
5900
2848
1301
7637
25643
12825
11629
29770
31891
30411
4567
6854
19502
1033
9777
6337
21350
21541
18641
11079
4840
32169
11371
5963
25768
14407
6452
30269
26149
11795
18759
12511
22510
27888
25672
7252
5733
3144
24136
28025
4035
23297
15849
30329
23388
10668
3523
25244
22053
1279
32006
25696
26739
29829
29536
2507
22789
4500
7201
11007
20805
2688
11421
9999
30411
26126
27089
25361
15907
6955
12618
16245
23248
20702
2371
30613
28816
23164
31758
8076
27106
17435
17077
13388
6086
840
736
29163
32452
8189
9209
25662
29999
27085
32655
26025
30379
3426
28920
53
20717
7721
2107
25827
3522
26700
25645
27969
15955
7905
30681
23354
2983
14945
16165
19250
12393
7003
9907
3155
16364
17769
11014
21281
24172
18020
29414
31317
20119
7636
26885
17896
30795
14506
6370
23662
19618
21810
21230
27301
11052
25411
23534
9550
11387
13497
11168
7483
30181
4644
32417
6570
31365
1986
16270
27857
19843
32427
2921
30394
27029
30284
21823
19025
4550
29206
27912
10428
12151
28535
28111
18154
20899
30730
22291
4463
12647
9227
21868
25231
24513
8461
32370
24216
152
4335
986
27254
14076
21772
8674
28801
9904
6578
19696
26521
12005
13782
25205
20597
16969
13061
24856
7480
64
4510
27665
14149
29553
7487
7634
5973
6533
25981
28141
9159
6187
11992
11826
18743
17248
28653
25367
337
22765
12014
31582
15335
5425
21328
10993
24130
1312
16323
27921
19638
14732
18535
29103
12921
16292
22845
31258
31670
698
24796
26843
13788
31561
21349
2269
19004
20278
22968
20434
18131
18262
232
8145
10596
15921
32237
19524
24779
27653
22937
26113
30861
13326
6350
4791
8883
22277
13549
29580
5081
12007
30865
24324
25986
22519
5246
29221
29358
27398
212
15577
25263
11506
32393
3475
22072
22381
19733
8245
27319
24319
26735
13362
2020
23118
25401
19951
11162
28318
12599
10096
10215
26004
30214
5168
1887
20543
11275
23632
2997
23385
14249
21236
31372
14537
15031
11243
11402
17005
15409
21646
4782
14871
30765
21482
9700
19157
27665
30241
29911
12150
29444
18189
17415
8777
1698
8231
29723
31272
30708
19879
8824
6325
13471
3821
14354
3556
27739
30240
23170
5306
10919
27413
29530
19796
14524
21874
16821
22570
23487
12819
10770
13973
17210
6060
14434
5263
15309
28336
2143
24506
31265
24690
2080
20389
4638
16779
18666
17226
28254
31611
21066
6107
23521
14739
11104
23742
32258
23826
3710
2262
16041
31886
31474
5380
3779
29333
6431
8173
2799
16277
9427
32510
22650
17145
20948
24750
20110
3989
24252
25603
16294
24388
18951
18776
30533
27087
23915
8285
16360
8977
872
5983
1337
9305
6943
20426
26245
17680
15975
23532
19824
9884
11806
18939
23784
14211
22717
24666
19543
29140
12079
28440
797
22723
15332
23226
2109
31123
12321
17466
6742
29625
23450
29263
982
19518
16962
24559
32618
4197
17506
5138
16569
2958
3304
9914
30033
5210
14850
5936
20961
13584
29676
22416
32682
13119
26119
12679
32304
15013
20010
26716
19765
12112
5692
15405
29415
27395
11267
12924
12889
27099
2871
18410
1584
10802
11739
28481
13215
17348
22221
440
2453
31248
27291
1139
8244
19970
19096
26442
11398
21198
26159
8395
15467
18975
30328
19330
28374
19313
6153
10360
31801
31419
14095
11001
9022
4690
413
29082
19896
17418
21571
20603
473
13726
21731
20682
29605
7250
12224
18824
19110
15318
10968
30096
28642
19566
884
10965
30730
3152
18941
5867
32244
77
12305
9417
331
10164
31958
28621
7558
10100
7054
26624
11542
12416
30828
2972
11492
9592
8102
22987
29690
17285
21196
25266
4992
21125
2136
6318
29419
8296
2438
18141
31857
19417
8806
20705
28096
8737
6191
8160
8431
5193
22998
24783
25013
1919
7903
30705
8921
1212
26740
19866
10217
2979
6324
22585
30511
3243
5197
1941
10209
20096
8781
30039
24728
17063
32309
32457
6659
3425
20559
11229
31197
17619
66
1905
23068
11107
5604
19665
20588
26981
7247
3710
18907
2551
15159
14894
3798
16169
31355
7699
17236
12642
25593
21344
14161
24063
30631
12810
7038
18748
9696
12747
28215
1880
17403
23661
13493
24820
12066
13637
21637
5821
4449
14846
8504
2122
31998
24728
29277
16967
21001
13999
21932
14292
8755
1537
12676
11048
1764
8747
27544
2426
7559
17331
26597
15905
7721
5195
29671
16634
16450
20564
29196
25610
25042
8610
22889
9316
9392
6015
23979
589
30239
24562
21329
9375
13475
9793
9241
19307
26643
15028
26552
21986
16366
26524
29902
24438
19442
6036
32281
14396
8939
12551
4073
15509
27594
19186
468
20493
31990
7915
12458
32643
1511
23651
5292
3723
30448
16680
2040
29712
7004
6957
20808
2622
6589
6030
18140
30110
20097
719
7605
1923
13510
24165
14596
8102
20848
28535
3554
20749
21624
10981
28481
20017
25734
8842
22051
24671
18627
22462
31242
28255
25832
5919
19887
22100
15260
16786
13302
7907
27388
9860
290
17303
22395
21366
7237
8324
30956
31928
21755
16683
32221
25460
16728
5790
14631
23791
14367
22757
3523
24332
15157
6047
19679
13842
26197
15852
14897
18350
13828
3467
10892
1852
15048
21824
28849
32578
3221
26233
3175
5181
4744
3632
20430
25761
29400
5395
28400
27163
16137
2787
11673
16409
12386
24858
8041
13196
2210
6352
11815
32748
27375
2015
23128
23933
16655
31046
27152
17618
218
11467
31241
2959
26095
31205
9458
15987
29607
6616
13577
23701
21319
23842
5100
22509
25210
20502
27820
32535
1534
4807
13348
13396
5277
26663
2953
5586
28255
16496
12610
31533
5118
17091
29689
27701
21146
6671
23538
29938
22446
2357
32411
31461
16707
2666
12389
30609
32355
32220
2259
15418
5073
11160
27856
8941
6391
7339
4934
20672
288
3975
14316
27995
1255
2985
28768
29623
16367
22649
22389
38
22229
23410
718
16276
14691
8578
30380
25612
21767
6068
3076
17022
19331
14092
31957
32191
485
10162
2744
25297
7098
8020
29625
23141
13951
32453
10597
5022
31064
29418
32292
19480
19717
7382
15561
22825
20497
1332
24168
22118
23372
24293
21095
7529
10876
23787
3288
27346
32080
8070
20230
21644
17557
31900
24142
30034
12204
10078
7473
29041
11836
31529
15015
14543
14884
28074
27573
10796
32180
27718
25409
31656
10780
10425
31782
3205
4644
6397
18820
1071
23838
11885
345
25209
26137
2090
30038
25898
7000
9406
3563
26296
29187
22271
31653
6739
16923
566
4793
18725
7859
24961
1249
29913
32350
24182
28006
858
18404
15113
25470
22493
5945
4784
1753
32033
20143
30405
14967
17653
18538
10795
444
252
15380
16436
13254
14509
11475
8898
30974
157
29560
17325
18157
22273
14586
32101
20050
10606
29986
26329
3953
26596
17799
7831
2221
18699
12477
20788
13145
9148
10698
32494
17100
451
26585
17552
22963
20452
26163
11158
10668
20252
8298
17810
12560
11048
24279
5838
2831
23116
10055
5171
1539
10829
9714
14441
29694
7871
8877
29760
27045
1159
22112
32335
24386
24216
13497
17883
26644
4096
32290
3322
29674
26408
11761
28151
20208
28247
6367
20473
21448
9593
20412
3808
988
2335
6753
23152
31219
2758
7909
4273
27395
24156
2324
6037
10566
16640
17948
31196
23952
7434
10378
19253
27360
12107
2165
6054
12341
4502
13305
25133
7331
20094
17384
30376
18853
25186
10427
4850
4021
19879
975
11087
18714
7237
8398
19978
14082
1669
9066
27228
15568
3849
15698
32400
26039
16908
94
29029
26760
31211
8461
6836
7624
19684
15666
16210
7174
2078
31466
1080
28267
23530
5073
7393
6547
7497
8310
14580
25243
16558
14348
29987
3196
29189
14434
21331
32663
28147
18965
32253
3985
96
29956
23252
21344
19507
22788
12456
17318
16476
24277
25738
4926
24088
30037
4657
30229
13424
12020
924
19004
13571
21352
19449
22331
17926
14754
2502
6055
13705
32256
5174
16631
29180
26820
6102
32147
11249
6341
26224
3374
17700
18020
32303
16214
12472
12994
3077
31817
10435
5936
27978
20491
23821
10471
29862
11189
32533
1274
30256
20752
20309
6280
24279
7266
4039
22838
23298
8328
32680
25052
20595
18757
17532
18303
12145
30682
25682
14976
24358
19927
13641
18450
18758
6704
26195
20465
18673
7315
1337
594
219
4857
9696
31253
23722
17788
3786
18242
16799
1128
3807
32179
12921
19604
24686
7182
27286
1523
15727
24311
13404
4198
2315
21635
32471
4820
12894
17391
30371
16509
13435
15762
9741
2187
22448
26384
24693
25578
6156
22481
31991
13658
21791
6577
9290
28611
12033
8697
13799
30408
13462
22159
2158
28062
18191
29545
2374
26655
22196
25671
32644
12826
23777
26274
30223
8430
14159
2015
4353
9047
18581
21449
21072
903
495
18238
4525
3961
14909
23336
11180
7042
30287
15280
11302
4905
1631
32686
30684
3128
7391
29795
14684
4115
17014
20842
5417
3913
19269
26860
26902
13161
12654
10260
6899
791
30935
31682
14955
3166
43
28036
31277
2376
25378
3266
17482
12972
20995
30776
28126
13640
615
7081
19955
32015
7487
30162
15266
19140
19992
31390
14203
18376
22430
26008
17448
3121
20831
4261
12876
19227
29394
8947
25521
6467
3992
11309
18851
466
10497
32753
8855
23926
14546
25987
15121
8119
6470
28611
13764
3721
11858
4444
7930
6173
13357
16703
20278
15101
22288
17232
24856
13400
30779
26974
16002
26778
17464
24665
2297
14912
32355
23999
24910
17131
9642
16728
21117
8883
22162
32547
25557
22973
3706
26000
5721
24592
13348
5103
20839
28580
2417
13609
663
13500
27244
21166
29926
22646
32138
21422
8980
6561
14641
31884
2378
26574
25206
656
14848
13482
26923
2012
14878
28555
17689
5025
26721
24392
14474
23186
29697
20046
7179
27545
9873
15600
5999
5321
1318
3583
27671
5269
3259
24987
13425
27455
3540
4680
15551
24723
27490
2117
22810
4564
16615
22297
23734
7159
13274
22894
5735
13839
29773
16162
30308
20489
12493
16796
16716
2457
394
29276
29798
5492
3768
22486
16173
23744
30260
19585
13836
30408
13419
21547
8806
18677
5240
23439
5081
25338
27532
5673
5828
27470
9107
28233
13318
12255
22804
15207
7689
12037
4185
12982
12032
11444
17873
17915
7276
10231
23986
25760
997
17561
14050
21252
13591
32037
25880
3094
23819
12562
22079
24866
30376
25399
26395
19435
9337
15493
11054
9977
22448
9972
27613
16436
26731
5310
8911
31154
823
18380
29590
27854
4050
11629
26769
17274
30006
8782
30480
15318
24274
12967
3770
2561
26395
10930
14380
3118
19267
2913
1763
1275
3144
14160
25180
20479
8497
27641
27257
17570
7829
23335
31527
15154
30556
30893
4926
26675
15049
20567
8873
502
29625
30753
966
25709
3365
29351
9231
10045
24558
5597
8187
23061
19930
18944
22047
23358
3545
13516
13721
31860
3470
9456
19374
27125
3082
20927
21682
2007
20955
17192
21544
14750
10821
30184
30763
18446
463
4094
19469
22846
19970
14687
32317
12014
8813
27884
15726
7962
5868
21921
28917
31440
25386
3087
20595
22334
21349
18444
7861
27919
31345
23209
3032
504
17664
1124
689
4237
21024
31647
25964
8794
13573
14161
32114
4143
1033
20988
8849
7355
22769
6367
23895
7516
9842
7020
2238
9526
1780
20220
14095
26243
26773
6850
24064
15913
14961
24573
3615
7570
32545
21106
14708
18104
26753
13594
19810
3711
24758
20248
9167
6472
9328
11501
3973
17859
21101
495
2007
14852
5183
15864
14215
18138
17486
11099
29415
5468
13600
10524
22847
21188
32216
21856
9583
20097
28669
15394
29141
16007
6781
24104
29553
7658
32242
9269
28743
22955
22051
4737
29957
16338
7374
20582
3558
25788
10661
22620
1750
29367
5014
25639
30423
6092
14159
26959
6819
1500
1794
14801
17043
14575
1893
7444
22463
30664
7678
29982
15463
17085
5277
17416
2962
9413
30250
9647
31732
6867
10400
4525
27157
1378
26714
31112
19888
22609
2190
5928
7769
31986
7447
32655
27491
6750
29047
19908
11009
14347
28956
31248
1195
28320
25826
12653
6852
6919
10714
16700
6009
18372
17738
27446
236
16518
31220
13733
6290
1020
17051
3028
18905
2026
21956
17092
27663
892
5818
22048
23423
13274
6100
29043
11741
20220
4602
6553
1508
6336
30054
2676
19005
20026
30632
7392
17315
23371
17133
18664
26181
3701
10880
6202
19051
16109
2193
7384
6237
6386
10550
16401
27521
1118
26287
32176
28867
22907
23278
24435
17465
22551
19031
19646
20999
5339
11204
657
16001
20696
29132
18360
6544
28515
31045
12609
24919
32291
16647
2867
6166
872
20211
14717
29006
1726
26164
9517
23078
1987
29381
2530
24845
22325
20019
14212
16545
1615
16805
7218
4559
24662
26905
10876
26940
8815
23536
28627
25572
26035
16045
28477
26370
28549
8698
5198
5935
23587
21228
21075
19149
22396
135
17360
31654
22594
23173
24109
31697
4415
3411
3500
29142
3308
16221
19870
24593
10048
29579
4311
15196
22982
29963
3679
21736
3570
12370
18026
7020
27061
7517
21386
30594
19023
7997
23588
18253
24933
31954
14369
15712
10323
22231
7909
9947
7619
16158
29061
23767
383
21789
30004
25861
643
2986
4607
1425
4951
31747
27067
20557
22683
27153
23355
26891
26083
24046
17862
2890
15558
30372
8391
4886
16946
23096
15303
3369
7682
26343
15001
4694
14547
2479
8660
29224
19475
24081
1927
28870
14426
31510
15399
7193
5630
4496
32716
31793
13282
16290
6045
8933
30862
15746
22409
24250
22917
18302
29753
5383
23762
26941
12610
1878
22757
3656
16286
2060
26269
31688
24669
25165
14758
6034
8088
31002
21253
8288
15271
25020
16881
15201
3219
32102
26341
31477
32718
22038
27891
17073
31778
17084
27995
11434
16872
5790
29020
21488
7034
24571
17994
10328
29163
31214
22497
12159
6645
30102
1241
22283
27954
7796
8634
15412
911
7700
7666
3204
8447
752
32549
25562
11116
11921
9924
19381
15603
28407
5601
16303
9808
18235
9026
23368
30103
11123
22452
5349
21798
13270
25761
10777
22231
2849
26853
8482
32634
7225
30686
951
9858
17169
5826
14081
32254
1230
9270
5351
22219
4905
24092
10894
29960
7957
31148
16416
2251
16034
454
3533
7954
27170
28550
16912
7933
21642
12570
15668
10042
8987
4816
9750
24512
18497
15987
15404
5056
1467
17624
2758
10200
23036
26036
24980
16523
23761
2480
13929
11502
20293
8896
21566
27043
25282
26288
31610
20491
31608
6144
22385
17848
29186
20721
27946
33
6215
1248
26469
12442
1439
11219
25564
11395
28216
19538
9674
26047
2487
22392
20906
18280
19746
2889
5697
19136
31741
20294
26334
22635
21683
16191
10977
18908
23608
22633
1658
7950
3309
31920
8371
15476
27844
16462
2737
17714
20132
13725
11318
25997
17167
11049
22891
8608
31746
4106
30173
31825
10268
29297
18629
2692
2307
19584
26252
18063
18692
4959
21390
14317
21497
15500
17439
17206
14192
11634
7627
13902
19977
18750
7650
25821
14880
4334
18741
26880
29612
2474
2330
23615
28007
23896
6582
7358
5424
26987
11643
29367
13229
12283
27119
10791
28468
24347
8623
29896
30188
25191
28596
10304
4911
13020
6102
11416
13363
22765
20622
12015
8170
21714
23040
27760
26150
24868
1593
10625
18945
17319
5813
10557
11132
8295
4900
14629
13414
774
32109
9490
19584
4692
1780
10095
6366
8736
11033
10660
2704
5966
21249
26837
16514
21034
26264
21197
16545
4860
28374
12085
19519
3293
11586
26890
21433
6856
19637
3150
19799
19188
3937
19453
29555
13409
7697
9282
11742
19121
23730
27883
10879
9274
26643
28699
26941
26201
8425
22846
16160
19465
26646
4162
5298
31412
28715
21765
25516
6473
18475
12041
14286
23950
914
1391
14095
952
9109
29475
29942
25657
9644
11092
5448
7129
23374
551
483
31240
28411
28076
14314
10610
14976
4881
28706
18133
21111
13333
9884
23055
27405
4288
17813
25980
31240
4433
30618
32638
14856
19577
25840
10845
29452
15814
24626
24146
11321
16482
17980
31198
10967
8701
5448
3168
25245
25096
32599
12007
15150
28964
31699
24389
20195
1242
7282
4453
1739
21388
10589
27358
14320
19627
18578
23751
9692
8491
13446
4046
3676
12340
17935
22148
8836
11291
21890
6651
4339
2960
14104
29843
1369
6937
22167
28433
16694
17087
13870
5105
12772
21510
21664
19710
10199
29731
16037
16159
4900
30314
20365
6260
26944
15110
25894
1185
6154
26092
2784
15210
10764
530
24623
23937
32766
25819
15921
5019
17292
26070
24721
9161
30554
16041
5547
28934
18500
10056
14832
6412
1002
619
652
9325
22636
11838
23367
31966
16754
19802
23465
7638
18032
7156
5986
13144
28200
9556
19945
6924
2928
28041
15714
31637
18229
25436
7365
26143
3008
11906
317
13879
13624
11798
13006
9184
11112
15174
13371
15331
18627
1100
551
12902
12965
5024
19834
17344
1756
22379
13574
6028
615
15679
17003
23036
1405
13830
11831
32625
6354
13881
12114
26184
22549
1619
22938
19190
26045
30596
20426
16983
19461
20649
19616
11843
28469
1916
18239
24675
29988
6664
14034
24386
17915
7265
14706
423
2619
20113
8778
21539
18946
20181
13048
31974
4490
15370
1079
4566
16114
23650
25019
5347
23873
7259
7517
2708
12456
31218
7544
24294
22535
12307
10899
3159
10163
13909
16448
14654
8567
26852
25923
16221
11736
27838
20215
20921
31389
9251
21486
13482
8847
18246
29144
15406
638
30025
27302
1154
24452
20840
15599
6388
17038
117
31634
31987
11543
6788
18589
19304
2871
25831
30573
24649
1757
26717
6679
16490
8280
14214
32263
13207
12317
31130
23527
17633
13764
3419
16067
7477
6227
22600
26218
27699
15295
5652
10519
21308
4016
15446
6224
1741
31621
18050
27919
6668
19352
32280
32544
10401
963
4891
19402
21191
15139
6341
20401
16291
25883
14969
14331
6612
11164
15609
11954
14923
16036
8153
18025
30045
15621
29492
18723
15894
6760
13725
28272
5073
9873
20056
15577
28165
6629
30667
6782
6754
19241
11823
20734
16669
29324
30347
2199
904
7656
4579
32399
26853
14917
28844
31442
3452
22175
31364
18652
18411
1001
32288
14297
14526
30289
23942
26123
30783
19398
19068
23405
22159
7095
10048
14230
25078
13342
24441
30431
10104
10174
19822
4808
25001
4520
32630
408
2498
12804
29103
22852
32499
18446
4083
6546
14331
19807
5128
24958
13047
30318
5143
5085
6007
7254
21856
12096
16087
29658
14123
23835
5837
13734
18946
31783
4670
7127
26397
10756
7254
22718
23582
4131
16855
27361
32511
30691
1201
29251
15944
27130
3540
27366
389
23831
12610
28813
28151
14278
30824
28614
25482
10643
9902
26664
17927
8050
27725
9178
26251
22366
15200
2133
8504
22337
29503
25706
810
19220
22024
24454
3244
3655
31870
28213
25516
25699
15383
28645
2669
9454
13136
23021
28284
24207
28740
5069
25573
13682
25981
26807
24742
238
8458
12879
3172
27749
31185
8368
30813
8044
10023
17327
5022
12588
30366
14691
12150
27400
5150
9701
10282
7809
6200
22612
1514
4694
20662
16668
10756
19183
30583
7544
23640
12795
19322
31798
19724
24921
16440
32699
24193
5428
14135
326
19333
2419
30684
31097
32202
18000
22913
21013
10390
8262
21447
1285
31677
28465
26925
11422
717
16561
8162
26917
1160
2511
31960
16273
30359
7139
13594
21907
22908
24757
2399
11988
4297
8674
32735
20350
2959
24449
28773
26621
20762
31239
5798
28167
17883
13160
7889
18137
15526
19327
24679
26308
10270
15280
15181
2537
109
21964
19232
27201
12600
18996
25800
5856
9169
22850
4688
20602
14767
13284
244
3878
19228
20362
5500
5474
32302
12611
6857
13399
2552
29730
16046
9567
14849
3815
20737
7365
17910
7387
30961
31180
20891
11772
21657
14322
10503
25178
14038
1397
3345
21697
30550
8983
9222
6296
2290
28958
25245
20233
19006
19872
300
5987
17502
10237
20763
24252
19483
28077
1689
21210
14646
13372
19087
31828
10235
17554
10450
17396
31002
27512
11933
26464
947
13144
19774
8441
11696
27460
21775
1796
24151
7994
7336
26120
32543
26023
10323
6774
32451
9769
26049
11663
2710
15769
20475
14723
29206
9033
3994
22742
26819
29578
27451
9480
6706
882
7214
2165
17501
25052
23406
26490
19517
27055
15062
25817
155
18788
7825
17759
32547
9154
27347
14020
28602
11756
14790
32210
2577
28318
11720
20425
6522
692
13267
23299
29435
2796
19004
17108
4513
9964
8097
4788
19735
8583
7709
27808
24183
12860
14013
30397
10080
30719
312
19519
28489
4413
986
30089
2837
29978
14274
11157
8935
29181
7501
27287
2615
30030
29906
6109
24102
126
28560
16122
24078
28488
27876
10787
12894
29495
6080
23001
5541
26729
30808
8137
5100
26514
19998
24816
21577
14659
17905
17154
8369
3693
24721
18701
8206
8737
7511
9049
30353
10393
15651
13972
16458
12156
12693
7723
6646
21342
3200
11771
11288
28294
923
14121
27723
9461
23674
5198
2262
29092
21693
16600
12929
6412
23176
32685
14503
9451
10547
21777
11149
19782
7746
22473
30962
29354
23191
7552
14055
3512
998
18027
4321
14305
14954
27689
2829
12653
5846
30701
4067
2242
17551
9182
31742
18147
3096
11198
7211
17719
25037
28874
20928
4236
19669
5346
20783
32091
14930
20714
11994
20813
4314
2672
11817
9727
6187
27791
1754
26882
2330
2067
5273
7463
22989
16093
9425
16633
6698
32394
22209
32394
29839
3663
16850
2163
9924
29735
22056
18454
1838
13617
11127
16678
27205
30035
12824
20074
31816
14884
31324
7101
25391
21769
1568
346
15585
14494
22689
9302
19879
15703
14482
110
29408
6503
22636
16131
11767
4064
22790
32611
23443
6940
23141
29770
27405
5725
3797
31401
10791
10928
1080
3493
30971
791
6047
15331
31281
3046
18199
515
4981
16750
21958
11882
21032
20953
30262
12869
2134
5717
28400
970
13801
10101
27981
30145
4636
4307
31369
10308
18738
26619
18201
30403
16999
19076
16446
1867
551
1920
9179
24327
31870
30743
1668
8199
27600
19310
32727
21568
32714
18894
28943
27092
30872
21250
6614
17556
600
7168
28507
2243
25807
28620
27045
797
23387
30618
15143
21016
10537
20019
9876
13418
15784
25241
26356
8395
32062
28142
24056
2812
569
146
31882
31240
27144
27276
6569
21450
683
811
11124
431
27752
5100
5764
21182
960
27295
1919
16085
10145
22214
2794
28469
12253
5694
22335
12352
10203
29985
32064
12418
8589
9450
29322
12527
13473
3802
10861
2667
32252
9627
12539
11408
13156
31268
31839
31147
8060
6108
26737
9223
6646
27650
4231
28783
20484
15436
31629
494
28943
28878
20056
4825
5036
13598
30775
16143
26316
13494
3531
17280
818
30361
17945
22252
28971
7226
19934
32749
13945
1945
25890
3128
144
11439
31504
3360
16133
4620
15365
32092
16963
17599
17895
29705
12928
17270
30392
2291
29423
9446
2411
19984
17719
32109
29942
589
16677
18422
16808
24973
29853
22046
18621
13807
16343
2965
4656
3664
16840
26822
17616
15890
26845
10426
23702
2587
31727
30265
6966
10016
12148
31795
26356
27939
6898
21855
3001
25658
8890
7970
4710
3731
10706
13234
8808
5045
8243
20347
8589
12552
16692
9666
1557
5016
5703
10376
3853
32534
4579
1969
22232
26144
22209
11109
29711
22465
32587
11703
7307
26172
31058
6020
32447
27397
18943
25758
17739
19473
19980
4906
30927
9807
18995
16967
13309
375
24551
9201
24051
28930
14915
17956
24263
18041
1856
30532
611
14579
4394
18876
32147
9690
3157
31462
18780
20205
27916
16683
18576
14731
22986
17771
27551
4910
3501
19358
18096
16182
16167
20156
19952
29160
24311
5083
11306
31926
17239
30871
26521
12224
4983
183
18682
29852
1835
26382
14564
1618
20192
13726
1884
27307
14293
10500
20901
4268
24712
25360
31317
14429
4462
12467
26542
1999
3558
26398
31786
29020
29040
7208
32088
20273
27930
15856
23783
22538
31036
19908
6144
20797
20325
16962
8410
8698
16533
21693
1672
11217
15277
15843
20245
3188
6179
9628
14290
11455
30970
18997
20463
16629
23538
8893
8521
7757
10492
175
23427
2477
22000
29906
13656
25525
29314
31582
30767
22015
12403
13152
27120
26021
15364
9567
2327
3844
30896
23872
20231
20160
30234
23399
27808
15369
12613
8479
13587
6172
30211
23612
10997
30476
29872
30207
25491
26050
24607
2361
13446
12610
10197
947
24455
13105
8821
30414
12420
18324
15484
23399
16883
20443
32558
19709
23398
26398
977
22
7775
11174
10008
30686
30054
16815
4322
16146
31066
29548
25637
10268
16645
4684
11044
22656
20210
32124
21481
9078
4483
29101
20719
30680
10558
1559
12831
25919
26984
31422
18941
31850
18133
15348
13092
3807
10494
16159
18928
4564
20820
7356
28282
10319
19668
2980
8905
6285
9180
8590
22854
12449
15421
31958
1905
24157
8593
15229
20691
32373
10191
25456
24115
9954
7196
8205
13581
28805
30692
30947
9024
1037
18986
26041
4871
28186
19228
25554
23338
32418
19947
28784
24438
14229
1241
3223
5482
3772
19348
11795
16691
1767
27586
16829
32475
25671
4061
8953
27581
25
22593
11395
1084
32644
18051
18028
2484
29125
29445
5471
1201
6537
16583
12073
14175
26010
896
30840
5186
23742
19438
4067
3367
221
20074
27179
20059
28001
6079
961
14874
13538
1084
19336
14410
16899
11528
10971
11882
16279
16310
20178
13253
19465
29721
5825
21995
31738
5210
19458
353
28715
19271
1781
25240
670
11502
25924
21276
20216
11627
30060
9998
6698
31230
31609
28372
23888
26721
29456
271
30681
28760
29363
24781
19689
25481
21569
21505
20475
22414
18108
15920
17611
30281
11599
4972
13939
10359
28560
30598
27092
20104
7938
23936
20279
31663
5598
15169
14132
26421
29459
9612
20180
2066
6027
26675
9970
3774
2224
28296
19175
12613
23599
4117
10854
32154
4347
5517
23204
9773
31126
2562
29372
31935
7052
11351
1875
3957
10304
5369
2423
7212
29418
25546
3277
19981
2017
2654
14572
31073
18710
1642
27140
18854
13281
8313
17603
5602
13313
737
16761
20279
10206
15606
29306
15800
31248
1661
2500
32635
29733
22372
25057
32239
11935
10160
3599
19824
16957
27574
13727
11033
7804
8334
16027
3290
10588
31941
2987
30666
3175
6482
20793
4286
21232
9931
17876
6938
15769
729
12754
23015
28440
16874
8762
1830
22074
293
17121
21860
31015
5283
9170
12175
1513
26076
28147
11016
19496
5727
19174
24569
1079
15047
1070
7145
1877
16874
7571
8846
23852
23635
28359
28898
17054
30707
73
13945
3521
9235
12170
30993
4904
29069
24143
5739
28773
9020
12630
6233
24523
17073
8764
3865
31097
27943
26782
26081
1428
27833
32383
26043
17363
29139
17385
23187
19521
231
1495
3726
27966
26721
27731
3998
10951
21212
5084
29524
17144
18838
22026
3317
23503
15137
1397
18895
15923
23132
8402
10189
16949
27042
16735
31306
20629
17985
18562
28963
7560
18478
4268
5648
184
18935
9604
13364
3725
27896
18242
24050
22187
28114
15704
1283
27580
7449
15448
22725
6255
20557
25362
24278
26048
24332
4860
31202
22139
133
10200
21177
31739
7472
21136
22437
18488
26813
7013
17914
16641
22602
20296
29166
30853
18648
23688
16555
28440
27136
25262
2211
16948
16610
31142
19492
19646
22367
29727
556
7307
27528
8499
24958
24867
13141
20811
25077
14277
2203
8765
26649
30891
4408
22200
20208
27022
14224
15586
17431
31085
1854
26687
10768
27019
16899
17109
29918
1975
16642
14734
13519
24015
30256
2013
17306
31367
8710
26276
18345
14183
4473
8790
440
8211
30763
23641
6303
24271
15075
31662
22380
21058
15931
4307
4533
12410
3480
12520
8749
23345
28255
3090
14196
18767
13158
17181
25396
10672
25769
16485
8041
8998
3903
6134
15872
21954
20876
13042
30372
335
30647
18995
1749
29984
15454
29746
6202
11532
393
18983
24888
16310
5597
26738
13251
530
23059
20026
28276
1060
23208
24660
988
19211
12757
4966
3097
27711
17857
332
5286
28183
14070
28090
8824
4494
4881
32291
6726
26950
8126
10458
808
25037
20964
8056
22371
7968
17693
14461
22403
21357
18281
7226
5035
29469
19747
14574
7978
27154
24884
16943
8782
13869
25990
16267
15997
2836
14268
28272
30849
25394
3616
31561
7460
8703
8412
21994
21501
11137
29550
9518
21641
5395
21078
7646
29054
21349
22801
16597
28251
2500
5195
17506
21316
24219
5201
11502
13069
31034
965
22751
6037
3287
5781
956
2133
5330
25901
1169
24376
9790
2028
19349
24493
31388
1749
25354
17403
6121
29064
30565
13526
14812
13168
10927
24367
24681
30781
14123
7248
10121
13461
9529
24615
19517
9990
6266
25058
720
25920
30773
12989
605
18817
30457
14104
27026
21584
15748
13773
24755
22126
15588
29120
7394
30474
27612
440
10397
27188
29577
23149
5512
27540
3909
16098
31597
20828
9164
2804
26753
19323
20894
3123
9961
8980
1700
23794
31612
3630
21269
30106
16843
27565
1435
26692
2398
31617
21170
31366
6209
26397
2897
4492
30400
11818
9933
9323
26734
19325
9210
10419
30316
9799
1427
11587
28391
9100
28124
5986
32227
27607
7557
13835
17207
14635
22994
8071
2521
16700
32249
3394
1116
4063
15308
10711
12983
26048
20375
1389
21832
28499
11084
9286
4377
26637
23773
23445
10593
32211
13290
28816
29262
2227
27292
11719
24833
27346
21969
25268
23771
11429
24697
403
13815
10596
22079
20340
25847
24508
16749
23182
30724
15045
24585
10966
20752
26419
29764
24784
6494
2256
29718
13989
3653
25642
23586
6007
2865
20616
10719
16625
29930
1571
16633
8994
27161
7315
16373
29323
23816
19848
2069
8310
31401
20410
31867
11658
730
24099
15504
2717
30183
16235
23975
31689
15184
24996
26590
12738
9677
24119
6725
3430
30864
31262
14915
16790
20938
30292
29237
18245
7792
17546
855
22478
31551
29724
20200
24971
9982
27459
31369
10915
27139
16524
13287
5667
5880
18569
22425
16209
2271
11206
32588
24381
16980
6398
15133
12440
4626
26511
31302
17865
24761
15916
26365
1342
3023
4562
14745
16384
29188
4349
18167
5771
5306
20251
19996
8156
29380
17473
18715
1739
110
29981
17721
4507
24766
22316
1616
18384
17402
17708
31089
10816
3946
6101
15053
12653
12895
14020
13014
1554
19573
13752
3745
10236
2324
20992
6031
30491
21565
25652
11820
21209
19587
6692
27735
17322
5719
3342
12964
25317
29833
2068
9470
29906
18956
4844
23185
26884
26874
5338
17639
13545
21207
9179
4688
15519
19994
21539
3976
15881
29929
7114
19604
29219
8485
7875
2285
22674
22950
30477
10976
24960
9416
19757
17973
27046
25638
21723
30223
15530
7589
508
3603
4524
21941
2512
26316
13852
24275
1133
18766
23246
16978
17004
15898
14160
9820
10978
17218
30587
21812
13714
11726
10056
18877
21856
14941
4325
25920
26377
4368
16648
12906
30738
16547
9604
22932
31230
29917
31258
10824
13764
27691
30609
24064
4992
28808
30984
30768
2665
22431
2956
26503
19715
20020
7142
19570
1430
29376
14006
2275
14046
859
3782
32080
5380
8927
15768
5886
27341
31051
29249
4991
24338
13157
634
7546
11888
9636
4597
9898
11584
5708
17389
9001
9673
29403
11009
2543
26293
29860
27458
16021
5570
30906
17035
18527
6842
3855
27409
31354
13989
1245
3130
29058
6973
28229
11699
2632
5794
29495
24765
13777
10063
25489
5063
20130
3149
22155
17474
21306
9638
22866
689
10721
14621
28915
31999
20896
28444
29563
790
9361
7150
31836
14765
3929
10542
19
28513
25074
13184
17160
18440
7598
12415
14262
12866
25720
12534
2059
23376
27997
4946
19986
5418
8780
14935
16335
25291
19226
7187
21099
7888
27081
15632
6289
28737
11274
27598
24599
431
5632
20592
21217
11903
19015
9398
7938
6789
4917
10283
27173
26581
4448
9376
5164
32469
13152
5848
3350
7319
23254
20357
16934
7014
21165
8307
26177
10655
31391
27140
6553
25283
19451
7388
13448
32457
7078
989
14782
3001
15712
27222
13215
25974
27721
29303
231
24539
7332
12297
21648
22282
6874
23388
27893
6657
7106
12416
17975
25455
8735
20151
19424
21701
23915
11307
19910
10127
26067
29149
15411
2309
31106
21470
28482
21469
7970
14785
32140
7268
20896
19280
26116
17101
6448
13694
4384
32713
13714
15261
27962
8024
15763
26833
10805
24030
22486
30149
22627
7033
28884
13980
28326
22930
4642
9515
31702
14002
16115
23397
1891
23703
31197
4630
25916
5256
22496
30677
239
30181
17572
29747
25617
25346
23554
11065
31712
18485
31942
21778
25127
20782
30899
15876
11618
2183
1480
677
3107
5532
21698
23627
12212
3229
28898
4548
18942
1250
19696
24647
8873
27006
8576
28843
1925
14358
116
11479
7209
8692
16834
2426
19674
17239
11640
6140
26798
25869
1789
29876
9968
31812
23961
25947
7111
23710
17975
15296
24595
20611
25194
20670
28824
3003
22703
11115
2142
11324
8690
10387
31319
15680
20563
13925
20035
28827
13097
30827
9425
588
31815
26560
9991
31314
19071
17277
1251
16577
15717
25972
18243
14356
30293
20257
30978
20933
10936
733
27492
20763
11138
32085
6580
12356
1535
25403
28715
23459
8656
14139
31252
14187
49
11313
15150
9069
125
26521
14418
28974
19955
18502
29525
61
23226
1368
24112
29891
3107
14696
2398
15452
31791
11781
4486
21797
29777
31588
4186
2839
1396
20563
5311
8083
24896
30319
26158
3901
22681
26263
5978
27150
9065
416
11283
29093
21920
16714
22122
29150
9593
30067
3862
1958
26366
24971
3350
18958
24782
20040
24728
2462
24094
25499
13594
6635
8702
24290
32463
22891
8157
31071
5956
27529
7504
4841
3395
22773
8463
29921
11256
2622
21312
16744
32082
20642
13049
25295
19372
28965
17664
3919
26285
26080
8149
13563
12140
18844
30962
25074
12248
8607
5969
31961
16728
31174
20271
24969
1710
1748
27408
13828
15649
17162
9731
2990
10459
14584
6951
8378
8336
28818
20078
21986
31840
12934
12961
11355
27647
5581
20644
24584
30739
2944
29692
29166
13021
23790
142
14056
23580
20459
21929
16027
31790
25963
25159
9901
14969
26191
20112
11826
29449
12926
24224
7527
20346
1592
29322
21923
26393
10663
18333
7562
10822
16055
24294
32132
7453
8488
11509
16494
9557
3298
30436
27791
28519
32392
150
18637
12019
591
28733
16928
15968
25873
2847
17736
25028
31645
12185
24763
12547
29778
12388
17122
27962
26348
29975
26756
17758
5789
1005
3971
20000
6752
22729
16838
12564
24458
11639
3190
22291
15009
5941
14189
4574
31346
7538
4331
2307
12638
11733
8587
28165
10485
4481
23670
15287
13254
18328
8151
1257
20852
26877
6543
5702
22797
31071
25641
28541
7576
18803
28688
22431
16621
20096
3327
4296
10442
4897
10170
28418
18978
9543
4092
22118
16056
9597
23216
25733
22765
23408
13411
18694
10710
29614
14330
4496
11666
19118
7584
27882
4571
26897
22019
10592
19162
5415
26048
29289
27200
7605
5403
4488
27794
16885
18420
13936
28868
23263
4599
2667
3594
10663
23314
4860
15339
28551
10284
10179
151
12990
23572
32674
22906
21721
1207
6430
4625
24113
2199
520
31997
8885
18552
16988
17238
9193
2396
28265
15937
21551
15026
9266
3781
8006
27851
30741
26586
23568
2957
5290
16067
2968
12651
4590
21918
2387
9877
18337
21562
4262
24683
7916
25384
15273
5432
10055
32021
24363
14365
29338
27223
26614
29003
31906
6853
7507
26229
8599
20940
27857
26502
26636
22719
9027
21391
8726
11119
14088
18947
10672
21244
1935
31782
15454
25322
13849
12995
14865
19575
31681
23581
19275
31788
8378
13865
12931
30131
30937
26874
19659
25064
2387
9597
1456
17202
15303
7270
16994
17428
17023
24938
2069
21503
4595
3759
24998
1643
5006
15489
18562
26662
30133
8518
5316
16107
15622
28084
14493
26422
31453
14657
19193
17495
19741
4827
9567
30405
2861
2522
6425
19638
17472
17203
32662
8428
29402
28398
10764
7122
2448
12762
29793
2759
15631
22399
32588
16826
12127
24660
21944
15095
24681
16434
361
26944
1975
24841
21217
28704
15228
15826
24709
13948
2260
10692
252
1899
24908
6091
17624
13640
421
30262
13176
29445
13781
29359
20268
22465
7759
14961
9371
16541
23172
2741
26978
1228
15530
9581
28158
12266
27324
32309
26348
13967
4290
13191
20750
22819
2130
10286
30033
10484
6487
20733
20365
25477
14353
2752
23725
6186
25693
3187
5135
19409
3639
18866
4142
3875
9085
22897
10878
15052
10997
13549
3735
17942
4242
25314
2198
27581
1779
25343
4800
4351
8749
28055
26217
8946
4042
23449
5141
24090
4114
19138
26332
13371
5257
21009
5907
17516
10168
23164
4136
6509
560
28641
19918
8762
28877
7743
5210
6368
28728
12070
2157
19344
8623
23404
27092
31730
32009
17698
30124
18619
25588
19910
13258
21890
31362
7354
13146
9424
26852
27125
31429
22646
27253
24825
11993
19491
19962
12293
13604
15925
19239
6027
21920
31440
20838
3556
8086
15661
13269
19267
5564
15157
22157
20968
26016
3919
16682
18070
11850
29814
14984
11590
6685
2190
20938
24093
20479
2296
30881
18076
32698
15716
4811
19223
3489
1254
7897
23656
8566
14669
23606
5604
7307
23728
4709
30606
15144
17737
23946
4235
25901
15238
9260
11734
29176
15966
6713
24885
25481
25058
30026
29804
23780
31764
13865
7344
22455
5115
11153
606
23869
18167
4660
28909
18018
6227
30210
17186
18216
24345
14505
24450
18761
17962
24920
22797
23070
4749
6601
2089
12223
9224
31870
12253
2412
25581
6219
831
28460
5687
19732
7984
5299
16597
26072
19526
25481
7494
5102
7434
28777
18534
12175
15460
24552
9352
24981
83
32343
8644
6786
5345
3817
24723
31428
21335
5657
25241
4152
6573
9030
15809
3308
13892
23968
1423
23337
15320
22600
24242
12977
20912
29107
28889
4933
21527
16976
10952
18538
22800
24170
3243
23149
27974
28495
27818
4261
7490
26546
27069
26872
7904
22350
194
10400
12036
8652
30669
27183
30601
7399
5055
19665
4474
22990
19482
10450
30597
7625
28947
28000
31916
20000
30697
2961
6974
21305
24950
4776
12294
14080
28420
24980
30146
651
6497
4537
21719
7935
32310
32499
23362
15789
14228
4312
28882
2945
20944
10558
7060
13213
21393
23550
26767
30017
3111
21495
19634
20718
7198
2389
4619
4299
27667
11539
9530
12359
1479
28094
22308
26368
882
31100
26348
23268
2394
24910
26655
15765
32163
16786
22830
22802
29289
21452
32290
20373
30220
19877
21387
4791
15819
12596
11705
21978
24213
29309
22575
32712
2075
5687
18773
24472
30250
11731
15981
10450
3128
21689
21448
31443
20285
4821
27962
30578
12740
18514
715
11491
26177
1701
9647
22236
11173
31438
20857
15095
18480
19674
23947
9304
9862
6317
8913
17039
18694
25598
10671
28607
1879
13731
29751
8704
19011
12815
14496
3075
14793
24857
8179
12533
4461
255
23816
28581
3795
2730
12209
18664
11916
19251
10293
25917
11056
13991
16128
7597
29357
22535
5272
3061
1502
659
28115
26087
30304
10312
16456
10254
30369
31144
25347
21393
12345
12985
14205
17241
21630
14672
24267
23670
6994
28815
20245
7615
9280
26029
23882
21177
28104
14837
3858
28091
22262
28178
18692
19791
24378
29321
11546
28890
6259
8583
15713
24704
32589
1501
5877
19522
11725
4937
22829
9833
7210
13303
3347
15656
25567
20295
8471
6013
14590
11729
19716
6488
3527
24231
29234
13055
5241
473
19454
8113
4968
7231
1143
30601
16208
22642
346
6310
4073
22812
32065
11145
17083
114
16663
18110
52
20734
4559
30143
22264
19362
9813
10005
376
28378
14789
17856
10694
15169
3548
473
8104
24919
29100
3190
13547
31873
8339
19150
13305
32593
3437
17566
9390
13576
28169
20939
21352
31833
6874
19272
20061
8048
5871
17210
19762
27955
21541
2138
14025
30664
1948
30875
14682
7255
8807
26382
10437
14353
17032
6402
5926
11889
12315
7791
23466
9409
15057
2453
31650
5857
2976
18912
10710
10564
16057
11791
20508
23611
22971
20885
22313
1142
29222
31039
8358
11463
6162
8984
26503
17706
22817
19850
31384
17155
28594
14789
1368
5798
29271
11621
23307
6684
6026
30542
30731
23845
24987
15323
11615
29305
18157
19513
10894
8787
10850
3341
22965
9776
14356
12381
16856
20948
31302
18093
25462
19855
15002
27496
17248
17854
900
4226
6091
13204
22014
11612
19363
8987
26493
21736
19490
6773
31780
30477
21666
1640
12600
20813
11439
20506
19413
21157
3169
24
24543
30388
6888
4765
25402
23584
15209
24850
318
6710
7177
17617
16997
6608
15175
22318
23623
30076
22414
29368
15817
9434
32010
22972
11153
30534
9660
9739
189
8631
8137
26109
26580
25575
11800
2742
8188
2229
5915
2984
8814
17863
5613
25433
15400
15987
24990
18791
28641
11744
16075
19913
13378
31848
20337
14679
25171
17473
5378
22413
26676
2397
22713
3468
5133
10382
