2989
22589
21351
28167
11715
25580
13509
11754
28255
7302
10731
18138
15012
29108
32432
17637
24508
26626
8509
10779
12739
13365
8211
1162
6624
8414
18768
8300
20405
29231
20269
10910
16890
15374
5580
22356
29284
24168
3633
24844
18636
7112
17038
29632
8589
32296
30659
22624
6958
32263
2085
29823
26433
8123
23422
29261
8842
31497
8278
9413
30820
24819
10865
31783
5473
5073
6809
7849
11569
17827
13214
31081
6085
20646
154
23975
18867
24101
12409
32305
11229
28562
19129
24862
5710
32213
8559
6591
29284
8932
9355
24275
18484
404
31324
20730
15146
24495
343
1389
14832
9798
7956
10475
26001
15432
153
20215
29663
28500
12251
16704
4370
24268
8834
25441
1201
7467
9709
32458
7606
31640
19574
2814
10733
13243
16375
17920
31901
25551
7565
12551
18538
4344
16027
17785
20602
9175
4882
30231
13527
4956
28912
20597
24084
12764
32007
21166
19508
20580
4352
18773
19655
11340
17055
18863
23638
23311
28745
7199
14081
10330
30403
10977
23655
6754
29756
18683
2758
4219
15502
25969
30051
12263
25281
32441
14893
4843
31696
27246
23197
28200
32432
17737
15328
8233
25999
8012
29240
24377
29786
14400
23456
31095
18561
24674
19887
23340
5630
20826
23230
20315
13716
4972
29261
11930
26708
17138
24739
28705
29798
18954
29109
20769
32518
25228
15177
1623
18381
29759
21083
11232
10546
9036
28608
26447
592
8946
18441
28669
28138
8316
6826
29088
27308
23152
15452
32031
22707
14346
8383
31653
28752
29928
10052
22517
5641
13575
12106
20989
12257
5358
14215
12461
24538
2601
3242
17929
18359
10233
19262
31101
14854
7242
14546
19569
31838
30949
14423
3358
32486
7399
24009
11168
11542
21106
25874
25932
15298
29858
4139
14915
6228
12739
12420
24903
23897
15809
24486
11726
28735
2271
11031
7253
11356
20140
14205
30967
16179
4404
7943
21566
6643
21619
3849
14905
7233
11791
26854
24527
23607
32070
27187
14930
12205
24356
8217
13656
23223
13050
10747
31430
1902
17165
3929
301
27380
25995
11509
21594
15282
10691
32052
19496
23780
26004
16326
9625
25432
14118
17545
12837
22386
20185
23979
4434
22644
5499
15632
10373
1276
702
16627
19736
19663
14313
29647
21676
4052
13005
17280
32705
11876
11515
13221
29316
28353
31540
3914
12263
23523
289
24004
19191
379
3396
7899
17003
10546
12591
4655
14968
32049
27124
3540
2285
13287
11484
10304
18299
10502
11356
14695
24660
1999
26948
30500
18681
27280
25658
12507
24396
4971
871
28253
7405
8792
112
30219
5315
27757
29352
32319
28377
22622
18820
3559
22124
25664
19279
20595
3650
14482
27678
24818
7997
27773
4359
20599
21807
24411
5006
27586
32240
19319
6496
1052
7854
30227
5188
16259
4997
8368
32334
13319
19791
8073
9813
21108
8638
14689
8360
25649
25000
13438
12285
8296
10657
13558
15018
7271
8399
20521
8216
6983
6650
31119
628
203
19171
11444
22695
27530
3543
30848
23689
14929
24963
20412
10577
195
6922
17106
7761
12098
32341
1748
23008
29203
12459
28096
24727
3004
14721
13315
17600
11953
1427
18235
25099
6704
8243
27201
387
32362
5857
23143
31169
27619
15133
23038
8031
21019
13945
17436
6576
20846
9458
3484
28590
25657
10624
22373
24884
9022
12524
30192
24686
10570
22242
4612
16269
23061
8519
18116
26303
4201
1484
24812
9822
30598
28100
9048
31079
5062
11315
13510
19503
15997
6695
6876
6993
6435
19787
26221
32491
15285
7353
29944
30218
8792
26640
27505
1634
7744
21702
20036
1091
19920
30144
23192
5832
24578
4384
1232
19538
9994
30815
16472
21300
15926
9883
29854
10928
18201
6450
17246
24611
488
5775
1059
11388
17700
22340
6411
1522
6265
17753
202
31223
30439
17892
18929
25447
31775
16602
19313
20742
304
23333
18010
12329
27746
5879
21737
4019
14434
20061
19138
3907
30368
15383
27258
20140
20726
1703
5208
29094
20106
424
21085
3011
24565
6497
25985
2212
30373
7322
14400
25708
11135
22702
23125
18549
14537
15330
27078
24642
19272
29173
3360
31413
28325
12025
25348
19330
6422
7265
2786
24804
6714
7258
11013
8591
28996
22367
6096
26341
20059
18439
71
1900
17217
14626
17361
25984
26419
27141
21819
22085
29201
19746
20225
29920
4799
5340
7369
13799
1227
665
24113
20245
10576
11288
26314
18243
10010
11013
32612
17043
22026
27338
19597
24303
31164
2217
32340
13490
3944
31239
11603
20388
13062
27915
2284
13356
24502
5992
15058
17601
3934
26487
9163
7074
32149
19337
21941
11463
4544
891
28359
17431
13434
12427
14874
13275
5178
5993
14696
18291
7471
18578
31763
20039
10351
8921
26473
21249
9809
25670
21542
21242
18455
15652
9530
2545
27857
6486
15309
9731
21886
5098
27777
30679
25715
18673
23031
29466
27649
31117
22676
4907
20562
13899
16261
30743
148
947
19200
20423
2905
11550
29645
24440
21054
14792
24582
16748
8395
14374
20763
10975
10907
21370
13080
20029
13501
26532
12587
11666
28249
1851
29537
28994
15511
10204
27056
5882
32188
26818
18490
3302
1943
10135
6352
3365
25883
22410
1461
19834
5965
20130
16805
22340
23905
32082
12566
7088
18463
17485
14526
6189
7308
23707
21845
7968
18887
1517
24732
6361
30257
28462
10142
20678
26576
3418
13878
8935
19446
21651
31697
7554
8733
1906
11637
27416
19990
4251
2307
6295
5475
6804
23993
3025
3041
22999
32250
15917
13226
15653
32338
3997
21561
30750
26037
17872
19663
7183
13063
2984
26134
13067
23522
1262
26372
4413
10387
19013
28931
20604
4453
24924
26447
10784
291
1384
26015
8980
8408
21458
2567
15917
4313
12588
5661
10426
13061
31338
11099
5469
27212
22095
9924
14617
29550
15141
24522
7851
15109
31921
20080
17438
21702
30310
23724
13978
30724
9689
26383
8317
9589
18805
12455
32172
23097
22384
20005
27180
29720
24829
19515
16108
11020
13764
5448
28901
17407
23439
23095
26213
24789
11846
676
13992
4525
15389
26689
1961
2916
12812
24953
32311
10075
27776
24403
29771
4219
80
8856
27033
16758
20466
19512
25189
14415
239
19690
10392
796
26004
30739
8979
2571
12010
15849
14147
15011
31465
20696
26870
30796
4841
14885
11373
30226
28249
8657
7858
23974
19891
19904
6188
26533
431
7194
19824
18717
12984
31986
29274
6734
15516
12069
4957
6829
29319
17541
6423
30255
24370
12599
10792
28611
21848
27226
24389
5408
25706
22505
32136
24514
1411
7651
11018
26415
5278
169
20916
2175
27143
26791
9298
10011
10255
18742
31209
27333
4356
28353
29515
7897
31072
30759
7912
5842
10817
32609
3815
15375
18457
13669
5494
10456
4519
30026
7006
29852
2854
4780
17626
5500
27076
26450
22697
31502
21333
25614
7522
18010
17993
10469
8456
17193
15835
26736
7902
1664
26252
6786
30588
22119
30416
16908
28451
16110
7
19005
9806
30834
19374
16109
137
797
6359
25659
28038
7084
19926
29045
18542
28021
29246
29497
16757
9640
1292
6362
1457
19413
801
28933
6444
942
12790
22949
5944
7183
651
9987
19714
3899
8352
17970
25194
22633
552
24234
1298
17023
2811
14131
18869
5149
6347
25093
14267
15581
2905
29741
13066
26585
7400
19506
14366
5998
7922
11257
7772
11840
28443
10726
21667
2430
14435
15684
19493
4200
21663
27111
1397
23822
25130
20239
29664
25178
25048
7568
11009
13136
28971
14640
2704
20373
29898
2385
23675
6446
18222
15568
6456
22411
16287
1324
18009
27588
9567
3307
9057
6690
25381
11577
6358
3297
3788
9939
7575
29748
6477
25123
1648
26506
15083
31404
29676
27664
28589
6569
21098
17527
6161
25585
8307
28151
4607
32542
28491
28308
24060
29166
20934
22688
9376
25578
11613
10113
12362
69
8577
22964
12050
6
31024
27666
20735
8042
23237
6738
5755
643
10772
2256
25347
19750
20662
15244
10275
29188
24738
32374
15522
32023
17661
8937
13306
23872
30004
13941
18954
28974
24135
5857
14095
23425
30312
1904
32721
25135
11972
11108
5658
23847
14241
2497
23916
30773
19113
32339
26611
19494
28549
15346
32697
4908
28334
17413
20505
31876
26240
30533
17270
25429
13969
9156
26925
27868
13632
13357
30663
20934
25489
25677
16244
22237
4920
7890
8373
14567
13043
26707
23384
4043
13597
31633
18857
27894
17537
31485
23527
14589
15212
23418
26613
5252
4358
27747
8530
16478
12513
8400
19787
20726
28883
32277
1903
12525
6401
21388
10820
14084
12861
8085
12344
21309
3730
17882
8410
5949
16412
31448
24138
7669
29213
2203
26350
5761
22606
20680
24423
30288
10355
12257
30916
5766
21042
9669
1781
16542
26917
26486
23426
28244
29998
15903
14461
16578
7435
22358
28597
29385
24362
27294
556
19122
19646
22576
21451
20245
31506
9467
18261
17146
7965
30697
22170
11583
1880
31844
31469
28474
26572
19993
31191
11934
11375
20987
27149
5795
17840
8331
1184
13409
9041
25943
5748
29309
20853
22465
9715
30728
27642
12546
8450
28324
23560
17263
10036
29673
5098
5882
17470
14855
15645
12027
11948
7084
3239
23857
24274
10024
12714
17923
4612
25807
4665
31244
3594
23710
19050
18647
14542
7970
8621
12519
22616
21910
27228
4347
3836
7500
32659
32400
26578
12878
21825
26022
1895
11588
20095
21959
21682
22680
20001
8262
11850
24793
13707
11205
32726
25693
17863
8441
19396
9771
5844
21682
32062
26647
6464
4885
5721
12335
22009
12332
3728
32086
24672
418
30066
12079
11935
9671
11671
9533
19516
15322
21464
22856
6895
29064
9919
30978
5553
2480
573
17130
18966
16489
17307
10865
31708
12358
10675
1883
9924
7385
1376
21609
21152
18037
20019
16693
28078
11064
28520
7005
8484
22857
24856
21219
21516
13919
25008
7636
20562
24707
25505
32552
15900
3094
857
13546
26969
789
6515
20889
1437
10652
15658
1229
25644
11177
19220
22301
20565
14371
17421
23873
1537
27931
6256
9844
30347
22865
13198
27164
20434
14074
23384
14509
31117
17344
14431
13259
31967
23051
6655
4527
2604
12159
19158
28619
4394
23750
2427
14513
7995
4751
31085
8497
30714
8150
8266
193
7187
11622
17218
2339
12889
21149
14538
8513
1810
26480
661
26460
5525
14254
17344
7781
20504
31625
26445
2731
6595
14674
2770
439
9993
29828
370
12660
14391
19972
781
25236
25165
31143
23476
14894
23054
11509
12128
16044
30035
27437
9699
9188
22180
21129
4894
8837
30473
20162
28533
24245
542
21719
13440
8696
14438
3083
29187
27732
19425
2092
12065
8371
27361
31003
27596
20616
27929
29577
22144
27317
22263
14079
2609
20909
10036
5409
26754
7381
8873
24115
25655
2353
4708
30428
20461
23868
10235
31530
1288
17431
31776
4823
30446
25574
23414
23243
1651
13176
21923
2017
10643
21286
17063
9966
15207
27901
12908
7680
2130
24607
31389
21219
27260
15206
22204
6890
2689
19275
20079
22507
6250
16134
22043
26252
4316
10487
23988
16829
25231
24133
16852
32646
2050
31173
21258
2819
26989
1565
26484
16301
6904
4905
10896
18906
19242
15005
8015
28808
30116
22508
2155
11350
11791
30569
11003
12243
5971
16556
8005
17659
23305
24632
9171
9215
13620
13403
9929
10053
26667
16725
31093
176
11482
12476
25128
21537
29482
24606
68
23358
1726
17129
13975
30322
27616
7048
4071
20276
2235
20431
20942
28557
28362
23705
12745
29396
22672
11439
24715
13245
12170
22252
24471
7058
11874
1951
21773
30399
29541
6449
20932
29332
5943
8200
15770
10311
7109
28074
24072
22840
18300
20262
11002
16505
16569
2736
26077
7566
32128
24715
9977
23665
23408
4908
21761
32474
29686
15004
15080
10940
194
26398
12279
531
25719
22290
1565
10205
11175
17433
12934
5734
6654
2938
25710
10953
6077
13764
32312
2484
4970
8629
9402
16747
11206
22107
22748
19728
13824
16505
20321
23841
29736
24364
31492
2370
4070
9166
31943
20285
11628
2331
28296
839
10921
9618
15317
5509
24256
15646
32001
20686
28088
5622
2167
30387
1141
5314
11855
23740
4327
25599
21023
28405
19073
10916
22292
15273
7917
5638
4673
27758
22270
15097
14134
20577
2022
4664
29397
23475
9385
5127
10337
16485
17361
14102
1240
1103
28004
22185
23683
14439
1299
17398
1739
13632
9396
1742
11342
209
31474
4480
15154
16760
579
27643
30137
25151
9243
6706
20246
19549
7264
16837
2688
23040
12573
21213
20612
26185
4730
14423
11935
7832
30444
21286
13580
30987
18345
17650
9947
29761
29023
19973
28739
1124
11557
17000
22329
20838
21938
23113
6721
10890
7372
24992
29061
21287
13572
2835
9764
3241
17313
27158
13260
472
11994
22614
10379
30557
7240
19032
14050
25985
13210
22365
11804
24377
31115
30858
19677
27232
22289
17221
8702
11587
8407
8930
28568
5474
13038
21887
17503
23413
29888
12332
16178
2222
22853
28240
12528
24894
12153
4168
4236
22554
22285
3408
30052
28671
11612
23719
3022
11699
18082
6638
14324
32655
18280
18641
23267
15930
29251
31722
28126
10935
15806
25314
26616
3490
1685
986
8674
23478
12836
9225
11265
915
21790
9126
19139
18622
12930
20744
3380
20458
9931
30476
12748
16502
21352
10935
19851
7990
7787
7196
26953
18038
23173
28288
2375
7996
11058
23485
21257
32718
31025
9956
17768
21364
2871
8742
14051
28543
5860
19445
3638
14730
24054
18278
26926
768
11197
13274
9659
15839
18127
10205
327
28347
11004
21326
16966
5
8068
3265
8206
23181
32136
20001
23785
26438
15039
25754
18025
24137
3178
22453
4092
1821
13962
19397
15296
20022
23376
25475
1433
21435
24277
25845
1152
22413
13067
9620
30238
9860
8180
429
26777
27900
23569
25352
13998
4752
2334
6856
2560
805
26876
4754
22447
2347
24303
6385
2861
7455
4361
19705
21325
20052
15846
27947
17821
10484
6810
3481
19446
15681
19688
31051
4177
11297
21941
17120
23260
23770
32699
18552
5710
16410
9858
11986
28279
17466
27020
6066
15643
24259
8144
6022
14592
20274
8043
11848
6982
32504
11665
18342
12023
8901
10953
1633
32479
262
20314
24307
5534
429
3072
17780
1019
27440
25316
29374
8571
28884
19659
1232
15155
30251
32398
32368
9434
11227
8906
27157
24610
27042
23512
9219
20040
27031
8704
4024
8170
18611
20969
15495
30490
28815
32596
15747
28592
20079
24586
14494
484
31616
25363
28946
29468
14942
18473
20736
18690
28121
19309
13911
29402
27897
14680
1784
7443
22592
32499
20504
25371
21550
2635
29925
21368
19723
3871
12396
31253
10208
989
28346
25817
1223
27341
16705
22142
30308
15243
29310
7073
21172
186
31961
13845
261
32247
26829
21117
26950
29196
22088
15386
26753
18790
13653
17121
28326
21706
29176
18385
10634
22595
5977
25475
24879
1631
11813
23299
26950
15258
23090
22238
19442
3611
31586
4220
4559
1438
21961
27056
19251
4018
1298
8846
16052
1060
16158
8573
24810
19899
10735
397
31094
2853
18629
23306
6466
15410
17542
31313
17931
20288
4963
30946
32541
8951
17337
27831
32606
20534
28213
8660
24718
20556
4924
4640
973
21356
26506
3955
25438
23387
21529
21488
12714
28268
11588
27797
27016
30382
25900
12816
13243
8548
15707
17364
17852
21173
15271
14701
7611
421
26201
32272
16352
4164
2959
2679
22742
29733
6111
28908
27018
17170
16445
28579
24624
30718
799
32076
17032
1083
17631
1001
19807
238
2912
15837
11608
5311
7412
26950
13548
25045
1661
17805
13232
4097
19667
3900
21206
18233
19814
28175
6903
11849
4645
2381
1808
16837
7326
13912
18634
5954
27750
30083
8702
24773
17595
12581
30584
17532
30056
29420
251
23724
10985
883
14982
29675
2512
10262
31446
20879
6503
29445
21292
10854
16791
22935
7248
2472
24584
1249
21718
17961
14474
4232
13472
22483
17588
11219
6564
8532
9930
20740
12783
532
17380
1769
1770
17514
18765
24750
19933
15375
8490
12277
8625
10451
6748
7464
2554
12686
18343
6670
29493
2906
23059
25245
31821
8447
31378
16
15717
20143
26340
569
27601
1524
21944
25367
32613
28134
26132
18603
15603
21409
7670
6408
18959
32502
15420
5290
11797
16225
25025
27400
25710
17723
21961
32108
25614
6961
27039
17411
16449
21493
16252
2352
18088
16435
30891
28454
15998
16583
3819
29622
11552
2349
23829
26213
17357
26169
6910
1218
23210
23816
20639
12535
7433
13878
1139
30365
19178
18769
10529
20949
13250
7310
3675
27796
20092
11451
22790
17982
4798
29045
18075
31095
30573
29083
16333
5174
14963
31747
32364
13850
21952
22635
19081
26882
17806
1202
4827
26584
1002
21064
25697
18349
23920
30691
1353
14091
854
27507
14097
18310
32428
6233
25580
30101
26849
17875
15207
25248
3466
16827
588
30042
22879
9074
6598
21585
14982
15127
455
28356
22037
252
23207
1972
14034
6490
10766
30525
22845
16451
26387
5671
14544
12761
4517
1977
17029
25278
22826
21965
20633
7371
5735
4906
5007
21509
7328
30733
3193
18380
9728
11529
31859
17494
24379
14353
28016
6236
22129
16340
14393
4883
20822
6473
11186
7774
20112
21386
14687
18754
13920
13797
19240
22170
32389
25648
9817
9228
17757
7518
32749
32059
10318
18512
9740
12094
22884
17133
25298
28754
14395
10101
31826
28619
29216
31762
30171
8785
28019
177
30330
7752
1103
3855
30911
7312
21102
16663
10180
29039
6726
20843
3436
4555
1400
27201
30185
30877
17515
22128
11393
162
20788
18634
30097
1620
22970
11693
27090
26136
5399
15061
5851
10937
2113
12660
2279
21
32233
1669
8665
15894
13731
25949
24957
8164
3656
16515
785
31577
12184
25793
5124
3254
30500
17019
26621
10900
11372
24896
3615
30237
16452
12703
11148
23419
7036
12604
24359
30353
16575
5411
4767
12265
17852
28251
23721
9710
26500
31935
22668
13916
15923
9225
5859
15348
21459
14128
2974
21620
8829
3572
7499
17094
15809
6326
14740
16760
11081
26254
4872
22892
11960
20888
27678
4305
3288
17806
4982
1617
2549
21660
30051
19596
10116
3695
26279
6598
25865
19856
3197
8156
2103
28400
1501
8317
12376
10180
14843
4502
14575
28050
28689
26126
12188
9356
5214
20148
24897
2078
20078
1910
16995
451
19613
1235
14035
25116
26839
5523
31885
12355
2721
19637
15840
861
27229
18345
3791
6766
6601
9407
22968
9842
30154
15840
32563
31401
25960
31612
11581
5938
2585
21443
12694
16859
17730
18968
19303
8504
14075
706
16424
3570
6675
16101
14273
3682
8531
21681
9199
12382
14855
30682
14058
13651
22459
26184
11589
17556
11587
19727
28437
6130
30462
31137
19541
22157
14939
11075
22665
4586
7835
6333
10658
6469
17113
32342
32290
5928
13640
18431
3712
11580
28605
11215
3534
608
32109
18607
7577
30456
11767
7511
14609
29575
31141
27513
23401
1409
31470
23355
25985
15962
8512
29419
1731
2275
253
14062
11595
26838
25796
1530
16714
22703
1009
1414
12204
14782
615
12926
2040
2683
7565
27194
12664
22297
10902
32689
31643
6238
18950
12522
3479
29873
29809
4276
31058
6005
17542
14487
30083
4757
8781
22282
788
32352
13229
28134
460
19352
13873
21787
30762
31685
9740
21922
4756
13263
22106
28851
7601
23756
24232
10039
19
18199
439
21888
30489
930
29053
30520
6931
26509
5229
26519
28328
28151
12280
29145
32117
27668
7252
17904
19959
19327
25980
9590
10923
16082
32120
23781
1651
9333
25566
23818
60
2995
26265
2231
18910
4115
24553
2745
30275
32485
5547
18441
29388
31515
7643
16967
12272
4954
27735
32355
15655
32337
28133
17310
23558
29002
21624
18097
20139
17662
30895
5451
25947
23726
29855
21953
3946
879
23506
12033
29531
13254
13455
27849
21065
32116
5724
13334
14982
32147
4546
23518
19841
7394
17744
15873
7405
2142
17379
5246
25375
6162
12324
14050
6840
6191
12625
19463
14725
10335
9537
17402
4771
9559
13218
11837
9191
20651
9862
16431
21116
10983
11294
8136
23246
13275
26052
18057
30631
1334
26687
4275
1176
31575
4419
19640
8091
24671
22072
24303
3574
19851
28732
19851
26723
14017
2411
18638
21101
21608
20318
890
16669
24445
3825
28553
5334
21475
15690
13085
2686
11515
4631
27066
18398
20597
5910
1459
1868
7014
20699
26082
9863
17818
25806
29596
7394
3883
24691
23780
7333
27730
1518
16095
25520
9086
16838
21641
32609
4515
11753
32165
1976
2261
17904
12794
5561
32021
12453
13500
30994
29547
17090
7241
28926
26421
7932
534
27753
6590
5952
28392
5461
18
13117
22343
11132
17169
34
15407
29239
1475
3497
17418
13726
26091
15444
24539
10993
27359
16630
20668
12343
22166
374
8586
12068
3331
11984
26847
10048
1441
16476
26432
9030
31568
13395
21912
7626
20063
14735
30693
6431
19690
9874
18482
28280
21862
25034
19909
6221
1914
7956
29849
31745
30480
5758
30991
30401
5549
6225
15328
12719
17917
8783
4694
320
19891
23097
26300
21474
6544
4500
15635
29667
1984
13997
28678
8334
11373
22235
14880
17047
17551
5636
24381
16313
19201
16226
2622
12701
25562
21383
13057
1022
4602
14239
8337
15883
27363
27126
23449
31500
15563
24506
9503
22089
23279
28673
17774
20007
1065
28685
18260
25237
6085
25807
29582
29350
3217
28075
8321
7551
24115
19579
10795
10868
25791
11990
9816
15470
19081
7314
10521
21648
5176
12167
11634
26650
28444
30870
30291
3469
14786
13803
31689
1296
31429
15998
14454
8210
14822
18144
27455
19505
28511
25396
8516
17754
32117
27259
7189
13106
26701
7958
26659
13749
16384
16517
14196
9501
28913
27253
21659
2310
28255
25850
16872
2767
27446
18969
22748
26435
5419
9353
32223
9081
1543
27578
15413
2296
24387
279
24111
11551
17366
4745
21918
1989
9291
1596
2189
23836
4374
21413
22064
32475
1832
28100
26647
10396
27329
8870
9127
31618
9350
5167
20427
23840
5331
11798
17127
15766
20818
15665
11534
2301
24781
3059
21108
18438
26944
10291
18982
13277
1075
13870
5368
16724
11590
29904
8383
26429
32526
22319
3009
9239
12831
22361
15466
1774
4714
26191
8513
16252
24266
7505
11546
31124
18137
5212
25484
1985
31496
498
2469
8490
751
2073
20189
14008
19937
21158
585
9083
12740
27323
10257
15434
19487
25487
804
682
31093
17517
26410
32498
22226
21504
26299
1452
419
10445
12750
27709
2506
8961
14452
28873
18930
13165
26054
22865
6688
5071
1819
3614
4235
21587
13183
13155
17582
25177
18273
1566
18587
27769
18572
63
19602
18372
18009
2060
8402
14925
2594
11972
2479
20201
11257
17026
6629
5682
24474
14181
1836
30930
3487
11246
11533
32510
3315
3241
12787
12608
4233
6928
645
30330
7502
23468
5939
4904
7260
12157
14351
11749
23920
7324
13023
32049
7582
2591
14192
625
26179
29501
20013
30263
22588
21939
7407
18884
14165
24421
28183
25035
18948
8009
11739
28280
24920
15745
20957
1201
7468
32455
24322
23708
16544
5902
385
22881
10954
3942
27450
15921
18344
17185
27722
13447
3417
14388
31196
1965
22925
22240
5953
14723
17211
17553
21828
21628
13458
26118
23479
7913
24881
19634
12626
4986
27802
4962
13758
17153
21732
28193
492
890
30129
29016
8875
4169
14176
21562
24954
32706
16004
12895
3994
12782
12180
4271
1896
7308
23268
10626
22506
6231
25811
17414
20136
4999
15942
6880
21437
19866
342
5654
19501
84
1606
23596
30329
6661
17592
32397
30065
27914
21792
17709
32074
30870
9848
23917
22256
11955
15414
28735
11677
23427
2171
25482
23211
4556
13965
19152
9127
16563
31111
19214
7846
22216
13135
30179
12508
5699
1993
24565
23402
32397
12362
30353
19064
28419
9040
22673
23172
26358
25712
13955
2041
1782
4239
32263
32004
14160
31317
21625
12707
6101
27359
9424
20991
7389
23220
17606
24315
32140
14075
30010
15629
22356
1771
16850
9549
10939
1410
996
11467
5471
890
3223
22054
27959
9593
14917
24922
8475
21128
32036
19930
647
26310
3878
17119
23708
32349
25373
20991
31847
27830
3875
18433
3686
13289
13881
32752
30024
4216
13614
27758
32245
27964
5827
19275
5326
21407
4876
14166
24630
11276
7705
3187
25681
25252
18902
20974
5131
17459
32560
7951
29533
10082
21113
11759
11980
13870
30478
4233
19506
27544
5687
15380
22720
6558
3406
24209
14404
2923
22308
12960
31144
6091
9376
17815
21691
14305
26793
25557
13621
30236
23366
8020
30453
18791
14340
9342
14220
12448
15257
20802
24831
8780
9414
16998
20937
9353
15490
19231
17952
8515
10580
2783
26233
19115
4609
5486
8014
9189
21351
24892
9759
513
19881
28662
20407
6445
3212
25943
7088
27177
20257
65
6457
9211
12965
10764
2327
19939
1189
4126
24810
19857
101
31675
5042
7574
31619
23583
17297
18457
17880
14026
16595
31179
16543
29212
31275
16669
28889
11809
16959
19888
4336
8110
3687
17420
26010
8621
4786
31126
23040
28853
24363
11452
10016
17630
25178
3443
2671
15827
29965
10723
20419
21800
21336
4960
12913
19182
9946
20381
22962
16517
1602
27164
29772
30130
3602
14825
14190
23537
30371
12168
17627
29709
19305
16172
15434
10733
10105
15146
31757
8881
6984
12972
21746
12542
8118
10410
13671
25493
14923
14102
4065
25131
14016
29271
126
3189
6593
8441
30185
3970
12529
7075
24958
25933
25647
26953
12974
29331
11288
27554
8613
14050
20940
12253
3371
17139
23541
14224
28616
26937
19718
19953
12332
23738
5825
15688
20685
12830
26364
30884
17106
30469
12708
3533
24624
21406
7170
29563
20755
27254
11581
1989
24703
27277
26657
21212
1079
1967
12830
25081
7134
19713
11156
20116
11100
32219
23886
17879
5251
30933
24396
9298
5107
20773
23749
31216
1338
4648
6508
2602
12864
24894
23539
7290
12771
29147
25037
12563
6622
32731
16441
28111
2031
17430
22140
22377
17977
5941
13677
10988
3815
14020
8247
27499
13074
24712
2651
30707
10468
14354
14068
15806
17662
10900
23871
23209
8984
17652
30298
17384
487
12319
6220
17657
5700
18336
582
27350
6538
32369
15913
12143
5952
1552
31559
31063
15864
27606
1646
17342
14198
8325
803
671
19477
7712
18987
5946
21863
8191
4432
26821
17436
8482
16481
30047
15653
5318
6011
28485
4633
3382
2695
14920
6359
17636
30212
23935
9837
15800
4359
15673
12600
27304
16511
12597
24141
6025
12222
19222
32280
804
21045
24849
15427
24461
12927
12521
1753
11440
12962
12061
28844
8493
8593
22112
4852
5478
18933
2889
12856
9429
24108
26700
10866
31140
26002
1513
26222
30327
3840
4899
26227
12941
3219
21044
6693
31751
23727
19839
4522
21639
9283
22726
18956
7165
32334
12957
6366
23998
25762
23070
31523
29655
5608
27871
19307
29856
7396
8481
9023
7828
23802
12362
27583
13919
18417
17814
24970
2873
8440
17673
4062
5491
28902
32424
1793
25423
4038
8680
20959
18453
26515
1383
28404
355
21568
5850
20588
18117
17659
1862
10121
30597
691
1908
32582
23237
16344
10399
27194
9674
21858
13679
18366
15515
20756
5931
25682
24779
14594
6954
31037
17043
10321
11402
20340
10276
10558
22053
2493
7994
28769
8385
23060
27893
23859
8583
9806
12261
25551
19639
24572
26723
17397
24729
5010
23336
12628
31927
29385
536
20745
14665
24129
32607
12387
21233
12907
18111
6377
16040
23462
28968
26014
14840
30120
28298
15747
11117
31264
2535
22366
26438
17049
29612
10938
11375
24994
17985
12847
28084
5932
14559
8931
15151
25651
29858
15697
24578
417
16351
6985
2124
15983
29623
7992
853
2317
28652
26794
30220
10244
244
29197
4532
26074
27724
15288
8922
13365
5903
10284
3210
2628
31431
28057
962
603
23683
16548
7975
31453
31274
7271
3831
15967
8718
19385
4415
30474
26820
6064
30286
28993
28980
16229
18793
29060
31468
7415
29120
8597
10938
7123
24481
22745
16761
25650
6636
17408
13611
24547
16327
12265
24648
31818
21138
31679
15190
19881
23582
30313
21690
30622
17689
11041
31438
32493
28621
24930
19507
26752
27403
21512
8809
18860
20833
25523
2716
11702
10387
18540
16577
29846
21833
1675
24802
3834
30470
10967
17078
15246
16473
4592
13173
10619
8023
16106
490
9261
19016
1339
4298
11354
1185
2519
25412
8768
12339
24473
22489
25902
32417
17125
1390
3141
22295
14476
28320
7296
17465
5103
32599
24562
32346
10344
2206
16975
26095
10725
11954
22190
579
214
32088
27277
22636
5450
5748
18966
11901
21844
11992
6561
3837
31412
19802
26745
8344
21427
41
24803
9749
4943
31841
14684
14984
27800
23516
19235
7625
32090
27980
29175
9508
19452
19078
6434
9298
23720
10529
6582
25256
8621
6464
19991
28815
19233
9900
32441
28980
14794
4134
3115
11393
6463
2299
31317
32075
25930
14552
16638
28621
24209
28128
1425
9301
12917
13564
8736
19005
23099
19570
7593
18205
30057
9402
31128
24127
9075
25485
30862
27731
8343
7486
16993
2916
10758
14413
2404
13067
27972
12090
5352
10467
1745
9367
21762
21820
21513
32097
25487
20500
7241
30096
5750
14915
21843
25325
1837
14069
1780
6692
13183
6493
4580
10778
7052
6824
24045
24960
273
11312
13135
21161
11241
14835
17252
18840
22484
28995
9344
26718
12152
24511
17691
23971
30885
32385
6706
27010
21981
32153
3306
9370
16660
25530
27511
15713
9140
22068
24892
8124
12260
7458
14899
15053
24330
14309
30096
22796
14734
5585
27553
16026
19426
18213
2809
466
27839
14913
28877
21024
14513
22803
24734
8470
26325
6867
24344
25020
23265
24048
29755
21032
6246
7754
22712
847
31570
23457
4766
4891
22969
17485
17717
19646
29397
30768
14378
9029
20299
30698
23021
14960
30383
5195
16728
29121
7755
29198
29329
9683
13596
30148
27441
7149
28958
11278
14758
19415
16842
527
9174
31724
19420
25121
8452
25457
21081
2247
11000
18213
12497
9700
10842
17433
19169
7722
608
15554
5373
212
32681
7245
6764
1432
11880
25650
9364
9943
23492
14348
26488
11288
18047
23464
22399
14516
17110
22364
3191
13010
21929
13978
21977
5782
2780
5316
25679
2454
2813
27714
11379
17038
13351
23507
26330
6484
14886
22048
20817
21262
4571
28567
5478
32418
11234
15990
30763
30062
17011
294
14134
21562
16006
32459
14060
106
30779
22041
26112
3448
22136
11881
31286
5794
4564
32524
27245
24800
7860
24799
18908
22809
691
7711
26780
17046
6472
29823
23910
10679
2979
15736
23711
28389
32727
28897
145
32199
17214
13759
26364
1209
29721
30046
18381
16506
28280
9377
26925
12324
90
14230
5309
17762
10516
29517
29216
25821
26615
4587
27323
19191
24109
27898
31416
10428
18404
8707
4945
3349
4271
25951
29259
28223
1832
30538
4800
26492
29659
28473
6946
32521
5983
20846
27773
2127
21446
8905
14076
30301
1336
28385
14255
12950
19930
29779
907
19367
22772
27482
947
4285
22868
6816
1782
27892
18157
11860
3224
5906
8132
1405
11349
26997
12301
27022
16291
30282
9616
25658
12344
11264
29266
10121
4044
7676
17010
15404
23840
17807
2385
27150
6719
20261
27125
3883
6147
18367
32432
22693
6876
16035
17404
4628
15565
12113
10922
32542
12471
18362
5436
29513
19162
24237
17551
7180
29337
11922
30653
12588
24957
10330
17217
32582
21373
29366
25436
167
3197
27015
3512
30820
22292
12694
1612
17320
24722
13446
31615
21832
5698
6407
28048
3997
26604
2892
9525
28818
5022
27070
32130
17404
24236
10738
1293
20522
24566
2520
14928
12477
16233
24886
26446
21434
3785
10069
24698
19678
8109
251
10964
29490
31435
27288
19797
31967
23669
21188
20877
3394
23140
14569
14219
26947
5813
9277
24829
17891
9265
1780
14232
25877
32721
25011
4794
29903
17281
15175
8270
25696
30245
16535
21745
9220
7386
8407
10066
694
29054
31231
6879
7749
25202
27004
23966
6570
16286
5413
32088
3481
14518
16496
30717
26454
4284
16870
11076
10698
10951
27860
26514
17622
21506
17220
10781
30439
28407
1067
16977
27851
25614
27108
26227
5059
31568
11485
31620
20953
881
7825
5224
6259
27150
28854
27719
1321
10547
31927
24628
1236
11808
8036
11276
11495
7501
31977
28321
16131
6059
16636
14616
2757
25901
12123
11664
8675
10375
6262
28933
4727
54
1640
29811
7066
14528
13868
22846
4149
29757
12558
29905
23572
27414
6751
14213
24380
10765
1389
31429
4991
29053
26547
31345
12365
6627
31564
32127
16589
8606
9646
29160
24620
18419
13972
32706
4150
22868
4924
22441
24099
4322
8659
16484
18867
13104
2350
10182
8829
17994
6330
15057
20355
2806
27830
18722
13579
6969
8863
30601
11434
21021
12780
1527
17314
24754
15612
11421
13166
13395
28237
21586
18586
4650
13806
11829
11224
3063
31543
28308
16721
12812
5815
12045
4665
9884
10350
15347
29862
30262
7740
20724
26018
22925
32410
2296
18814
17530
19336
1355
1642
26180
4550
4095
11587
32542
30791
15756
9388
12017
25571
20922
2656
8540
844
27585
16071
15098
22339
15790
20167
11235
2828
21256
12252
2933
12575
10932
619
24916
14368
10262
20051
16303
11281
8057
28102
21189
6087
433
6743
2472
6810
27390
20563
15425
1633
6452
31829
29333
6558
3353
10005
12614
10741
23311
4993
28509
21219
28403
783
6470
31916
18244
5201
17692
20373
27528
28618
31784
26452
8683
14080
15780
23237
10282
27090
7876
27614
29615
13836
11255
29669
15614
25913
28522
24544
23119
23736
16589
20814
11644
25618
16987
14100
10526
9611
12052
29370
12531
7415
24141
24023
22916
26831
8299
17354
19204
12676
22764
9131
19322
6931
31143
20098
13347
29914
17236
13750
22033
7082
28494
32200
4633
16925
9880
10560
10220
4906
27166
28648
132
25334
20542
5689
30658
25069
15239
22803
26965
1554
28353
16817
1245
7827
8749
30171
11600
17825
32270
22621
26525
9342
7783
3513
7312
15832
1031
14617
12790
12885
5827
1415
16129
13167
7427
20320
24558
6274
19584
518
27876
18979
22603
32214
6176
30644
8210
6746
14159
19253
25759
6335
15419
3933
9633
6793
8362
31722
3247
28805
18819
7221
2442
22015
9523
1033
930
27702
2383
18101
17628
2573
4987
25696
403
13315
4490
8605
8669
20581
13543
32064
12303
27587
5427
14447
4227
8608
17967
9468
26264
32109
1245
11762
19195
26553
16354
20077
14117
29602
32559
27311
18981
8335
28384
16241
19104
25633
4452
23415
2582
4198
23775
22375
3430
27216
18380
16347
7829
1126
2279
26037
11211
12730
3658
2227
6046
9499
28630
4163
24211
4235
24788
18072
13794
22772
25820
18941
1914
12822
19446
10345
28485
14020
14848
22868
7597
20816
15696
2506
17247
2116
14490
28350
27215
850
9235
4512
24572
23694
27094
19250
5365
4571
24967
24727
5532
10915
12087
30380
42
26060
2440
20380
7155
999
11026
1711
30188
426
29445
15971
9834
22176
30991
29886
9260
3103
6272
29154
18588
16507
13996
1250
26962
27257
18576
724
10970
28934
23481
15400
28855
27433
9826
23608
3751
7223
25309
26399
7977
70
31284
18895
9021
31971
16911
12382
20331
2568
20952
5793
10758
26440
13086
18172
24242
12621
28983
15224
27428
27524
19498
5398
2345
21015
4812
7524
31210
2076
26664
1613
5742
30220
30756
23605
18784
27766
24418
24134
22035
24308
19045
12548
4291
19295
4085
7976
27678
8511
19140
23723
2
15749
13905
33
28041
20093
21261
9800
17475
13310
5565
29665
19650
12260
9759
27070
23644
31423
28880
16157
5676
4301
4205
13876
15706
19238
20984
7949
31900
6455
22654
31892
18173
28273
9207
32751
13790
14402
32622
19981
2106
28741
6754
17282
10030
7862
20843
10898
21432
24872
27169
6027
25023
18810
17977
24409
9299
10503
20977
23636
28471
7197
12719
30044
20892
27057
29412
6952
28208
2896
17463
12251
5207
29017
30944
3288
32440
22378
23377
6872
23292
15640
4892
12346
32466
22243
8721
10650
28215
2920
15526
28836
5876
20697
413
25898
25960
32427
21728
23669
5767
26510
25008
10969
27427
20386
2046
27532
8299
4840
14617
31417
20913
4087
1930
21967
10096
10992
28220
22047
30605
31923
4833
31142
15069
595
1936
11815
31720
24776
20403
21118
8940
4324
11296
25136
17189
1929
29318
32582
19788
11800
29707
20060
19294
16172
14131
22773
2462
23433
2308
27153
20701
27471
10600
6402
5625
8052
5842
30331
17060
10096
15652
4074
31590
28474
3025
15623
1765
31092
14142
27565
14949
10722
10607
24042
3979
5153
26079
3666
18278
8854
25775
11928
16048
10660
10499
29791
22352
15138
5802
10317
6948
19980
19197
11105
31742
3704
32009
26247
21740
27084
10480
22634
4285
11055
2700
13706
6592
15421
11094
20110
30415
24063
1926
12507
14732
28186
3708
13669
8683
3142
607
29125
6897
13314
31492
16269
29883
7815
4113
19928
32705
250
28258
28965
27996
31461
23723
9573
6534
18664
29535
30290
8673
4012
3025
16899
28156
21273
10906
2493
3281
28105
26938
17677
2962
7356
8962
27411
10661
29517
26929
9761
3565
19300
605
25989
24907
1518
30996
16802
29284
12170
32196
26182
18085
23941
8152
30519
15493
22281
8740
8975
8970
24209
28291
22602
27279
12192
27838
20638
21188
1203
16560
26251
14838
14708
13224
26930
29073
23856
19727
25194
15331
18827
24139
785
22306
4467
1506
10656
14769
23634
28131
14082
25503
392
18818
9639
26993
30744
22018
5844
7201
28321
25304
19005
29286
8081
9485
13269
5942
13717
23012
9189
16777
21588
31933
13659
14689
6492
5177
30309
11783
10588
23199
32575
16791
7573
17790
27466
28094
25995
12436
26717
9667
28928
12271
20575
22980
13858
19794
278
16195
26628
13530
26170
737
29003
5345
27086
18280
1834
13603
16048
5647
26768
2335
14702
9210
7583
16833
11099
4353
19297
8765
29666
946
28598
7230
15387
18073
6545
30528
4252
19135
29028
1850
19858
13168
9689
13953
4368
20289
4291
26345
10150
8786
10324
28205
10038
26065
4240
12689
11267
8383
24833
9413
27659
15863
29357
12301
5271
17260
19013
16799
9744
3762
29343
3660
16916
15040
23398
17763
8137
4852
4113
15315
6769
14167
23313
21135
3647
22051
10575
7223
30569
7810
16853
1524
1919
20633
9675
1956
9467
3781
11430
7991
2329
21540
12444
7000
28649
13400
24411
31056
3746
18567
762
23080
17465
28070
22320
21262
14386
14328
16068
7419
23479
16337
27972
26514
231
11168
22778
21322
31856
6956
2332
22223
1376
22558
5187
5030
18232
28608
25374
24080
23106
6660
2920
31794
5669
4552
22295
24690
29367
16984
19415
25380
27410
28213
18102
16230
5866
13077
33
22344
28190
3882
3087
817
27276
19367
10876
28798
31786
28801
31769
21355
851
9586
28482
28727
17758
9284
31024
16259
3957
8268
28528
12796
31652
18229
5523
22329
3121
16127
13096
27622
4396
17734
17895
4899
3142
21448
9263
16167
1767
28194
9139
3369
3706
31962
6256
6272
19212
22946
16354
2313
25621
28891
27767
24777
10133
7257
1348
19667
10083
7014
11766
32108
16578
19465
11020
18798
16950
2440
22084
8426
9110
21547
14163
4881
1121
9795
5337
27477
25685
6763
4500
10699
19006
18190
10708
23252
19725
29481
9519
4604
13097
2130
20597
3106
7178
26106
5095
15578
26627
31215
14755
19215
21087
16932
30819
16621
29104
7093
5735
29437
4708
806
14512
25234
8089
10732
12911
8037
3635
1326
26813
27772
32299
14796
7820
11344
1577
2465
15582
22574
23894
9733
27445
1758
22379
2966
3146
18051
26383
19257
29441
19906
6751
25691
25501
18470
17870
5245
13616
16835
20783
16367
10070
30234
23312
22491
16419
1597
9802
24966
18010
23092
1494
723
11232
12702
15074
14345
31856
10139
31012
5845
9359
11754
1391
17043
9411
17231
8836
30153
1280
26936
16426
17652
7267
7327
8321
32392
291
22066
26515
19506
13508
21938
18732
31072
24717
15513
18668
771
13885
15359
16538
21651
18682
22974
8379
22100
29322
4309
8035
12505
6341
20746
18764
27078
26442
8660
10533
15834
20850
27767
31020
23596
28802
12657
4863
26292
4645
11541
4527
23566
2841
12150
23063
20091
8744
11142
32108
3113
10074
16767
10773
7348
2921
18562
7868
14316
2933
7038
21413
6617
17657
11604
20030
22524
17918
10297
21240
7128
28046
7259
26966
26289
12396
455
26179
17044
5634
4490
28841
1175
411
14870
13375
1122
7122
13032
13987
27886
28746
29544
680
2701
5024
4369
7665
14891
26014
18641
31935
24019
17330
14259
26631
31349
16286
1723
2504
25318
11888
3601
5019
5160
9141
13155
13196
9964
11498
1924
19240
31317
24883
26457
7383
31743
6480
9205
25452
12608
25548
30211
2043
26029
2423
16484
27114
8928
13847
26138
27979
21881
6491
14181
17257
17251
5136
14891
8609
14169
17815
20893
23156
1448
3479
2328
3290
20022
21999
1609
24024
8131
14575
26261
28756
24687
22471
3000
3881
8060
30015
7084
15735
13398
10409
14284
8508
20176
15636
12089
31785
23729
4291
12413
9902
26735
2270
15982
16728
21818
28006
27733
4188
7228
16750
9552
13684
28448
27529
757
15337
25553
17023
30520
10993
3460
21060
19855
4668
9976
27946
18260
17610
12796
23893
22378
13823
12339
19055
16675
11513
22804
10142
7777
16929
28980
15795
4348
23296
9928
9637
9060
6229
5989
18237
7304
27236
25355
12306
19190
16272
28770
22200
2883
300
17987
7733
3501
21135
7802
11700
7935
18022
5579
28798
30901
32335
7475
21029
23649
26787
4207
2818
32333
4242
5571
4322
866
13430
10996
32765
5704
5729
918
4136
22479
15096
7310
27211
11918
2693
10447
29204
14794
2119
15207
22509
27545
5133
21183
1836
3654
27139
10526
17546
14584
21707
28272
4311
30607
17871
20294
9196
10703
18390
27933
5088
24000
32726
11235
31871
10580
12297
30903
15095
18251
28995
28145
4565
31572
5763
30818
18736
373
28360
25053
7972
3244
22822
25845
7299
6359
24344
11785
8646
5073
18712
28030
16458
8670
24941
24396
13241
329
22853
27580
4037
20811
1027
17776
30237
16431
23770
10403
26777
25780
2715
8114
3000
18099
21963
28891
27981
23297
17657
6469
9077
30359
21326
31041
22476
31984
30054
5584
4833
19891
24670
4965
23527
13714
18223
19948
173
26226
570
12810
6608
15052
21796
15271
7983
18515
18147
15786
8351
1495
16409
22275
30432
2153
25505
14575
208
7104
21864
8823
16607
14811
25471
13626
28355
9704
17774
1901
20845
11877
26058
5920
30011
23173
27146
707
4719
1749
27798
10984
14304
13599
7457
8523
3567
5006
15161
2319
17853
32532
7964
19530
2203
1289
17614
19140
31682
10261
3432
26108
11333
27727
10931
3692
30531
28326
26869
13838
16993
2945
19211
19487
6263
22690
11448
9763
32394
30288
24381
31273
5371
31669
29738
20048
22781
645
10867
394
6732
5600
12742
20896
31005
2170
14364
631
80
30201
30095
2705
12269
29598
10859
26838
3022
13352
17287
1941
665
8949
6358
20678
16626
14955
31289
22418
17646
6550
32407
15125
17866
7442
18736
9826
17373
32556
14638
4551
21707
17220
14205
10579
32764
28790
5853
31894
16204
24441
14902
23464
30724
8134
29995
1389
10
14333
23281
2838
852
17797
28514
3307
23970
16243
28237
13384
15469
24750
7441
3814
7450
32080
23146
12124
31604
18255
24714
14054
17497
18012
28012
11364
24755
1803
17765
17574
27819
17717
17404
32742
28441
5531
28411
16534
9534
21195
16326
16221
14005
20808
5868
92
26023
7909
3580
11701
3903
20850
7066
31566
4189
10394
15825
30674
25231
1804
7851
28409
1341
1753
26367
16650
1827
11549
13195
21406
17412
226
24642
32678
10909
2369
7655
8367
7897
30410
1499
10597
19523
31783
8244
24918
31936
6651
4110
12281
18302
25104
23078
6383
11304
30130
31141
19848
28252
17238
14137
30601
17758
18304
30314
8493
13326
21731
27948
24169
7447
10185
31152
7028
26474
18613
2688
13447
18155
583
19659
15074
32105
28257
5373
2831
10196
24200
13715
6250
27562
9101
14382
4577
6323
30828
11494
17401
4846
5236
992
23569
6347
10408
9507
28907
14746
19558
15015
29800
4164
7494
24751
29331
5689
5701
12377
16865
8873
25123
22644
2232
27127
11529
14481
15405
4459
14703
12893
31762
11047
15421
9518
28720
11868
17456
18395
2769
16317
12416
21713
21634
24116
31424
15459
9494
18388
22533
20834
28142
11024
30026
9198
31096
30762
21267
32395
17398
26350
1105
14712
20865
1183
21638
22588
9549
24114
6441
9601
15918
6842
12876
16677
15451
6692
32380
21647
5235
27684
17897
24895
29629
13167
24775
23977
14772
18731
7411
5188
10947
13475
9946
30942
16461
19264
31127
26674
14832
3253
6747
1468
21515
3961
8978
11212
18301
4474
24643
8666
30384
272
1592
3353
27607
4655
16736
20302
3187
13282
9713
18403
9756
31220
17105
11063
14462
20208
23479
25657
8354
589
3726
13365
2415
1762
26650
1262
17776
30112
11229
8428
30167
10367
21308
17943
8898
441
2014
18053
10430
13111
7509
11153
8073
6728
19968
3885
7709
921
16175
8057
32745
27490
4233
148
3938
3549
31403
177
14778
23548
16658
21102
12271
10331
31547
16738
6408
8308
30984
5365
14748
26130
18022
5493
13459
23816
4653
26470
18736
290
31816
12569
12880
22620
3861
16000
2796
21842
26638
5952
23525
15864
21418
15112
14081
27275
24702
30753
816
28871
11688
4167
24085
3931
30829
8120
14017
28058
11553
31370
1474
883
32583
29761
18012
15779
19706
17825
5398
12841
20876
1217
6009
30970
27500
25441
4372
31991
31053
10109
18883
22812
4740
4643
10545
5626
7858
10369
11164
23399
4260
4930
5080
27252
18551
2075
32407
29599
24832
29088
15079
7498
27755
18781
3068
20076
25633
22562
14384
4487
20464
20638
2376
9178
26726
30767
8697
1239
14461
20985
19627
6615
638
54
10108
14861
27679
20428
20872
14008
13806
8741
32104
13213
499
10555
3320
25525
28049
10738
6749
32291
686
14507
4679
32616
17428
9238
17268
2778
22806
583
1910
83
7286
5133
26805
6694
4742
29311
27063
10071
2702
15063
20895
13835
28526
11396
8692
16957
2948
28026
6564
15539
17360
26829
26953
32304
3670
31614
31914
31468
10180
25493
32133
19009
19541
9583
29580
22183
30709
23386
9645
18914
29094
9055
8342
2426
9762
8031
1657
22380
5570
15202
3084
27423
22942
11819
18133
5785
1014
26640
12452
19443
24529
25608
1121
5898
21475
3846
22535
24440
27828
14725
6129
1731
20991
18276
18261
14035
11096
4597
10766
29866
14354
12369
15262
19279
7776
6638
6003
8971
13754
22387
13929
6360
20611
13770
9617
27159
18664
12151
6705
18561
21771
41
1803
10848
26209
5775
5858
27391
6232
22637
12347
20319
29246
27887
26209
17195
94
317
31659
25070
2156
15183
22785
8324
23843
20227
7837
10959
5420
26989
12815
18859
10562
26222
28036
25891
15764
1160
21575
30437
6762
2800
28808
243
6156
5605
15965
23708
480
32065
18438
30123
13522
2382
22389
17886
31992
27098
24846
9369
30326
9102
2987
16092
30112
26491
31203
19315
14943
2294
14476
20332
29398
1446
30334
1742
20805
21467
27034
17800
14637
27425
1291
25768
18357
15126
25804
4045
15180
1144
4714
1759
32400
18562
1804
10237
23150
17017
3760
21943
5003
8066
28855
3454
30435
26806
420
16984
6577
21368
545
20441
20622
27654
28483
6478
8668
20047
10254
10555
14181
24837
3132
25864
4928
18162
30778
10487
3061
31375
17012
24665
21472
18387
7634
28162
4059
6217
1410
30970
16663
17765
5625
29045
1611
25880
30516
25093
30737
17570
15428
24847
9356
1448
23561
13948
28239
4486
10046
2480
21114
22246
24501
11200
23078
1426
21732
20959
15108
15494
10657
21530
27456
24138
10026
17478
11436
32638
16744
28982
21274
9142
12405
10801
18953
15497
17243
22178
7557
7909
20511
13842
2632
25253
25854
23636
22821
24678
7926
15871
2471
16790
18824
24866
4085
22221
11197
1586
10744
10337
9831
23879
4032
30005
1961
7048
804
5073
14265
1252
681
27064
8933
15876
9126
27893
1236
31357
22437
25592
30991
23369
8459
22432
29887
4472
31484
27545
3513
6435
30841
4328
12983
8354
24267
18116
14568
28670
16165
23976
25260
25769
21381
28838
17304
21869
8923
2302
9665
29347
12397
8175
21559
30373
14970
29389
28367
14982
19485
23892
11046
768
9845
11836
9954
6573
17667
10765
12091
1658
339
12341
8635
32090
6623
13912
19009
21559
8240
3559
25164
5422
4678
10228
5494
251
9018
19269
12095
5554
30498
28839
22028
28081
22069
14724
30576
2770
6960
13496
18857
25061
24824
26017
1646
14941
13184
16757
17128
13897
18413
5849
2302
5766
32760
5039
5589
3891
15508
23855
24983
16486
17361
28217
21620
10013
15873
12265
19687
6776
3609
109
23355
10533
2394
7187
22093
27419
21040
7334
11667
7051
23130
763
7261
3859
20555
32455
8795
23094
31696
26803
25952
15369
19956
8883
24677
8494
10273
21139
977
21254
7815
10963
11000
10019
14785
13748
2785
17148
31670
22163
32332
18405
11198
30070
21235
31550
11783
2277
31761
16106
27190
29179
20001
28163
1361
24252
10216
29131
29404
9897
11445
8934
8514
21906
29672
19143
17783
22700
20913
22889
2524
483
7450
9023
9315
21873
5960
15213
6131
21936
22525
15928
9486
16684
25442
8123
11697
30461
19716
21212
4219
30036
3100
23679
16146
9811
25875
9978
5059
28450
3141
10696
10856
13631
26118
14721
16527
19989
2018
5129
24792
3281
24361
32008
23967
25201
8364
32411
24283
17437
26049
8778
1862
19387
6797
13881
29887
18110
8578
29346
8172
10046
20518
4994
24355
2894
10518
14995
4235
20106
30539
11643
12158
23023
11933
17475
22834
9712
13701
7178
1177
8901
31783
25083
29061
31495
1168
19068
4880
25722
16444
2216
31035
29482
26331
23040
32213
8889
10836
31325
14495
2551
27659
5162
32429
27827
22368
207
28943
8145
1400
28016
24241
29597
3647
14296
32128
6239
10925
6064
16078
12592
19529
26613
17144
2315
19948
9385
12358
7719
8648
28872
28946
30596
8360
14461
7469
30916
24185
17302
4734
10301
10250
19510
236
6988
3600
28105
28031
31980
8557
61
28865
25223
17586
13168
13419
25356
14050
32484
29757
9281
15225
14778
1582
21083
940
28382
11717
13772
15603
16767
16071
23388
26821
30146
21266
635
24994
29111
6089
17877
12631
19084
30129
12840
7294
12800
6363
16210
1860
22555
7044
24495
5999
5404
22585
6561
14239
28596
10047
24432
24531
21361
2865
6485
18224
2941
4331
5585
25342
21896
26279
21571
22260
8451
28262
23994
15029
20111
20370
8200
22682
949
19425
32536
18866
26327
23420
4225
4871
22374
21601
13658
10275
30294
8453
1617
30419
4815
19006
17911
24619
20262
22625
19806
17098
4619
20391
9958
31328
6148
19414
19284
30829
14618
32541
13604
23115
14033
6207
15905
8302
9822
21492
31538
27371
19221
15756
2679
24375
29985
25301
1940
6961
14455
32575
6733
22883
4109
25150
21332
10885
16710
5360
19294
26691
5041
768
14460
17729
12532
10954
28073
7771
16643
6335
30879
28977
5782
12811
20976
7139
32729
4726
21329
18969
3941
392
26681
13127
29039
17137
11435
3631
8511
17960
28239
23975
4836
31057
17352
31388
9511
17252
11842
32599
28605
27020
31050
30719
16833
25549
19683
31839
25697
25834
9686
5866
30167
6534
10313
7420
28827
25225
147
23651
13014
3781
17999
16926
6682
22490
5551
24164
1873
9814
21268
27113
24308
24865
19675
12380
22910
19481
12153
1076
14367
14841
32714
8108
12724
5503
4006
5900
11255
1486
8374
16427
5363
12817
10629
13106
28860
26721
28890
18594
28508
11241
29510
14489
7952
28231
18169
16209
3765
30774
29145
27369
29821
17770
26070
30312
11494
22460
6007
22015
9709
17799
25273
22670
2686
1874
12826
618
16944
18607
7153
1374
6447
16482
27136
31215
9337
21446
16204
15844
13902
2413
20525
7174
30433
3847
24737
8485
30036
22149
31973
16987
17635
3710
8263
14485
31328
31185
15926
13646
7647
27276
24987
21662
25778
25612
22124
28788
18328
10342
4477
14623
18737
13574
19098
14100
181
29334
31956
6635
15590
7202
16664
30890
21315
8569
14086
26438
28543
2262
28671
1383
30513
5055
4224
27244
21965
11054
7087
4783
17619
22255
7476
12810
25670
17481
9546
3994
14176
8160
19222
20162
22916
18138
10551
18803
32628
4929
2206
24491
6340
18344
11680
24636
9615
24082
31561
28367
5224
15887
24820
2856
15507
7720
17944
7596
18550
5245
26725
11552
9290
6829
24592
8627
17686
2294
15979
14655
23518
19614
31416
4300
18711
23953
8511
26454
25695
14155
30878
32208
27755
22776
4449
14440
13121
4314
29650
25869
23207
5868
24594
19246
13531
15045
21609
26821
7556
10430
19931
149
24297
2647
30460
23983
30561
1495
14597
28731
21258
24883
25382
10101
19902
19505
23582
11510
4419
5581
4618
25909
9154
20700
7290
22861
14971
11247
17610
28161
9398
122
26800
3069
25341
23862
27409
7518
16008
4035
10009
1141
29945
29074
6538
28616
19530
31746
13396
12122
8963
26569
4199
28461
20656
23446
29125
31492
27282
28149
20955
28525
16533
32370
25617
31743
9858
10753
18592
6881
23926
24221
24995
24972
12691
21040
32370
20177
8181
24755
20779
14877
6375
5526
25233
18428
12887
25698
30746
2012
24200
21661
8259
7956
31495
9454
22823
9508
19424
10625
1360
5438
14097
27053
8909
30982
21567
16596
30852
12439
9384
1675
11722
31686
1881
507
49
10410
15777
11399
2977
2908
5061
1968
22699
8955
501
2613
9497
4083
22911
26750
6858
16255
21059
15418
26813
28781
3175
20296
29291
29986
23116
3539
2394
22237
26304
25538
25839
15936
2933
2383
19588
17676
27569
757
10170
5420
10056
22672
26896
30965
14792
18368
1717
16556
23027
30094
30107
8520
28018
25426
23245
28794
25799
10964
26370
25067
4996
17841
4210
10693
22714
25600
7912
10356
11189
5686
15897
942
24806
20039
2612
20656
15137
31758
19130
13259
7433
18671
20368
6432
28360
14011
9299
27304
3075
9683
3563
26487
19980
1681
1635
65
1626
14819
10999
23837
32055
25913
20591
28809
18617
15778
12716
15278
4083
3633
27777
10214
3692
32166
16580
6524
27601
22346
17828
8115
15334
23323
2364
26121
15042
22825
20073
19132
6460
7232
23769
16014
28065
26567
5989
20933
7336
3304
19617
4727
20135
23282
30129
8196
17670
28411
22366
6116
9204
9929
14697
16291
1114
15091
10270
4137
25101
17475
29741
1599
14920
12383
25782
23631
28249
27048
20387
4459
16026
13923
3130
24977
29091
4887
29682
4910
31678
3125
25990
15840
15004
23294
32329
28288
6470
18850
32185
19552
12373
8869
1878
9169
13926
12167
14005
31209
21705
2724
14800
3459
13433
18521
26016
27014
22353
15208
30958
27755
4476
22686
358
26873
14126
32179
5869
17491
21137
8049
24884
13621
30211
8984
7053
2171
32382
26370
2814
3811
23127
16003
6804
6163
10284
25875
4602
7902
16920
11439
6730
2755
2344
27516
1315
10934
1299
27822
2556
19748
11301
26792
28088
6449
26493
18532
18554
3396
10104
14358
23994
18117
7277
19724
15001
30501
26523
17113
3697
10783
22623
5042
29105
16702
2475
28696
3816
18592
29619
22968
25119
2297
17897
25999
620
31450
7468
26961
10692
32564
27196
6156
28433
280
7282
21000
26244
25792
25774
11251
7213
26579
9360
28986
7369
22245
24043
9658
219
15421
13942
19096
11774
27612
25541
27245
17017
4283
4984
12455
24340
8019
9139
4140
17194
20834
16334
15680
28416
3821
13645
32424
16469
26753
5394
6671
15674
1727
29905
24490
292
13080
25797
6424
64
24020
28065
24460
5382
17753
10954
7469
3089
8874
21699
15805
8750
32558
20456
21113
10419
6067
4960
11585
17426
28850
31821
14073
30893
32724
24901
1327
31212
3766
31238
29438
28557
15081
28517
16690
9532
14142
10120
428
22628
12864
8789
21001
6212
1537
31274
10622
27717
5402
23759
15878
13451
30957
4265
17600
30922
25901
23088
4498
6491
25761
21923
23059
5775
21284
6394
8104
25155
14577
12828
1261
28596
27421
21842
4694
30101
5477
20475
11798
5727
4394
4994
19263
25321
11706
27790
5163
27448
19921
14968
5148
20888
32352
15106
9247
5099
27276
15942
7990
32578
20730
22252
8629
426
24138
23200
22509
20041
4321
18115
8200
1961
2540
23905
820
25683
28577
3684
18948
416
17608
263
12306
22732
22907
20877
31466
2636
14634
22322
30755
29537
14818
1634
9935
16878
4302
17193
4118
31367
4094
14315
4893
9418
29031
1109
10285
4594
21291
22675
24337
29097
18715
20675
7359
10526
10106
9386
23611
8280
27396
32678
30393
31178
25135
5348
14082
26663
31665
17363
15384
5751
24130
24793
28445
22123
11683
30276
4209
2285
8415
4483
8219
29948
19921
28822
9578
183
19942
9155
6619
183
8229
30603
31550
4514
27756
15068
18709
12285
3068
13704
28989
578
31543
25334
28624
2355
6313
17688
9801
10861
21830
25500
11753
18752
14834
19303
10586
25022
26183
8767
22931
23058
27794
8903
31227
32276
12062
5297
10193
22810
8886
5423
22731
25104
6757
17322
9469
11723
128
9911
26621
7066
8422
23879
32069
12318
26759
28701
7128
4700
15907
22406
5417
24337
22612
2372
31544
17989
13519
8907
29182
10019
5351
944
12299
7688
9043
27742
29294
14554
10032
29963
26581
17819
26698
28906
22261
28478
10391
4514
1068
7353
22276
24320
6757
18011
24436
22248
6973
13664
15366
18834
6756
25027
11159
17907
18501
25171
12681
10872
4073
8969
17090
11770
19480
21913
17399
29935
22466
20551
15658
1757
32158
20220
26225
14357
2833
19097
29178
23453
2641
23179
14156
20846
26570
21664
9167
17631
1729
7960
5263
12130
2359
26880
32061
29550
20240
15547
119
9148
28788
8418
23880
19126
14198
15182
22003
17965
23795
10866
29676
2890
3261
2286
19752
26311
29945
20322
11926
3422
25798
2176
20462
4226
15904
2918
29865
2894
16131
12330
7760
7099
26067
12982
13306
31765
29947
14294
17169
20656
22997
10383
15700
32215
31434
22451
22562
6661
12474
9650
28917
20568
28573
5811
6957
18242
25195
3811
15119
24450
32314
10509
21005
24402
20646
23404
24647
24034
3446
24253
32595
774
8061
2967
6713
28459
16573
8703
26306
24464
24019
12088
1011
25267
18575
1496
25044
12553
32226
31777
22134
32241
765
25741
1075
21739
7607
29867
30008
22277
27695
3626
4161
27799
8115
7731
19108
16176
24289
1789
15249
4048
4876
18331
29848
15704
9442
22040
17259
3902
27723
24517
16614
6277
22420
25554
20812
18157
3532
23580
31188
29287
4206
26694
12132
203
8257
12043
668
29133
27005
27090
19734
26414
15151
20099
17388
32047
19934
19354
4987
1867
23919
19066
26727
1317
6726
27651
2528
25536
13742
29542
26915
24302
3451
21304
19011
5899
15086
4294
27177
12010
2264
29097
17881
1552
5378
10138
26360
25376
8397
28295
22923
8855
21782
20710
12034
15801
32092
1609
12917
15820
32293
8242
12845
28547
2717
31017
614
27325
23937
6669
7507
17008
31035
2472
1123
28895
13135
14981
18115
21524
3829
2822
20772
20106
11015
2993
27326
24618
18206
32715
917
19320
9209
19496
14331
6927
17182
18497
11606
6987
18883
9607
11299
7237
2798
24823
6971
4100
31964
29423
16469
22769
7584
12608
27085
23692
2828
6020
26020
11870
20948
27058
27079
26414
14321
25839
20884
31864
1604
29351
21658
11291
5500
4573
6816
20562
8761
27327
20713
12261
11377
16510
9399
7841
26132
13660
18190
517
29931
5383
23994
3646
3014
6437
1428
20310
7894
23600
18944
21160
14168
28292
13754
1175
10867
16822
24787
5759
14180
24104
8182
236
20696
5850
14576
30218
5529
12163
16495
22621
15469
10465
1290
2482
30524
10061
11138
9814
4464
10130
24648
133
19873
30207
16959
28709
18034
7099
27330
19125
22198
13913
14057
6016
19672
28076
13832
21526
28025
31709
24953
23804
2394
31674
412
20131
10877
29009
25627
29335
7303
16574
18291
3321
21609
1857
8112
7727
31551
2708
6263
27866
8312
12923
30794
27656
22328
16540
18696
20908
17146
14993
27059
29003
22394
14908
28022
12023
20434
6234
27623
7809
8419
9563
9865
8939
27382
25714
10133
8732
11939
31976
15866
8407
18675
21941
31394
23278
31425
3921
4855
11187
32614
20424
19622
23216
30357
5389
22178
8344
9603
400
13165
30845
21323
22290
6291
4418
17554
5048
26487
29524
6758
25951
9041
11925
6252
26416
2168
9369
5691
23924
10461
17173
8195
25513
12760
17044
2674
16597
16168
15724
32216
22042
24373
13041
15497
23435
11415
19176
10371
24382
8412
27967
19536
15010
1158
507
27438
29203
8276
28017
23662
12972
5059
7353
13850
25181
29907
13920
2778
30269
7438
17245
16152
801
18375
25670
14691
15469
26016
26308
29201
21802
18767
20293
9769
30553
4513
10992
12672
17799
29886
15838
21537
6818
20656
24967
26354
31755
9503
10106
17301
29164
23134
5202
25485
14796
31148
1765
31394
1889
15027
8126
4230
18341
2645
15566
23992
6700
28328
23902
28585
29876
27711
584
22558
9470
20652
24167
27605
9436
1602
27468
21611
29836
21792
13874
31101
28484
13675
31028
1294
19982
5850
21694
1832
19670
16760
15682
31942
9665
13221
28972
15858
22209
8542
2839
5931
25959
30911
1089
4617
5368
4038
15164
12580
17090
24410
21223
9009
23728
28556
32157
12654
9757
22812
2220
27969
16102
63
15369
24859
8387
27807
25154
18595
1751
25252
3251
5137
29573
8690
26621
15063
18566
27955
13492
8583
9528
16150
14424
5873
32569
20631
14983
11403
10549
21634
25200
28183
15356
3122
2187
15487
5592
6559
20616
20484
25629
12952
8069
9623
27393
6476
17027
23431
32686
32271
22811
16733
26774
11867
22637
7941
6151
13589
14938
30510
29951
20498
11507
18674
9793
24282
22064
5306
5032
11948
32742
10332
4540
18370
16371
30343
27523
8149
28859
32097
16026
21988
3545
110
23939
23346
18702
6580
11329
11662
27517
26141
11042
1750
22299
20764
9181
9662
15457
17299
11484
5070
22596
14837
30427
3242
20070
1448
6322
27286
29582
15789
19823
15417
7254
8834
22696
26529
17443
31047
1296
32392
8282
8737
28999
10198
29649
28124
7927
16999
13956
30420
30748
9485
25994
277
16035
8153
3911
9665
6711
8854
28642
19890
14424
11415
12793
16225
12973
27059
10132
17414
12187
8333
3928
10241
28950
22041
14846
6777
17847
19035
9219
12355
4111
12914
22432
3589
22588
21462
11004
32155
7097
25822
11937
29369
20347
22149
24620
17106
18489
27501
30025
5177
32011
16420
21215
18567
22582
10407
1160
26172
2630
1828
18500
17833
4958
4
622
1293
30413
12073
11759
2046
19681
17012
7345
1546
9984
7563
7255
27807
31220
27353
21291
6184
647
15830
26967
10361
22608
10888
21081
