2975
12364
15430
30217
3224
9873
1059
23463
27744
31895
11323
17962
24760
28459
9199
13820
15540
18461
1186
14984
32613
16977
13688
5871
13749
29715
31837
7933
13201
13227
8266
24667
26702
10801
195
27654
21061
2211
18085
21503
21953
4917
4638
12613
31516
30440
18941
17920
22564
7518
28716
4095
10435
29421
8058
24420
23264
21234
5790
17822
4480
3688
29817
28824
25393
16569
2460
17968
22440
26323
25354
21483
26793
27775
29247
26343
2599
9198
30321
24593
32173
23445
2837
6295
29948
1596
32677
27297
18422
10577
23713
12860
16826
1409
14804
23190
18705
11658
18904
19313
