3005
10795
12368
17411
30520
12446
29071
29885
12509
9330
9992
18359
27402
13536
12321
6023
27526
20448
17662
30098
4280
25233
17749
3467
14103
30940
27006
25142
4834
84
2506
18290
21009
12897
28694
15734
6795
27038
26528
4443
14489
26239
32537
26331
4507
18231
12539
3928
12026
14041
26140
21023
30045
6077
1668
2543
23584
11557
3195
15285
14594
2080
19943
2714
29725
15279
28629
11583
14364
7207
14422
18503
29352
3542
12940
21015
14627
9961
22788
25561
26009
10381
14918
7111
32755
4949
19371
29862
18286
23260
24175
13968
28748
31915
27399
25847
27082
32349
9909
19943
16465
5889
5977
7819
28656
1983
6538
8435
15114
26559
3301
1812
22860
26438
6821
26385
4834
20002
19061
19641
7147
14665
22914
1104
17450
23485
2003
658
20222
18098
20445
3573
1940
31987
15442
3375
25947
21890
20539
7928
21688
29054
13638
24337
30716
18762
9313
31877
29843
5356
15495
1327
8317
5043
15322
2684
9219
30493
20211
882
25506
29943
27254
4081
17996
17606
25321
313
11216
3174
14022
19373
10134
32753
16078
17879
21391
14563
14497
22699
20332
2171
24460
1296
16398
18788
1954
25244
25406
29844
28430
31647
2975
32117
14759
10852
6368
14658
19141
23475
16438
21940
29011
23194
14602
8927
6694
2414
8687
13398
31885
11276
12758
7574
29994
10084
2437
19874
768
23097
14661
19946
6860
29474
20187
26737
17561
26581
32698
31023
14223
29092
17271
28341
26636
13128
29309
15887
15350
27614
15618
19950
22863
23343
3642
7431
17161
15156
12234
10166
14364
29402
16767
20711
2263
26114
22848
21046
22131
1740
24385
30549
28910
3093
31354
10414
18199
28990
8536
2378
7397
9007
8882
11250
31756
32412
15102
9108
4818
903
2501
29416
29983
25095
31572
8018
29652
17479
31413
27403
32350
31185
32733
31356
17035
26637
20007
26858
32412
25604
30465
4184
14747
22890
29925
2217
21999
25308
29324
8710
12845
14182
4702
24191
19505
4424
18988
12021
6766
29178
10017
30519
3970
26477
3574
7531
31757
13972
19302
10416
17092
3875
2274
13057
4801
11415
31109
12892
7197
2166
21322
23844
29377
472
26749
11717
4985
7718
30063
18838
16203
18210
30318
20227
8454
10791
6644
20203
28957
7346
8991
30023
2998
10786
20577
9485
11519
11964
6777
2900
18369
9202
24482
28088
10807
485
20234
14336
25888
23080
10373
3326
10515
4039
9347
24247
3603
20616
6208
20932
31075
13168
10810
28664
5531
8329
10984
28227
4348
26083
26025
2518
5633
7641
32251
16520
12854
19093
11501
26745
8013
19159
29399
27381
8815
3057
4424
9883
30160
7447
24896
15550
28806
2005
22943
19979
24731
4577
23006
27244
19297
19475
3325
14381
2053
4786
30908
5726
26727
25329
3342
15992
25641
10681
18379
10563
31239
28585
16549
15094
15206
1628
12637
31392
13871
6890
20023
22728
12509
20913
683
18768
27861
20309
26205
13472
25334
21253
32335
1024
11890
17920
7765
19780
6620
25688
32458
25007
642
25334
23170
17426
1532
14047
10495
18996
11781
25014
18664
28022
3722
26497
11958
3767
2561
20912
27569
12662
12284
25435
8475
29238
27134
25291
13227
15399
27277
7228
21309
514
4744
481
10951
32309
16571
3369
19599
15936
16305
17729
11931
32095
17865
3802
19305
4713
15244
10540
15073
29944
15422
31802
22408
7626
1203
7256
17398
18023
17509
9963
25738
19460
1219
23665
8540
14760
6859
7105
1139
15757
22234
8851
2105
3529
26307
14146
10795
45
7711
8145
5589
22894
6373
2605
31742
6018
27707
18865
27168
15181
22923
3567
13851
21885
14296
30382
21033
23219
1875
10543
7445
739
25385
19125
680
14333
17824
1091
101
22477
21090
29608
25206
19744
6936
11705
19685
17448
4667
13790
25871
32289
8231
3792
12118
2101
3698
18592
29975
22941
15739
12284
18140
7434
22598
686
28370
10563
31367
19813
26493
27919
31996
22200
10922
21077
23552
15208
27813
23682
27742
8165
6061
1579
21091
6932
7077
8692
28471
15952
26124
17072
14445
24239
5679
28361
11736
902
16797
8930
24992
7727
23772
26556
18070
28425
7258
32598
14533
15297
24998
27993
29769
15056
2272
24242
28261
22597
10863
13441
17615
14277
9457
13874
14158
6096
888
12009
24455
31301
5107
31268
6932
13865
16874
17308
23511
22180
2415
32364
21134
27468
5713
22388
10151
11687
25490
9984
13909
8170
28443
9637
32227
2311
21935
26732
15689
29159
27422
26675
27901
2036
8891
6223
2827
2267
23567
20598
28008
7056
26575
3549
3715
14994
22796
20381
2078
4976
30378
4699
12380
32652
24851
12072
3355
31263
16428
8614
4483
14205
3465
31084
23007
16795
20189
31404
22956
15822
21684
12819
12272
16341
20836
32753
5582
19994
23616
24218
6998
31541
13584
26636
9890
14514
23486
24274
26910
18196
20562
15912
16167
26393
3872
5471
11736
12352
7488
12931
29472
12425
14655
24636
23576
14716
1044
15090
21908
32364
13910
24884
27385
26621
13740
859
10062
16612
7812
5738
3221
8174
5640
11833
5467
13124
30797
17107
29838
20717
14030
25884
1935
28820
31514
9911
11912
29324
25033
14630
32512
22545
25012
2099
1196
20689
13158
21391
1160
16811
19661
3002
30247
10422
17717
30242
10055
645
13688
23695
15785
5289
26734
19390
2848
16760
28587
9548
26599
18701
28778
2263
1847
7056
15556
22623
31257
8376
3366
23538
21626
6285
28161
18568
10365
31091
13763
11820
19477
28516
5895
4444
7378
24701
8968
13235
13819
6844
20572
20421
19678
3848
23007
19531
10084
15729
2541
10880
24808
14010
17876
13258
29001
22292
28040
10909
10814
7725
25497
668
7914
18537
20835
25602
10673
3439
31621
32321
1097
10216
14996
28137
9748
2691
27664
14794
23725
26173
28566
11101
21185
26079
1112
1632
31008
17096
6859
25537
1555
5868
28319
13245
32497
4125
31988
11081
32749
26762
10955
8369
13874
18565
12218
7039
16434
30089
6373
7070
26682
29307
30761
23487
27978
30000
5018
4860
20005
21808
10544
31163
19108
22457
6845
5590
3919
32007
5666
4601
16174
13011
3523
9291
20445
4122
5432
18512
27615
32287
30278
20494
20276
29363
4621
4206
21038
8116
25218
11494
5760
15316
12320
18005
2712
18587
20443
4398
14127
31152
32086
5849
2846
8532
9557
9814
6515
17967
13429
14372
32196
17999
15899
18785
23235
11118
4010
29234
10003
5235
1017
15205
15450
22588
11012
30549
23704
17819
6625
8718
8631
9374
30454
3250
2915
23828
5738
22556
7963
26188
15065
706
20104
25632
20044
3552
6158
5426
10088
32211
5538
30326
12005
14786
28123
16369
31042
3716
23371
7872
10423
22718
15887
20571
11116
6732
27557
795
10728
32483
12542
8186
14796
5108
15060
24987
10433
14291
22590
23690
29615
1048
19330
23748
15920
14150
7466
15482
24132
25002
9562
6162
20550
22918
16224
879
10014
14959
23437
9330
19641
29684
25411
22208
9910
11136
9040
15558
29538
30082
12410
25083
29415
10698
31323
21093
12480
22326
112
19295
368
6799
23916
27033
2164
23726
7378
30816
23158
15331
3778
17952
4035
9367
3603
8743
23295
23855
27811
26539
30744
2356
31211
14863
1912
26545
22487
22114
10623
20701
4564
7721
28208
14074
10794
16222
27946
11901
4492
7608
6618
16751
15597
24877
10224
4627
19862
19894
5135
4297
32630
18514
9417
18738
20921
11597
30666
2709
7580
23490
28499
28546
3967
6751
5099
2229
13883
14696
15953
12092
7351
5630
7604
16861
8630
25250
28198
20914
499
22773
29519
534
18544
14529
2910
8133
6411
14397
28229
13118
2386
18829
27942
4716
31640
22921
17928
13702
12361
27583
24527
21300
378
14267
619
2035
31940
11142
24399
3258
20307
30572
32293
16606
14394
1794
25024
2867
29961
2920
31058
22132
23714
31436
12767
11492
7240
10543
15345
14134
19193
24172
22926
8874
18174
3446
18535
12922
4544
4321
7250
116
7645
4260
7674
12520
17275
29981
469
7620
20189
2901
2903
15614
23860
16006
28774
17970
31671
2778
4365
23437
15605
3446
22388
14825
14442
21943
21520
13369
10321
23483
27159
32296
6586
16420
8247
2557
25308
14616
27015
32194
21420
20620
31422
933
21679
22467
32675
31134
26636
13329
17604
17490
16613
26853
10603
18744
25831
775
28110
21498
3104
18717
12678
27422
13073
21876
13890
22501
4869
31997
15037
25971
29857
10134
493
6961
4283
32139
23166
30320
29552
3677
14974
26447
5488
21698
17242
5342
8093
15340
16905
11395
3285
2574
32647
16541
7691
21533
30085
31336
21661
24276
15199
8993
26337
4346
16206
18538
25345
23271
8159
32751
29706
14149
14755
3658
32063
10516
15656
29988
32691
23280
24873
11421
32279
17303
1282
3054
21200
29606
22374
9549
11341
28835
21844
6418
9111
16704
13639
9239
8489
3806
4782
28004
1027
81
28059
22284
16122
12771
21183
22098
24658
28315
16278
5904
14222
3775
5855
28250
3463
8087
14671
24670
8892
14452
5766
15758
26601
8433
19010
6914
9435
11385
6611
10775
386
28425
26063
13149
9544
12087
25606
14512
24737
14708
13752
676
5347
30862
11782
7463
20057
30585
23719
1889
17554
12366
12508
6879
13567
19604
18598
28145
19390
15039
16438
13648
3760
15606
5541
26884
32465
21785
29925
12421
25545
12803
32760
23073
30142
524
26463
24989
22893
20178
26326
18975
8825
17978
31294
20300
20482
5297
24283
12717
30586
13496
13503
8791
4532
22431
21638
4555
7742
19344
11588
26139
4337
720
16060
23630
15814
8258
979
6406
14060
11565
24900
11360
20759
23614
27796
3356
16922
32209
8009
20222
3512
2412
19031
6259
13495
24716
24027
7032
23095
11941
22795
5560
21314
2660
30317
7156
21668
15415
26696
13480
13053
19983
14681
1516
26900
18533
9670
6808
22638
16507
88
683
30752
7140
30692
21230
26081
11590
20746
18388
3427
3679
26658
4005
23012
23366
3956
32731
9728
13043
7591
14797
24009
8450
16509
650
1817
21684
26557
21000
9255
18743
23664
23934
9305
17191
22607
8462
22361
18260
12669
11431
5739
28358
28274
14378
6142
15358
22071
17099
8576
21887
20697
16827
2935
18829
11288
8708
19406
16181
6239
8628
31340
14477
29177
17469
1036
19005
10881
26140
32584
27710
26266
13241
22518
18402
9185
1934
17592
10005
31520
29580
15055
26850
21189
31162
21552
7993
5522
14368
23514
14831
16789
3043
29798
25350
25435
28593
3296
28719
20833
6495
6101
3469
15307
6865
14509
1468
25688
2587
23355
19218
4758
29925
27027
9764
6226
8980
5148
11660
31315
27815
24550
27370
4424
9950
28477
20777
14078
27810
14462
26628
21462
17953
7977
20680
24695
29625
9016
2139
12224
24599
6831
2685
5376
32160
10613
14926
14954
4879
27490
13328
15299
15200
1177
27695
22878
7406
3096
16254
22346
7128
1165
22724
23754
2984
22379
3959
26629
9271
1598
9159
10751
15819
1596
31711
24264
6275
31260
18023
30196
13045
15915
9805
8010
29717
31388
19397
4033
11353
12319
7822
4776
12826
29366
23927
15140
7486
18116
22307
18911
26132
21607
8201
6911
27519
25864
27070
12373
9303
24369
24439
11223
12
13470
11210
20049
14988
30358
2996
20055
10087
1148
4832
7038
14385
2209
1318
25036
16937
14172
26963
24940
18199
1117
14632
28326
17787
16958
21157
11791
21475
24667
3719
24829
2973
15076
8207
22078
1678
12592
8709
21258
29794
30292
29949
2101
2790
20469
21209
26537
21937
14170
15247
28180
10506
4293
7980
13534
15366
27908
26905
24670
11761
2371
20637
15949
31471
292
4772
10363
9187
26386
30911
32704
3472
14034
20843
21302
23295
22106
15766
1957
18208
6375
30559
4927
16819
30794
30238
8590
21353
30850
5028
13226
3399
27024
5828
4271
1868
31623
18194
6766
12883
22755
28138
23139
315
15131
26804
23272
11588
11642
12391
8359
6588
29226
31308
22613
6876
15762
22021
3230
9197
15330
27853
30811
8366
5355
17921
18699
32250
25141
13536
25985
9638
19275
21391
3290
29097
15450
12127
25010
23167
27386
2643
13720
25807
7500
21981
10430
4683
26437
19177
29173
22999
21065
17180
25305
27374
8956
14174
31817
16450
12629
1942
10011
17827
1780
28596
25869
5410
14261
19957
3582
3958
10373
7778
27998
21407
14452
20379
21475
22985
12
21714
29053
13682
6881
6426
2957
17103
12138
14306
25426
17260
10511
7868
24739
11796
22659
31844
21732
13808
28244
8445
27187
19698
961
13213
4834
9589
9675
24844
3370
30493
5775
26569
20253
2821
14546
9550
28381
21273
23006
2197
23308
4288
19853
3547
30595
20159
4259
10148
29255
12890
25952
14591
25784
26555
7766
1291
5388
11672
2937
14266
27644
17425
15733
27605
29373
17111
4932
21057
27954
6803
17919
24192
25696
17798
26356
7290
13602
27500
1018
4990
30494
31911
26113
23172
20471
2201
7661
16821
1733
21330
21413
13613
27586
28267
2918
15615
26693
22833
21854
15993
19189
27655
7030
25258
9270
4869
367
17954
18152
7141
2864
22009
16721
6944
32094
32275
25175
11348
11310
3233
7923
4585
11383
28395
27618
30708
6924
11086
24478
24155
28232
15488
12428
28219
1514
12828
25463
16006
27939
14938
15933
19441
750
31005
21192
10253
31904
20532
13888
9139
30400
31961
14463
30886
2072
11902
12230
13940
2828
31434
11438
30365
4395
21214
10849
7159
13572
24028
3849
8529
15931
23722
4233
15191
19420
31475
20844
20918
30958
12655
18970
4992
12108
7525
21074
10961
7344
29038
24276
21427
32273
25467
18270
23103
13615
15385
10458
17413
23660
27380
14294
10414
19677
17562
5940
32224
19105
19842
1827
23138
19313
13901
78
29825
2937
27979
3923
24498
25702
26945
1142
19832
6849
4458
19351
21896
5499
26299
97
2348
13257
21099
4805
21989
13618
15795
4006
31572
26597
22227
25046
6234
4433
10069
8002
4991
17648
24469
13929
25232
7523
31617
4115
30092
3012
9374
31039
18626
12600
30028
26973
25139
30403
330
30909
15933
22369
18300
6984
28539
4178
28908
29550
30183
11189
272
20831
4417
6488
23371
12926
4789
18895
16821
21778
29112
32707
12575
13375
10291
19341
15954
54
6627
25859
22680
26280
2815
22418
5502
16256
27164
13454
27095
29137
29007
16325
29700
9485
25233
19034
15219
4729
25447
12241
2406
2781
15298
10598
16118
1152
31779
27555
19543
17747
20228
16945
11613
32109
31092
7663
3903
26039
20225
18753
924
14057
7386
13995
25787
3253
20533
7582
20247
2369
23535
22929
21531
19675
8562
16212
18986
5609
24796
23713
24034
7454
29790
22005
18594
500
23265
22173
20553
23382
22000
18196
29761
16540
7890
15756
27581
24253
30454
23755
22846
28096
6037
5432
22364
6772
17554
31798
17091
14433
1701
11696
25980
20478
20664
27637
26478
23845
5265
29127
10276
20931
2738
10926
26064
12500
12669
17811
21904
21903
18332
21897
4337
15069
17824
29934
31922
22288
6888
7859
3274
24530
12741
12792
2475
2651
32475
21468
15049
7144
8139
9107
6742
24168
19727
29881
30288
19832
8997
997
8894
3985
1775
22914
8503
3968
10586
20186
24995
18967
28222
26996
70
9251
14981
160
9466
23710
28048
24912
26555
28453
2518
25641
24169
31404
20686
10714
14282
112
22032
29101
1999
3885
19895
15963
10520
11921
6665
15653
22457
7921
23642
8992
26943
16700
3373
29905
17902
15149
24477
27641
1869
11204
29691
28594
24549
1014
7609
21179
12357
22436
16518
19473
27977
15050
2235
23999
15260
32505
758
7670
25724
25863
22276
5728
1981
5893
10757
11698
12049
32369
27594
20353
9862
19117
4994
18006
15952
15280
3990
31748
22985
1276
27857
5177
28598
23759
30916
5460
24524
2974
25449
4982
16755
4031
9222
4572
4041
10598
9556
3692
22250
25298
31969
27533
18031
26824
12723
11324
19764
18241
22062
13917
8799
24160
31032
3918
24477
9126
12954
18114
4271
873
20137
973
23590
30338
23847
26683
10602
8263
10084
15910
26625
2233
20904
9160
23566
18174
11221
10637
5144
12305
30025
5740
27661
23992
6146
18040
16775
8630
7941
22450
15693
14658
27648
6434
22045
21689
28718
28710
28841
18320
27771
10249
16607
29836
31977
24535
20589
18997
29490
2672
20101
25480
17583
13532
3293
8428
3960
1758
19963
19815
31437
12748
18607
9234
30388
16797
1249
18890
7908
1092
30092
3881
17634
31549
29707
3764
25962
2917
148
31574
3344
24334
27650
13070
28711
11859
20183
27108
14818
25001
29057
289
22201
17079
2524
24255
15886
12136
29177
22815
32529
830
15390
2810
5345
10985
18445
9114
17908
5656
15753
1866
4792
31631
4119
21515
30586
9081
28674
7816
1416
11264
19617
31564
6034
31772
19420
10291
9558
22696
23277
27166
31357
20411
15460
29419
21695
28213
14190
25509
11598
29592
19542
16119
12658
30746
4684
24551
11888
14584
8806
18625
29873
32524
13284
24144
30240
21410
19896
25428
9172
30600
12614
18481
20207
20580
25192
8933
4294
16458
28853
25404
32322
7054
26115
5959
10886
12503
32298
21514
15569
6005
3083
5749
7590
14325
12241
12438
32555
17138
17015
5900
17616
2606
6795
8895
3632
28641
3633
6862
26940
24656
22122
6857
28566
2466
14230
10529
21307
17903
4920
4572
7781
27547
18170
22925
10928
30690
31985
23684
4987
18355
20769
28226
10129
21186
28740
3376
7689
7385
5063
32400
4714
20846
32534
26291
3091
15739
25113
12652
5338
7050
17662
24262
8948
26127
24890
2034
23061
9211
3018
12419
26583
25486
5311
14302
32608
22381
16377
32491
14399
18932
15155
5649
21656
23245
13632
1890
12929
15042
31379
4370
27819
22991
15109
25646
28229
15228
23763
15242
32285
25962
230
24316
1289
7211
7256
26311
4997
25174
19251
21338
27293
28123
16508
19771
3086
1941
30576
8510
5544
2334
2573
19706
27638
27879
20692
12157
30753
9352
12238
12863
32018
10580
13517
32341
18391
31537
27380
4583
16200
423
1913
18916
5866
822
21418
13300
10515
9965
30766
15535
15439
13368
3470
3596
14339
1274
5620
12828
3152
24027
17458
19960
20794
8420
13317
2296
24842
3657
30619
29733
29168
1925
7764
1521
29421
2220
6342
32294
12272
19453
7683
17949
320
19383
30238
8496
2585
5679
19947
16753
19098
10270
30727
5277
2271
16703
16152
23883
21866
26394
11606
27753
11975
2586
27979
3817
2159
230
10198
952
14574
19950
886
3568
4929
25412
10437
30542
12162
22702
28739
5862
9927
18425
7509
12309
17991
17296
19086
15800
32190
6989
27436
32155
3347
25486
1510
20533
13624
29324
3301
16530
28755
18408
30480
18576
29979
4743
32396
9550
2436
18592
10371
20450
26782
1555
31269
28234
16314
9469
32493
20645
1744
17545
1062
20132
14365
12809
11693
6459
11024
26693
18424
21660
5735
6418
31575
3685
32150
29991
17530
25624
3432
9773
22068
28109
11240
12053
18558
16675
16258
9902
14527
8316
29030
119
16203
10858
28461
22450
24105
7524
28607
28857
19737
958
32628
25749
18133
23512
22393
10957
15256
4245
17526
30076
3293
22030
24685
5030
13929
16008
9190
19916
2187
7076
4681
28862
22435
32726
1419
31409
17633
29720
23820
7825
1103
13792
5056
4505
17426
4431
398
22304
6381
11179
19445
32438
5126
21007
18933
2159
26093
8289
24365
25471
13018
5253
4673
15111
31798
25040
25214
1327
17245
6336
8385
2165
18851
30442
20372
19269
4501
29491
20123
8649
1409
23107
21807
19970
26424
3895
72
26136
27922
17558
30624
29934
12339
16775
28181
2298
20493
1857
335
9556
28454
27330
15524
18700
27931
30404
17208
193
486
10733
25961
13935
7772
25926
9578
13193
13817
7918
28461
2376
21984
11536
1927
21314
11550
15634
30351
2110
27183
19215
28999
19783
4547
11656
1662
32511
12994
2390
4852
25910
7053
16867
16576
17595
29831
14746
5615
17266
25556
30364
22126
21159
7776
32693
15658
5026
2595
1422
20597
27260
21924
11300
21932
13105
10428
2168
10262
19701
21149
9865
30480
28620
6418
11135
12135
85
3337
26665
5126
21990
2126
28585
18897
9950
14489
1646
23248
3895
23499
32099
29840
25947
4469
19814
26054
20793
26010
1788
7990
22935
30902
27203
15315
23466
26878
15144
21544
8420
24810
9689
8438
1805
28401
18302
12575
28309
2707
12068
14018
25385
27293
27385
12200
12932
4265
30143
27871
25992
11748
6267
15780
20365
17684
5229
16775
10233
11737
10565
9673
25104
23858
19348
21001
14094
5956
8065
18463
5747
28247
3005
15177
28831
13090
30905
8837
3998
14920
4118
19005
29253
6946
4189
10537
23934
19391
2288
31858
6112
15913
4672
28435
899
25322
22081
20613
2578
13519
32027
7835
3873
12780
21027
26283
23745
26080
13577
16878
15954
26971
11090
28969
15769
31453
9737
23437
13843
5312
20402
29916
12936
9336
30336
20174
18658
18202
26312
22963
26688
12059
18868
6233
19783
5978
23612
19248
4280
26465
4690
22188
1096
27880
31325
26859
20908
20123
29929
8856
4083
7198
5277
18191
17176
8013
14957
14274
31192
21192
16913
16091
32193
8623
21173
27939
18828
21674
10226
3874
14764
20525
26365
32136
11047
2042
21534
19659
31909
19431
31844
8210
9670
20961
10136
9042
22713
8497
9839
28854
25099
17150
20739
25925
15036
23571
18820
10431
152
5091
22315
27847
18628
27850
28016
10055
152
29078
13181
19473
20652
23622
8162
18882
13878
6674
31882
19948
18067
20651
26350
5236
20771
18627
8328
17976
21338
25040
17291
10997
29460
29453
12241
12905
29481
15810
17429
6324
22082
21702
14178
10756
9195
7490
9931
26993
1001
19639
11101
7974
9165
2115
3154
4546
6857
2336
24967
28414
16323
27245
14897
10127
9640
1073
7115
16974
12803
30621
27987
27286
462
20625
8885
15853
4231
24674
15496
7399
21895
13787
28664
840
19344
22145
2819
11113
5797
7451
26857
221
15390
24946
2781
9811
8443
19798
10497
4798
17017
737
20369
2484
23779
30720
23646
29460
29867
11054
28799
21996
30137
5507
10819
31386
23811
32238
15210
30769
8286
4543
12180
12574
18579
26216
30457
779
29110
18564
2395
11779
9651
31768
13625
14039
17706
21017
28486
18625
29309
14127
13849
23112
13095
8121
24102
6499
15183
29969
23021
25313
6044
26641
21105
18696
10572
19670
9196
28029
10368
25539
4801
12900
8410
13257
19634
1735
7242
23014
2643
21052
28709
29164
25790
17346
24696
31876
13193
2029
3483
26226
1781
10819
24585
5403
4712
9701
26222
7236
6942
26994
23042
284
16155
21032
15638
11901
10340
25164
18412
32367
110
14028
6092
31982
14295
36
21588
18413
30292
638
16144
12442
18155
24861
24907
484
21602
14587
19492
4154
18935
20145
7908
30358
11345
21400
18318
9403
16055
1582
12728
8891
18560
12731
22426
11707
20170
20788
26981
4602
5743
22879
32470
26128
565
28216
1802
2932
8517
1940
27284
6209
479
18692
5069
3642
7243
4348
20843
779
27155
820
18261
7634
32111
4687
25014
3549
11521
19643
32336
24245
10178
28888
16404
19804
1341
3164
16623
724
9723
10998
5606
22496
30782
22577
22885
1551
29938
30876
12244
27125
26848
15912
31340
15036
24101
15313
11337
23260
14818
23680
30144
9766
25142
16688
14834
24839
105
19024
673
11531
13162
20585
26179
9888
18044
20481
5205
4125
16428
3263
31730
11778
23942
28624
16548
14465
19848
9608
29050
1598
16599
15949
13915
21588
8625
22193
26521
20376
2083
2782
17353
17185
15996
14647
14291
4104
27137
22588
27973
21100
11234
25518
4845
22457
20077
9460
5030
18986
21122
23230
12146
13709
28999
1000
10953
18759
26140
20897
2097
31639
5330
1228
15
29215
24599
15014
10941
21408
17461
27818
4316
26373
2557
10162
5612
9123
9725
15966
28954
5823
6138
31417
10328
16976
24218
4890
16819
22791
21344
26185
7905
31629
733
17123
14106
23308
21797
15872
9002
25840
6785
23826
12227
23535
20579
5905
27159
582
12959
28885
23206
14662
27863
14531
25173
14864
55
9643
28097
19357
12643
23793
29394
6657
4782
9195
27795
4848
32397
16523
18753
27521
5707
19774
32418
13106
6398
1043
14487
6188
9913
17696
22005
16585
17411
23586
10129
24148
12680
18787
9626
23824
27663
4577
3884
21883
26796
23212
10273
8915
24887
21392
2347
17114
17660
13556
13856
25303
8628
21762
28308
15837
6325
6152
27821
12367
13413
16414
1587
9380
12788
24586
25575
15720
4939
30048
17174
24707
3391
28142
30061
1982
9739
7254
4879
31363
6141
24573
4837
21732
19567
1060
15669
32736
761
6741
11383
32481
30949
21505
20580
13960
9443
8039
10063
4269
23294
2999
8632
8610
27855
14456
25631
12984
6641
21543
23318
22021
25781
28193
21914
26468
7958
8131
6563
7868
17391
20687
9978
6022
28779
6929
7243
29065
4541
4419
29307
28392
6930
27951
571
13151
22468
26899
2014
2250
11729
18505
6503
19687
25739
21287
17127
27740
17297
18981
15622
3836
7677
5181
29151
22854
7647
11416
17425
26414
25579
4966
19474
25633
20334
17934
32711
25667
647
647
30802
25339
30355
23045
18988
2737
13545
22233
9075
10710
1992
14738
9349
31013
14221
4457
9933
5929
10281
13276
26077
23808
27347
22424
16061
28766
6138
22172
31107
14037
1406
23452
20772
3667
11551
32419
11658
28396
22326
5373
17383
23001
23971
14420
4424
14785
6918
18713
25453
6200
23090
28710
25560
19590
23006
25505
22820
1961
14494
29475
4760
24989
23826
7961
12796
19418
11869
16235
18347
3359
12505
32092
29930
10862
23306
9394
2168
24919
14032
4118
18791
6010
8928
13501
25641
25416
18548
4424
11758
4617
6466
1001
12846
20259
27051
19400
16001
20633
31542
14757
24759
11474
2876
21438
2853
15772
14821
28915
21309
13424
23891
3880
32354
17400
5404
26859
20730
718
12798
3670
21444
27527
17870
1335
875
7664
28594
13423
7772
17815
14480
7832
1237
18829
5062
12267
24383
10603
22556
9056
32446
11155
17654
17174
11270
16568
26575
2038
22640
16545
30178
23700
25933
25641
28202
1877
30074
8331
6029
32727
32053
18396
12117
13197
1070
4825
23519
32170
19937
30691
14231
22081
23588
29512
2084
31914
32764
9412
30175
8487
27829
26184
22410
20935
306
16377
26175
11915
15233
23932
28070
10440
2738
26737
19563
20940
29418
27709
22767
31940
14259
9997
32318
14302
150
27672
9538
24746
11244
31524
15926
22470
17393
29003
32348
6074
18970
14079
9715
13089
19625
3916
25188
32266
31358
11357
8380
26269
10544
27970
25694
16642
348
10480
30202
2686
17725
10889
32441
26591
25981
17118
25530
25371
22603
4915
30146
11316
26286
30018
18735
24926
25625
9346
18990
8804
1087
3240
24878
29512
17192
24942
15253
12842
4997
25492
3249
9322
18241
30501
23281
24337
26200
28412
11605
3693
26604
12678
11555
24828
406
6858
4060
6540
250
16294
23918
3231
25502
30299
26283
3348
8444
18508
32762
3076
23253
12546
21580
28651
26569
20084
25682
26376
27685
26245
1518
14598
29948
26063
30695
23515
18809
15263
24032
20465
26227
14144
14475
1923
22594
19069
11802
23883
26321
21857
14070
24154
18421
24385
692
27463
19453
24829
10565
29835
14475
1154
31852
22060
17826
32147
3445
5785
28927
24522
15141
3285
7085
5593
23533
12760
9684
24086
22626
8499
31954
28727
18930
3314
20364
12377
29135
10438
23814
4936
7216
20580
4402
6138
17337
27944
25606
31324
2359
24318
11985
850
21393
27778
27599
6648
11260
32358
5115
31279
10861
10772
3876
13397
1620
20373
27203
23123
8071
20146
18444
32221
4988
5977
16323
25589
12988
6466
7761
4529
27284
22225
15767
5695
30478
7999
26114
13862
28960
13301
28256
23502
3362
23864
3570
28995
7557
12811
5314
1846
11715
5969
32310
27973
18834
14899
4582
8060
17501
2497
1707
11547
5364
29660
23544
31897
6531
26963
23918
4330
22465
27980
1194
13310
3433
13286
11618
10890
9454
5148
20400
21770
25195
20717
13485
25095
23768
32185
22850
30101
6020
495
29499
27169
20415
32741
19613
3689
21207
8967
26938
1228
28743
6452
10882
10180
23594
15205
26012
6065
5622
10640
8118
21976
10086
24012
25753
4267
20408
31413
27520
1355
28441
22802
32298
6731
18014
6325
22062
6071
24308
14499
25743
8276
12058
31349
14224
20522
20045
5374
29385
9280
19972
31278
3451
4007
2718
13366
19233
25017
2201
7661
8775
24995
12804
31347
1439
17185
2103
12308
17234
22665
7617
10863
28308
9739
27810
10199
1915
14903
23739
30201
21777
28607
3714
25023
9640
31871
15866
24181
26989
29114
20963
10283
23360
4519
27437
25946
11203
7724
2227
3018
25265
1257
4902
3250
27250
3192
25927
3106
31212
26355
9306
10142
20635
19895
31959
4107
30948
2664
5986
31440
1190
4406
23037
11829
30739
4190
18813
11534
22206
6387
7994
17822
1780
17630
26379
1974
32592
32292
14706
26141
29322
19303
26131
1844
28048
17840
8811
2266
7128
7019
4286
15246
9716
17587
13137
6355
24167
19664
8154
30937
12471
21758
1845
19289
1731
13424
25944
22465
6231
22933
28041
18577
22782
20634
1743
1541
30743
4912
27814
9204
10027
1423
18422
26360
6782
17595
21574
9423
30692
10758
25901
1025
10198
10198
24586
24259
15557
25512
32245
19740
25774
12629
27126
6726
6383
21396
3956
10583
89
9665
11504
3361
14214
4829
32499
22358
29549
32213
5956
25328
12851
32519
13407
7631
28229
6914
11555
5540
1955
22157
17611
19471
22399
19436
31519
5636
8710
9566
11499
2675
23166
8426
6321
17448
28049
347
7067
31472
1512
4234
15027
14333
32508
5851
19542
10635
31273
27658
21990
22980
18949
1320
29120
19681
10223
9184
20846
19091
26603
2815
12317
22177
7853
23604
18769
7378
28147
787
10199
21517
27416
20832
24828
23743
21478
12427
4092
7805
1453
3191
9661
26859
27281
23423
24765
23516
20776
26555
329
6842
25157
15743
3569
20265
10510
25381
15416
16103
24917
15885
20880
30966
37
18657
4229
24062
10906
32542
1592
2029
3830
8656
19471
21728
21490
14749
4523
6470
4690
31236
794
15682
3260
27111
24398
18770
6602
30023
21198
9775
29790
19536
27308
5108
26166
13205
13239
7297
192
10652
23025
1314
22575
1437
23620
876
29902
29575
10352
14696
28308
28996
13128
15604
26361
12606
24862
11877
21769
1570
21116
8817
22455
15332
26901
25421
627
515
6394
19730
22527
19214
23057
18789
26494
17767
19908
11863
16334
20807
27894
1162
11543
6146
21051
30870
29860
10380
29768
31658
754
15676
25768
22391
16391
3793
26289
14665
32261
22707
29367
30839
13823
29307
31103
7166
1803
8884
31734
25449
11161
3811
19235
22260
22787
27846
1115
8944
15717
22746
7604
17001
4014
30239
5820
15623
26103
15135
8554
31794
17940
4141
22356
31609
9321
8939
20259
22581
17663
4879
9796
1129
13016
23654
21217
8429
16767
8729
21008
17100
19682
16175
1610
10218
11108
16467
23070
7914
1583
10967
31526
9806
3015
13562
16699
1760
12517
21350
5605
27985
29570
16381
28693
18209
21554
24021
14359
26302
31155
7809
10178
13040
12998
19603
31474
25972
19005
24414
1080
7400
24918
15361
31183
17895
17479
1953
3794
8052
27930
28405
11437
24220
10427
1800
24786
13655
4688
11066
21165
16560
22728
31880
21977
8741
695
26126
27796
18513
9313
19146
20080
10952
15380
16547
18252
32067
10428
31914
643
7677
28337
21663
5731
17244
16083
31159
25569
11476
29657
20636
7818
23305
31206
2742
4285
4915
21597
25769
28696
12743
13815
11807
22064
4180
24339
32455
12677
682
13901
15518
17077
12098
20305
22381
31215
18138
21490
23954
18603
24416
886
19972
15256
30225
15412
19346
28886
23778
17250
5483
15974
5919
16168
26851
7391
26962
5880
12404
10850
8294
11810
9219
22991
21516
11427
15973
8761
10334
19006
11298
17048
21186
20431
6009
28094
26130
17115
30116
29325
10746
28523
14685
13414
417
17435
3744
2020
9611
13422
947
18379
13502
5476
17252
13883
24867
10319
17554
32298
15152
18402
4846
26897
24772
27531
5379
7396
4946
29955
29556
30280
31042
31779
1413
21249
3732
3321
26333
24745
2247
3099
6795
17320
12793
13627
24390
10848
32591
26620
6393
8360
26263
14084
29567
14204
14124
27986
8874
21746
31258
32210
25483
16496
7555
4399
8941
16157
28482
9705
27939
21653
10957
30375
2820
31713
7776
6862
28723
27814
11096
5458
24228
16540
9693
17869
25435
3394
22467
28622
4215
17873
10930
19571
6256
31086
15749
23098
11933
16803
26865
24340
20729
29968
30567
20667
24358
29278
5179
5958
8882
6005
13829
24059
11418
14575
2120
26212
11276
11724
6225
4517
8817
17255
18786
5132
6315
11688
21520
1770
14747
18300
21738
19617
30183
14210
11867
31487
5370
19720
16850
16330
22348
10549
17439
29596
3555
2183
12577
20209
19226
16513
8862
30079
4257
17821
3698
19398
7877
19848
12268
19175
18673
24974
8309
18105
29557
30035
25458
23066
7815
21957
26988
28035
8839
1102
20078
3040
392
21070
22447
31134
29195
20680
29809
16901
1805
26716
17961
11976
6469
11637
29664
24026
21927
17603
19673
27012
5420
27628
32372
22197
25045
31358
24914
15769
19694
28457
8634
24684
31376
23851
18236
9361
1641
19979
24468
8670
9663
27530
20689
15419
10931
1495
5814
31595
19651
18946
28512
5417
23187
15539
15145
23927
14573
19740
5069
4403
21254
5164
24267
12011
24579
5125
24334
20978
8635
2993
2509
17331
191
13072
8880
14150
10648
29461
25396
25409
3919
28210
12624
28113
30515
27921
10585
24329
29142
901
32547
3449
25945
448
31337
14595
3305
1478
4718
18410
4490
16674
27877
23084
8211
18135
17422
10002
8314
30105
30755
22789
29266
21053
20466
23459
21138
26223
11467
20498
20120
30627
13724
7060
26734
10830
15707
17500
20555
25941
26788
4257
22365
2501
22180
7152
32709
21190
20789
22214
19940
29130
18506
9310
16085
15114
7310
2760
2106
30259
32072
10555
1340
10076
23938
26796
29901
25660
17514
6815
27952
2458
31992
31294
10428
25860
26833
17320
4061
9924
31340
21899
9307
12304
6771
4341
12767
4481
31852
27495
26547
19911
9880
26412
16329
13466
12571
26088
22271
27123
94
2420
6817
28029
32434
5865
28463
13894
6454
4091
13409
14011
1018
30345
19049
23763
2404
28273
31864
25226
26835
12713
29827
657
2179
2700
7239
25924
32433
18545
3979
23004
13823
25218
933
12262
12569
15564
18495
17652
12697
17298
17755
6802
17960
20711
6805
2171
998
4220
17320
24333
28429
21942
26164
3579
22225
6147
11455
9026
10378
2415
21241
13918
32276
31602
18244
5053
27510
1548
1395
15476
20419
9492
3794
3633
11582
16334
9063
10096
19649
20155
8312
23538
12384
5045
10318
19819
6473
6203
30520
31868
9454
26121
2514
26080
17767
11755
30854
32746
6417
20692
11348
11311
25980
32554
20687
29056
14724
25189
10088
4635
31421
1240
8175
21025
25109
27598
23127
587
11188
6105
30138
8921
32295
24423
20636
13004
19646
22422
7796
32597
14642
16202
30313
1933
14475
8316
16217
18534
32577
7125
7455
1250
30882
4731
17174
24195
19827
8747
20441
20994
15834
10120
5709
27716
21116
15026
30690
19337
10466
23067
13333
16615
24353
14230
20794
9719
25274
23473
632
15054
9919
4933
12053
8238
1335
23371
32499
16894
20420
16113
4187
17912
21379
23534
15098
21154
21556
274
1065
17023
17051
6945
10354
6022
12837
25569
24143
17107
20943
1906
13876
5277
27716
13278
15312
26728
13125
18161
15505
24955
23118
3659
22374
19349
17527
19891
14792
29660
18840
32686
11771
3606
22192
1104
24209
31259
28040
12883
29489
32138
18323
32358
27286
17852
8217
11463
21978
17910
27028
16660
22773
17891
29275
8287
5249
13377
15485
6528
23744
4570
3312
18351
25055
2230
30187
850
11644
911
24720
21779
6503
22917
22990
7990
9125
25107
9862
28969
17339
1346
25324
14685
9513
7196
12593
18773
27444
13668
15199
24573
25064
4740
3204
11836
16478
28871
1298
2508
24635
29384
28294
16970
3705
15915
29256
19593
22890
8586
30674
14380
32761
22194
11797
9076
26164
13584
17432
8534
13063
26726
5347
17873
31562
32706
19099
19582
7679
26801
15598
3433
13780
10928
3762
13343
17392
30435
20168
27912
30699
24586
8263
31991
14622
20144
11734
30464
21790
1445
27738
1162
30595
19119
28882
29604
20206
1917
23934
32669
842
30428
10823
1998
24913
12846
19547
10427
24402
13079
280
27483
24370
7545
16427
32435
20914
26019
6393
12202
7919
9925
32574
4888
30767
15783
19187
5664
30426
31643
28534
26816
11463
1457
11749
30374
2489
13353
18122
25157
14890
1582
28414
13865
25415
32193
3015
16519
24635
30707
31300
19737
25776
21847
26123
12584
10387
1719
29456
24043
280
20998
16073
27919
2815
25494
31887
23447
18965
32651
12616
26342
25085
26512
21059
16410
19504
18632
19299
2460
12099
17927
12416
21237
15209
29251
7690
1764
12344
20293
3311
32685
28592
9380
7615
13747
17017
17140
7951
15433
12652
1851
21275
198
6229
12964
14511
32727
22007
27256
23367
25882
15697
29769
28277
18664
11296
625
14467
114
27301
9403
4185
13327
14504
12639
29346
12244
11197
14900
29227
8806
17094
25121
1931
15884
21177
9940
1033
28680
12452
29367
11194
8744
15598
2848
15082
15000
13279
11977
23229
19962
26466
30847
18710
14264
17930
23070
14264
3225
21332
17340
9900
7059
29996
19237
15842
28897
15026
26504
27163
3925
61
5487
16645
21486
5280
30452
28840
14253
17325
17458
15874
25509
27128
8187
22254
19282
30174
9417
31563
16683
31173
15862
16729
14714
13220
8495
31078
12140
11719
31782
29867
24676
23756
10887
13169
20885
24306
2094
15992
21456
16531
13207
12184
31130
27118
21653
11689
13186
6698
15175
24481
1714
5016
27464
6908
4547
23865
26407
20833
21462
15744
20503
386
27104
21080
11751
12100
13893
27241
29492
10016
9897
919
4573
4296
3074
4812
13239
5390
14578
30968
27522
6914
23125
18774
29212
24667
15894
17648
17397
28953
31814
12133
12995
17000
13935
24810
16247
29894
24869
14735
20591
360
19423
22980
6125
22234
23301
17435
16072
10471
10314
19535
10081
30648
32060
30598
23769
4672
23577
12755
641
6103
2789
31999
22418
15652
21689
31881
8991
22593
30046
747
7239
30746
25371
1055
8879
2838
27338
4450
23344
22778
21041
16952
1228
21514
29840
11952
6631
1393
3447
24297
4531
6370
9690
21461
21997
19328
22375
3389
16583
16891
23063
12549
14117
2556
4100
14258
13067
19140
890
16937
21078
26896
2896
31929
15787
8767
2425
13148
31662
25270
30678
31546
1140
23428
14158
5487
10554
6978
21793
28430
9303
11837
14969
25190
25967
2520
31299
7556
28138
18219
12604
20985
20900
28912
11343
4573
12262
26784
18718
32275
14486
9945
17631
10703
4522
23299
28009
22358
12514
11827
26766
29189
32183
11599
1452
27029
20367
7796
19839
21149
7218
17812
17465
28760
27265
23652
4565
2985
23910
16757
1192
15196
27399
8864
8761
431
5183
9896
14930
25361
12366
23067
12375
23081
8399
25465
28375
19738
491
17048
14689
26630
10957
8007
20633
209
4693
27442
7306
26663
27665
23302
20798
19392
4457
31445
16780
3554
2841
25019
21554
13864
20197
18626
20260
24451
1415
2307
27939
18302
27885
17678
29072
25286
10913
16780
11907
6889
8841
12579
12568
6494
9680
30618
2057
17350
3620
10302
22658
19825
6434
17284
13616
548
6158
30703
27548
11801
18376
27188
15287
18248
25851
18589
11701
15333
20632
11691
31263
2602
22659
5631
14372
1366
30860
28026
17969
27638
10144
30628
8385
13155
1344
5962
7029
11404
31539
14700
12391
26101
10104
26454
22972
28416
8831
17420
10616
24684
30105
30955
5014
19995
21932
21902
7769
1560
30251
9967
27869
16600
2117
2510
22513
9920
14941
15447
2345
20200
19387
13055
19502
6943
2177
29871
2649
5423
16864
548
9344
12642
5771
19606
7952
6724
8044
32663
21596
27051
21655
8767
8501
29429
15996
21382
16315
657
18272
9713
17522
14017
16654
24177
29081
21917
29385
6792
21687
17500
17286
8621
25206
975
21592
26098
1204
22062
7980
30692
20184
29207
28086
29106
19554
26324
15531
7570
7623
5597
24369
23393
22395
26013
30356
2441
22351
4473
4666
29992
1021
15119
3033
5487
11009
8379
29671
5704
28843
7520
8786
30267
1651
21861
16242
15250
7052
13565
22844
1211
15292
9132
22712
30703
4202
4359
27573
22033
14329
16059
14011
13529
10068
27600
25409
9265
18890
17711
24096
17119
21277
16226
23112
1637
30677
15772
27569
14885
32730
10745
20117
31177
26434
25350
11997
10978
360
8836
985
14799
21054
16745
21555
7649
4580
32040
30246
26813
3705
8754
8171
25857
24625
16317
23668
2090
9127
18628
14429
15285
11893
17999
15136
16772
29187
32500
136
14212
156
14238
1640
32397
26823
29069
652
2185
23252
18846
21744
20953
19637
23757
27184
2548
4111
22008
8768
12113
3729
2278
3933
8840
8325
16007
8515
29876
12708
5757
4257
29979
10287
8668
7882
16913
16955
6958
32173
24857
23885
24507
29703
8782
23590
3591
4567
21249
7904
28059
2323
932
16698
1032
32409
25830
4913
31530
26472
32
32720
15530
17936
20208
22088
26310
23655
30243
10563
32341
9598
10201
14454
517
11219
28899
6261
17128
4040
30064
3276
9775
21076
24809
18507
13365
14329
3353
1953
6335
22518
9361
14893
30850
11197
17483
11536
16357
12967
24717
27783
20233
32231
28944
20344
9990
14525
10338
24906
31864
236
14985
7674
21307
9069
30441
13419
1906
4453
14696
17150
26574
8533
30415
16995
17677
28816
26739
4783
6848
30963
6934
24238
13650
11984
25864
18810
31046
15147
1937
6732
12224
9769
32660
23187
31815
1477
18796
6723
24521
1221
7194
20080
27871
21996
24482
32283
4435
26482
25266
12620
6368
27313
4997
22113
19768
1057
16391
4517
22348
14214
8506
11044
17863
25704
13784
3774
23771
26308
12346
4731
4929
12289
31608
30494
24699
27685
7122
22269
16477
1865
28238
30479
4043
10059
2979
11847
9924
28098
21078
22304
21408
5687
23587
32634
7061
17554
25246
19108
25728
6098
22298
14778
27618
21761
12746
20017
12073
15975
15398
15024
10546
27391
23184
5665
2315
12839
6456
17673
17917
32667
61
3348
13514
9124
29461
1781
563
29581
7982
25196
14013
20055
15829
12456
10165
22958
11608
10448
31090
2843
9575
6877
5850
20858
2752
1194
16936
29359
9740
32078
8940
29077
16899
27305
30034
4151
29911
13629
16040
16963
6352
28223
11035
9147
14387
7150
30913
18414
28777
8228
5085
29863
4189
27947
18526
7588
30246
31953
11432
13385
28646
15807
10647
8086
9202
27398
17345
28759
17459
507
2556
9626
4300
19013
19745
5478
28156
9268
1295
19882
4422
4437
1778
372
2512
11075
28869
22115
10250
31935
28181
9823
2191
28931
14856
2439
18000
19796
671
15467
6127
26839
4408
13948
23657
5797
23639
1217
23288
30241
26277
15563
14904
7562
3897
7146
29320
21196
14103
9889
16307
18076
24566
23640
21968
1475
10311
21329
23910
5306
18546
20701
31444
27000
30051
12752
25840
14216
19525
14130
20207
16990
11149
2871
10629
10731
7483
4721
32588
25967
13916
23877
28778
24719
4052
19868
4463
28327
15450
17626
12668
2145
24516
28180
19370
1927
19333
30846
10153
21781
17524
22050
28072
15763
21967
21208
12661
24481
21887
6002
14566
26836
32157
27959
375
5312
16182
21907
18740
8790
12875
18956
7898
13169
18204
14456
15673
19115
7335
3949
13788
23413
8299
28410
12012
8295
23409
20884
14418
11220
4237
16723
31772
26274
4066
27999
20002
29016
25508
13221
24297
7033
14882
29390
5575
25873
12547
14449
22088
16013
26063
8071
13521
31439
28594
29472
24195
10114
9853
26965
14434
16299
23278
2686
31159
27777
25649
6309
17843
18559
9894
2874
2132
22711
30693
29447
6797
12393
1024
23143
29089
29396
6152
30131
24016
10060
30162
14334
7221
5005
5370
8194
16367
4175
29993
20825
13951
3099
26004
19953
27505
12380
26053
25530
20287
23737
926
8865
17778
27810
23195
28354
15882
31529
6231
729
32288
6420
10834
30458
23498
10544
30961
8067
28991
22248
21446
22606
2875
23317
29458
4139
22181
792
12936
10381
4464
11815
26964
32131
17087
13540
860
10730
15948
28468
16326
23522
30474
19534
14522
19838
25865
12562
6249
13760
666
4253
8014
17860
9397
29466
24499
1595
12951
24282
21112
10523
175
22440
10512
9109
21179
26710
204
9288
18735
27292
23388
14772
15830
291
147
15601
21435
30684
11626
21664
15946
32406
13384
9251
947
29136
29312
31497
16015
9675
16155
6348
8902
26596
14041
22719
18864
10785
2418
23106
2426
3338
11297
31032
23500
15290
5475
10939
6056
20021
26109
4622
662
9724
9020
25042
31998
30943
26240
23933
19925
32275
9724
3849
20859
29060
31415
1257
4068
24940
2006
11329
32247
31269
26398
6998
28211
17468
16053
24644
29848
2246
25640
10223
16837
20471
12466
20795
14686
11760
27324
16512
18352
20953
26784
1848
15000
2864
20658
13307
8608
14688
6785
24238
31084
22934
13658
17655
9813
9936
30734
2803
595
55
15861
29740
544
2478
21811
10437
13722
15019
8762
23288
10090
20293
7313
24771
24547
20367
2259
5597
3884
8485
5114
6639
8866
22276
13277
16129
18808
13215
28920
15410
11424
4399
32108
30893
24047
9290
15686
728
17020
19639
9220
1999
31817
26753
2902
24336
5925
23882
26401
32376
31952
19426
31433
27246
29793
8728
29616
30302
12517
32464
3322
26985
13129
7254
8340
23386
890
13554
18804
24028
1226
5565
31522
17899
27030
21426
12919
10633
2597
22280
9124
26034
8916
12480
2423
16529
15728
28282
31194
31732
18916
24716
25501
27646
10772
1621
6517
26139
13576
5327
3652
7225
30029
19300
9882
14390
9880
2819
17276
19348
13997
25458
27237
26484
19839
2790
11915
28866
8345
29649
16227
1197
5564
29947
16487
346
30922
14292
19991
1753
18658
24841
21566
1112
24781
10069
6518
9622
32409
19610
9198
13467
28291
11568
23403
17319
23835
22908
3213
13160
5282
28101
12628
26991
10679
7236
8930
19173
23347
7546
6275
20346
10577
31431
6122
16543
26642
26423
15038
30965
20703
6815
27989
14341
22384
25321
2751
24113
17902
24492
31238
9450
25684
7168
12468
10020
12059
31376
16022
19975
24854
10224
18112
30184
21659
1841
2513
24439
32739
19635
25976
16698
4275
15163
27959
3386
27452
14149
103
16124
4161
9372
381
17842
11895
16935
4747
24243
25393
30726
31498
29737
28220
19422
6870
21513
23816
28528
3706
21321
28937
7537
26798
12621
17757
14485
9502
20386
30639
24814
14445
4590
22619
29556
24954
31271
26067
10213
8162
21764
5953
16591
29638
2737
14958
490
19150
26567
26850
24748
15981
29307
22605
8984
1895
8214
2597
24791
19089
32421
7825
6793
8920
9969
20102
23389
3205
2737
20783
6367
5568
29439
12435
17682
30802
17161
20850
18111
175
21257
12911
19468
26163
30583
9845
11088
30892
2172
3667
17958
18201
32171
21929
8897
9137
29164
14088
12159
10535
9144
2901
25792
9517
17804
10350
14584
3127
12951
4880
6915
23169
23478
2041
26297
1619
163
8265
1987
26500
2410
5422
16045
14397
5148
26304
15419
4863
2758
27178
1793
4583
21924
779
24366
29489
32147
3100
5289
26364
21189
13074
863
27212
27576
19398
10715
21333
4201
24211
3607
29431
26053
30207
25745
28549
28000
28574
11682
15562
11625
21556
15627
21838
5342
31514
24529
6357
28668
31971
5196
29737
250
14654
2170
13849
4342
29726
21145
13762
3376
19993
6132
11789
1142
7182
5629
29305
6367
25099
16796
24859
14780
30062
28871
13795
14796
2634
16979
8992
5551
12300
14345
21318
32413
350
14077
14319
32088
2891
25115
18977
16735
12196
771
8143
28773
1699
29975
31394
2561
975
18129
13305
13223
25119
1371
10798
215
7010
26201
4891
2964
28382
17417
22492
28952
15160
8079
24023
1734
12180
7562
24826
23392
6140
12523
17220
22650
18694
26631
30087
6191
28337
4075
23916
17170
17041
8687
23735
2663
27948
12174
24012
4756
5795
16500
2418
25042
27285
22233
2520
10024
4928
3598
32470
28058
28649
1877
1908
3998
2686
6390
1200
32463
4219
29583
31100
13285
21258
12716
11271
23269
4718
1431
27709
3989
6305
31090
9105
15923
26428
30082
4602
31846
31896
206
23611
28277
29747
28649
20328
3255
1621
30220
32166
23883
10995
19559
6194
30216
25555
25529
10917
23223
29169
21535
7030
2944
31266
32553
5568
22435
23799
6195
16453
18537
17892
1779
26036
14425
13729
22606
29223
27310
3025
12656
27120
14089
21474
31003
15765
7524
22836
11071
7961
22087
18045
2764
15485
13118
21612
9668
903
25482
19340
24468
21186
28951
23916
30116
15302
2478
6397
12845
15033
26732
32315
16715
1814
29555
29967
23635
25005
25055
11124
16230
1004
32252
7898
7494
5212
22454
21703
1385
17518
31568
1732
28748
31608
89
17783
26122
13051
1244
22285
29485
26663
26840
21723
24516
18081
24047
19524
23734
28803
8034
26333
6997
1957
26173
24015
822
23579
28111
15485
31297
25598
7261
13927
29444
24688
9240
5198
13644
21466
12363
31898
5367
11640
29401
6904
2820
19992
9703
27463
25836
18974
21974
11189
32309
3276
1908
14885
14404
16576
3699
24789
9331
8638
10266
22077
5219
7088
11834
29754
1172
23275
30308
27243
5426
12724
12633
28635
1330
30467
24258
14305
25502
17031
10529
11845
27437
10729
15880
16036
15383
25429
30345
11030
26663
28983
25581
13837
1298
15170
5288
9089
14599
14519
9613
21834
30087
4068
29503
1741
21623
20203
32744
27610
19316
8644
24877
14037
10598
10629
19041
18964
4696
22753
1784
6281
28039
31215
31039
31137
31160
16685
29003
29803
31695
4549
28719
17917
15262
22287
11123
10004
17147
5974
25793
5370
4885
9183
27104
8621
17416
2599
20711
3901
17070
10861
17578
14966
8376
6000
30073
6335
11006
9082
522
19778
14868
16029
27827
6477
28958
2621
28892
11256
24293
17871
19637
5385
13610
30943
21284
24340
2618
32344
23042
5351
22722
21760
22662
13861
12773
22850
18945
24368
21900
19504
10444
10316
9469
19400
5503
2
9136
8310
32356
1219
31325
987
23340
8654
12378
17613
20704
29524
3876
27807
21018
13785
25660
18850
3956
17629
5428
747
19521
27836
14857
6487
27515
5075
12723
31181
18685
32484
25851
1219
13042
13499
11149
12036
6030
17682
1870
8112
15100
30387
10735
28548
2455
8412
30915
27995
23132
13287
717
3061
13727
13610
7454
23800
29694
12829
6494
15668
18836
28346
19112
5675
4463
21290
19611
22737
27971
23709
16557
5520
3423
5498
30147
21903
13537
22712
11775
6452
20006
25739
30425
8168
9093
68
18290
23834
4157
14706
22820
16006
15787
31822
28254
10167
16577
2902
31663
18122
11187
6711
26400
9846
26611
4080
20935
8521
27744
13365
8089
6708
9147
19473
12672
7754
5978
27088
1454
21445
12832
29724
12848
23114
12204
10342
28102
110
3025
7304
6898
29304
1606
936
2383
18024
3743
14943
24868
2361
11388
24090
27961
12644
14337
29633
14057
6821
30342
24983
10361
28417
28559
16482
10664
8456
3582
18379
27271
23384
24967
23047
20619
2402
5221
29367
14817
23921
26955
32013
2817
30696
21918
21809
14982
5066
3041
30947
20285
23680
2673
11105
1148
20695
626
4235
2229
22345
11017
837
2634
26493
21707
11037
1699
27921
20854
5422
3967
18326
991
21571
31367
3036
11308
27712
12073
27248
17475
3262
1699
24420
131
24310
29278
3918
18609
27360
23678
30099
15669
22428
30391
18406
7302
2832
27490
13067
7395
27859
9424
21729
3652
20553
7902
6047
22672
18960
30409
21086
10768
29851
11588
21208
27172
26653
20168
13423
17460
27049
30252
10353
24298
5527
23925
5018
5022
2345
28911
9434
14866
20335
6269
18777
23648
5479
11053
8633
26416
26985
16655
23707
10798
2498
22344
6756
15548
1696
31330
15937
6883
15150
27366
20584
3728
25087
28717
21921
14589
18608
19827
16389
20589
26313
3373
23814
26140
23525
5788
25776
18550
6419
16803
3631
21895
14715
23766
19856
20915
20037
22995
7884
5799
8630
5077
514
11919
13724
25734
3332
12169
237
31509
13845
27482
12459
10633
15345
18273
28682
7253
20238
20681
31701
12332
24610
24834
1294
23062
14309
26225
9941
21956
15384
9574
29578
3616
1478
1359
23862
29737
11466
15916
32039
14334
27793
31299
32475
6200
1569
16405
12832
15229
858
14480
2168
18515
16252
9606
450
12081
22762
7262
19479
23260
28718
22794
6899
15089
22588
15673
31125
23741
7163
20429
7336
1621
32001
20623
30498
2019
20382
13345
5741
14143
22557
7221
2501
18879
3398
8189
22753
79
25640
30946
19925
22980
2325
26489
5687
16237
10733
25779
32640
24555
13728
29524
21174
11331
13550
9638
4936
11058
8305
11118
9530
5825
22494
31775
7809
30744
7816
29006
18353
13719
16677
25958
4053
18211
18645
10909
30622
1214
24416
28198
14273
17243
18623
23464
9882
13296
5599
5360
8469
14540
29857
20963
31438
9515
16677
15542
14711
6920
15432
24161
8059
31538
2923
12112
18912
7074
25975
8284
25970
14348
4381
12283
16158
20660
6243
24499
13212
27523
21852
7637
16977
27482
15414
30567
18291
29094
1659
9826
8558
32309
9104
20510
17798
16712
4738
2058
1982
21481
2305
27296
6649
19070
2989
25752
1632
21919
23441
31324
10499
25893
23789
9149
27843
387
23353
4068
20335
20314
20070
25995
28973
28999
1383
21357
13084
15360
23024
1274
10551
28831
20862
20304
25469
28989
20375
10855
21071
9155
15699
19083
18969
30461
18971
28176
27188
15856
10673
13121
27403
21870
29552
2713
6013
18407
1750
6454
30083
25474
6463
8074
25107
30316
20723
14420
9284
9584
4451
974
15282
4297
23728
4904
28196
15156
28269
10294
22636
26441
29606
7526
1679
24330
1057
2548
22310
22973
16611
30305
11780
29687
15350
13601
14873
28154
3434
13204
21142
9280
14746
22327
12114
30296
19633
15132
109
4081
20332
24983
10547
18485
31009
11835
8771
2904
17152
15364
18160
624
16537
25558
4583
28039
24990
1830
3346
25582
234
29431
30909
28373
25795
28425
28152
12825
5212
19789
60
5981
9886
3483
8785
12124
28200
27047
21102
15741
9877
23858
20899
8617
1789
32381
27252
5209
23998
15107
2759
26867
6524
19559
13568
19030
25446
31148
3178
9651
11963
30884
217
14240
24973
939
23949
28519
31430
30613
16218
7332
22888
3556
13830
6927
2329
1854
5363
28822
14302
23071
14077
4527
14631
14796
14758
16364
14860
2440
29553
14031
2774
4105
10635
6881
8641
32557
18608
24318
15104
9194
9549
5107
14850
21123
1762
22091
12276
25346
683
20069
11143
20962
27007
30410
13811
22796
19704
7358
8508
5381
24532
20245
2995
2661
13723
12104
15553
8075
9602
22728
16096
24207
21648
21138
23274
4984
11007
16132
22678
6831
14565
15855
10303
29620
19988
13549
23016
27664
18750
29173
1406
30347
25181
23596
2140
670
29777
9982
15381
26667
2507
15214
2669
15212
12651
19370
680
7466
23845
17635
21512
23343
20713
4955
20881
29949
25731
27840
25359
22720
7360
5304
1882
27778
24530
20413
19417
14238
18677
30763
23877
16503
24403
27031
5551
29289
13349
13923
11205
8192
11292
23439
26449
30056
30719
26322
32514
28453
149
17130
879
10500
18885
7728
31577
6482
4348
8047
5424
3147
10959
23798
4569
29653
25570
18924
19631
24431
26888
3556
1224
12388
31403
31409
19321
24132
28527
5244
15388
24468
18962
24596
24848
2757
26263
27524
27138
867
675
17643
5995
1935
9511
21384
32602
12719
10559
18197
3956
612
28762
4438
28729
18109
32668
7665
11657
11946
3200
15488
18534
10163
15554
28901
5627
20457
7548
7645
4061
5405
5519
15833
31122
21585
22340
7689
32592
3436
5427
20409
12806
32562
32356
17376
1185
16242
17845
17654
11912
9089
14459
17159
5992
3304
10348
9734
12343
28250
11453
6755
23923
7401
32391
3039
22187
16761
29807
17056
8001
32372
24966
22144
31854
7615
23406
27819
3206
23277
11199
29545
25470
7603
28840
20536
20651
14492
12506
13342
12748
32766
26273
2621
30539
19757
18004
13480
15808
16878
17392
2933
8375
24623
7168
21012
10931
18933
25536
5855
1651
15765
25729
12529
21875
8743
17999
20540
20406
14392
19922
21462
4291
17087
12658
23188
13806
15442
18878
16858
12760
27802
8463
1713
31033
29189
9832
15642
27869
5050
1953
4515
9453
28626
30405
2359
368
22981
24248
29498
9233
32034
19229
16854
14115
6276
1910
15503
9698
25793
14733
16670
10748
31844
31508
1660
21072
22366
13960
5693
26357
12024
19291
28703
20094
24076
15697
3043
22652
4469
29483
11611
4421
23748
18563
16069
756
1844
30455
9559
1969
9441
6793
17435
4403
20532
21830
8445
2434
6050
22054
24611
12546
29590
18228
2428
7597
22699
26350
19612
16288
14879
20719
14023
3801
4229
14795
3915
17983
14521
8763
19987
20450
16153
17786
24698
18053
27378
18158
12381
12378
7737
25355
8564
22284
23932
10101
30946
24834
5143
30308
25354
4067
26795
22861
2981
18517
13772
26303
31761
18187
31482
16267
13292
9982
22995
26407
12258
7418
29574
31572
21187
3165
14987
3839
25817
22812
3218
11365
7544
6918
10425
17019
27350
5709
22017
397
27677
7490
19971
27429
20927
16224
16351
6446
6154
27020
32630
89
20476
23451
13529
12736
27224
5909
8192
24522
14585
11064
17600
10830
6759
576
4855
30203
936
5094
24330
21239
23641
8487
16017
14022
24829
23878
7504
3438
32660
10260
7786
26072
25200
15727
7633
15738
7492
32265
26113
12083
12414
13675
28142
2422
22230
313
13114
4011
20775
15799
1196
27346
9342
7052
20702
3434
32369
17094
19765
3729
13235
10015
2326
16492
3301
29054
16727
1481
21934
8897
2036
11011
25101
21434
5124
17958
32238
13943
19947
25172
31484
15559
27600
31336
20663
2041
12882
1752
710
1511
11638
8928
16782
24372
30180
3293
30979
6865
22100
1527
16830
6854
25923
21762
26705
22063
26346
28838
32471
29828
2928
5310
11471
11806
23903
18175
12586
5623
29781
3802
19106
12466
16380
25763
31310
31963
32571
7154
21619
20591
14254
19786
21406
12191
16724
760
25071
209
14984
11582
3256
16872
30771
8625
5703
8901
17983
10720
23039
10509
3151
25910
13998
16685
10925
546
29466
24732
9091
4724
20701
7520
25679
32523
16755
24276
17297
24237
29074
2984
1734
13366
7865
22825
1178
22517
27404
8131
14170
4179
9055
22724
21416
7605
11153
10594
14194
15780
1307
7936
17701
26924
9192
173
32541
21121
1384
23022
30561
26089
15840
8893
26509
20949
28676
10449
1295
23121
25287
7712
26006
31647
10610
28835
1992
8223
4595
20313
21556
28019
19832
142
10887
27871
1853
27997
20226
4854
23970
1652
19499
27251
29057
26135
7363
26213
32702
21352
12793
8079
14624
2789
10717
270
19551
28722
18967
10300
22142
3353
4825
31701
11610
463
32274
15960
14468
19064
16101
8112
19532
32238
5465
4628
15134
27070
2642
26156
4370
12148
10176
29301
11710
18201
278
18918
12367
2809
8190
17876
27096
12458
10570
26387
18921
21321
20014
21086
31076
29447
23981
27640
6028
3556
2642
22164
19807
13755
14368
22899
11046
18303
26315
29132
1098
10180
3113
4976
15721
10369
29411
23726
16553
31764
29040
16756
3148
22918
3396
29112
3973
13841
24132
32534
18826
14303
18046
1467
24299
17941
21015
23681
6434
23056
21380
4187
1131
30190
4093
12020
8150
25681
4143
9363
21402
9567
26930
12610
8620
11534
4538
14639
17552
22174
6033
29778
12400
12647
18757
16720
10859
2772
10270
8096
27183
22960
13906
5356
31178
28320
30076
442
18365
3569
10571
10571
8018
22164
12919
28867
31536
6759
5626
6539
26157
2999
1148
31476
24163
25602
30223
32541
28294
26625
11804
26390
29045
27877
15261
6725
13326
17122
18829
1289
26951
10474
21405
19102
9338
11707
4905
20033
19969
8731
14442
22420
17923
98
17389
22083
10637
27962
5188
2280
28133
13731
31739
2860
17947
28218
29646
3887
1760
6074
15640
17963
31899
27843
2191
15444
26554
15578
29999
11266
4934
30898
31604
3089
14779
21417
6348
23944
11286
7830
20300
31866
28463
16322
19874
30762
17225
27700
21323
13938
18920
1586
9478
26214
15843
17668
9608
1588
29113
2555
26225
79
2088
1714
17791
9164
6908
6292
27137
31756
17446
32158
13967
19355
15629
18022
761
11864
2089
10589
12925
9942
22733
6993
31293
6915
11588
20790
27632
1031
20256
3877
6359
21871
11727
26789
24818
24459
18287
22058
17013
12564
5091
17371
15734
15378
9767
32152
8168
16893
30688
7228
19916
19235
4920
22559
22950
11593
3816
25824
302
26005
4246
14945
25161
18860
18786
28434
31799
21527
8380
1907
20750
4075
376
24276
15207
26537
32036
3423
19543
23395
14745
28505
17825
25120
23760
12709
1065
31362
27383
1930
28332
11942
19140
28086
15535
3916
25610
7810
10677
27192
3210
7031
26805
16344
14091
28689
27595
15398
6317
4548
21550
14032
14458
317
7778
32406
7486
4330
24239
29684
3480
29884
8657
14082
5714
32556
17905
27800
19182
12156
24532
24245
29825
30015
83
31778
8901
19739
28171
31570
21353
6862
10069
9357
9131
25711
16505
1870
16425
21238
29214
7913
1780
7167
27653
10864
4071
14539
16375
15320
3895
3720
30972
16984
17994
27602
13006
5138
30413
32633
17805
15093
3073
11397
22964
2274
28245
24439
30796
14093
13626
18642
27488
5287
11059
8410
688
2234
22571
22684
4265
27476
1548
23598
13205
31207
29581
19000
16144
27376
10572
17587
22971
25815
9500
16113
9012
23574
20384
27870
30277
7326
28697
14213
7003
630
4732
23254
32570
9638
5064
4262
16880
32083
18582
27895
12807
15915
29169
20346
2047
30724
29801
3666
30204
14015
1379
15899
24507
10867
17075
15147
20170
6856
26733
22551
30457
10656
6391
21881
24332
10493
27491
1777
434
2079
13308
18794
31419
7148
15135
11935
5253
18069
22093
477
18871
17015
6013
2570
3890
5183
1719
11494
31301
26706
6622
22417
5920
24428
24270
20558
908
3718
2983
21894
8665
13822
26983
11792
30743
29682
19647
3759
3977
30188
4383
30940
26710
28101
18964
30406
21890
19907
7891
22680
21789
4101
1046
22266
14522
3361
18470
16090
12835
9739
9529
2668
6219
17721
19967
2927
30852
31492
10360
2739
18418
14674
11016
216
18752
29298
4045
19544
31377
8007
21040
2248
8122
28841
10938
27482
15534
12296
32042
18599
5177
4946
27844
10155
32498
2071
2795
1553
11883
14828
21490
12721
12458
22541
28208
23384
18397
24134
24402
18119
27209
25875
11253
15358
32388
15622
5493
7610
10212
22889
27135
18748
14135
20005
6894
9036
