2992
570
6447
19462
22029
29507
16622
8826
11998
1154
10583
18183
4382
12886
21856
2207
18558
12283
10339
1536
24154
28846
23226
8176
21227
19473
7308
24775
30398
16848
23270
32047
30821
8325
23310
21032
31340
5081
8212
1103
17807
24044
20137
9311
27433
16376
820
31992
27632
22065
20003
28063
14048
27375
19071
30471
5237
1294
708
23694
21021
13717
6127
32523
16877
26775
24280
21703
25235
15703
26562
8905
17292
10671
9265
23383
31127
27827
7932
17849
14185
5265
31394
21312
24226
7100
10721
17799
7424
24905
5765
2553
27090
153
10879
28307
30640
19512
28470
5099
