3002
47
27272
26116
20205
8519
25959
45
28765
15478
10140
18315
5263
29757
22896
21453
708
2023
15832
6574
25633
9752
2735
29220
32268
19881
5698
8666
27609
12467
32273
29921
7078
19946
10964
17059
4739
13357
21949
28184
15319
9307
29437
13884
18431
1383
9609
27328
24119
24239
8222
22783
9662
19593
6018
1333
27189
8991
10766
1003
24392
13182
24681
1974
18321
26345
11158
30497
697
9331
1073
7912
18145
13517
3829
21607
2368
6236
27266
7249
23053
910
2653
10661
14239
30063
17209
18654
7379
7287
27765
2923
20142
32166
15077
18270
11587
4564
14549
16232
