2998
22067
9407
2052
9890
4593
22846
2972
12254
21626
10287
18271
15892
13211
704
4115
6658
16365
14001
15817
14217
27040
20488
22205
17665
8822
17157
24959
17616
24850
29272
8784
25915
26995
26002
18383
2684
32444
17370
19157
16148
25142
26337
1437
32354
17303
6680
17960
3445
1669
23072
24543
22047
342
10369
123
30794
6426
18336
19490
1423
24283
29419
1234
6917
4643
26455
16643
19799
11455
20492
30088
6938
23491
27486
22199
22877
2510
31744
21705
20097
24207
23156
14212
28491
22408
15046
7447
29239
24082
31354
24645
11535
32418
2755
10693
28861
9546
19190
12521
22366
899
26429
28543
14487
809
3984
19701
14380
27335
6881
1216
8910
5909
27287
19453
3381
28095
8766
31321
26991
28008
1917
14895
1656
32495
7752
1009
11786
27633
21846
26825
21686
7823
22230
28800
4148
3697
20830
3742
18424
32522
19748
29395
21509
29470
24944
14485
32262
31106
24145
14859
6299
14116
16016
2602
8433
21067
30178
23070
7829
8991
28513
19947
13706
19819
20541
1108
7833
10146
21167
22012
31208
4896
19759
4043
12238
10675
14823
11411
21478
25690
21095
20979
15970
8012
5018
5244
20386
7996
15865
18195
4614
31708
9726
22934
11776
5024
26844
2755
25709
27844
22893
29013
805
10128
14700
8303
2000
26075
4836
27454
25852
19406
17896
3035
7533
32234
7813
12654
10676
16460
1781
14745
23556
6960
10773
6420
13888
10421
6682
14228
26200
28640
20351
17138
23766
28898
5185
15753
12724
18078
12111
19424
19313
358
25660
1417
31844
7941
6968
19784
2639
17411
17726
29816
21559
6692
20623
11691
2675
30770
16734
4753
11524
14076
17101
16667
17444
22431
17432
21471
1825
24324
30224
14783
25964
2730
15564
12485
9709
17062
27035
26706
4250
27880
20796
3704
22088
1471
4690
19620
10945
8608
8210
30592
17686
15395
25919
30231
14903
30798
4952
9275
26048
13846
29200
13347
21782
8483
17150
21337
26803
7380
3478
5844
8126
12675
26456
29280
16863
24330
3143
16199
23377
30853
23453
5674
16185
27994
3261
48
1078
9079
12393
17251
12089
18139
21045
20054
151
12888
20027
1803
5980
21911
12049
277
24291
15452
10232
24314
31395
6923
32598
25307
9292
1132
32103
29271
12307
11435
13103
4524
11081
23971
11699
6687
18739
91
26984
12191
4630
24529
6636
14757
2193
2295
6644
25438
14639
27644
6022
26380
26685
8908
20584
10410
20953
218
29400
25550
12364
20509
30333
28884
31898
24408
414
25913
7511
17823
11922
4933
30651
32535
17783
11501
5881
18173
15911
3575
24013
21226
7784
29023
30292
21333
2147
5626
29729
23897
3416
5721
23693
8632
6287
30704
2382
5409
1682
13687
6476
28078
15513
18577
25520
6577
21574
30380
8509
5040
12178
25896
16355
14254
2312
14523
5265
32172
21553
17428
24396
15728
591
2494
21886
24453
32589
5448
9872
8067
31479
28579
11962
17297
21095
13003
19482
27943
11711
169
2564
26393
9758
24889
5786
5329
1996
19432
13980
26331
1208
24640
11137
30888
27429
4550
16326
15243
13472
19235
28038
21256
309
19587
21323
1614
21218
18747
27428
27394
7500
2222
14327
11582
32177
3697
23833
6362
12062
3501
21532
18410
3810
11205
13544
6791
17730
22073
17421
23507
26222
12235
15192
14391
8116
22752
165
26863
17652
5928
16115
14537
21076
8321
5566
17961
13876
3353
21129
9809
30565
13523
26810
19935
2965
31725
7082
25239
29198
21215
3837
23139
26273
28038
12591
2968
16604
30081
13424
4731
21380
15324
2482
12292
24639
11755
4608
1506
29584
4473
31249
21438
15624
19491
29725
6596
14267
14846
17391
17504
14066
22400
20796
17733
11039
17053
13363
15796
13078
22320
28757
7675
19833
27293
20871
24124
15988
27316
8037
13423
32171
25561
6874
27562
16497
12898
31213
16544
29755
25409
21982
26473
15700
2019
16242
7809
19922
344
28043
29458
10440
1715
14843
6774
9661
27316
24730
1271
18525
25764
13463
3546
16495
24705
16395
27805
9735
6747
468
19324
17917
2302
15776
10042
4765
23505
4680
23581
3232
4094
19040
1083
14428
24787
6924
2804
29495
5993
17684
6592
15713
32131
19515
16939
19395
30648
14541
2333
30258
2773
6008
14175
21993
20605
11100
4955
10294
7954
1637
26659
18803
26841
31705
32181
23608
5720
8493
26238
28879
24579
20765
17948
16616
27416
25852
30056
21390
11720
6216
10164
7514
24215
19073
30033
28903
29445
4923
28501
21381
29038
23667
8346
2610
6703
30495
8202
29382
11274
24072
6170
32109
18380
6876
26517
23130
14124
383
16283
12218
6903
13731
25321
27623
17514
11928
27227
2015
15839
11621
12974
19956
18093
22807
22411
30917
17993
30041
24513
15980
31409
26437
32467
7161
26122
31866
4018
29984
16263
10351
11467
23598
27534
11271
2372
5697
16150
23397
28547
12217
4692
30209
2289
13546
26262
17659
21245
25363
9071
29616
25955
26004
12052
22156
28078
29531
26118
5151
1019
24736
13809
25714
15617
30930
24532
23195
7502
13521
9571
27791
20947
8541
26026
11576
20899
2511
27890
27847
19704
15110
31720
13132
3447
29349
18940
18819
11189
20092
1800
17393
15865
20547
8242
17456
25668
18830
19475
25736
21902
17405
8729
447
21075
14771
16681
22321
8270
12810
18825
8483
29573
5765
11774
14676
26757
21511
8241
25045
29679
7234
7255
12827
27443
23409
22545
23123
2716
13898
6289
12533
7309
9262
13311
16028
9738
31140
16923
15381
15481
30469
16419
14005
26794
12153
11255
20208
15126
23585
23163
17704
30052
28566
3389
18627
27954
32147
2904
15744
3089
19182
16792
27403
4305
6605
11742
19151
30208
1558
6598
26635
8621
1575
26760
1576
17009
25544
31772
330
32177
16733
30114
7461
21277
32609
21760
13842
22908
5647
15309
2145
14508
14178
22382
497
1252
19776
13950
20991
24381
10226
3444
11068
32625
28888
11903
27682
2786
13659
14517
8583
23774
7714
17005
6003
9249
9865
745
27695
31131
26703
16185
22942
21620
20366
32347
10448
32590
19185
18599
981
29386
19489
30315
6607
14669
11392
20946
18763
16388
18970
4106
17618
14629
28889
26021
26042
29560
25592
14912
8514
19223
7097
16227
21471
6002
2907
28329
22224
14997
838
13089
5112
13742
906
16883
3053
26313
4743
26183
589
21471
27629
17506
17489
9999
7144
22546
15780
16427
23188
12877
20341
32630
15287
14869
7627
11692
1711
29854
18200
9539
19113
6323
14866
8433
788
29014
7614
21358
24662
21415
32717
11387
2237
11271
15660
28451
26040
26236
22743
32065
20807
13911
13550
31810
14256
277
25098
14124
372
28804
30929
25055
22913
28711
12744
8604
9129
6618
12137
32451
14163
21945
11894
9185
12912
12607
4236
3561
30897
12715
29947
4546
13047
9640
21461
23298
25356
14892
20293
18426
24464
22177
12066
18162
19510
1091
15044
6325
25136
25801
25879
7249
7399
31815
32493
2072
7920
21075
25497
13290
25403
11879
21433
22711
3726
29574
29267
26943
30002
24354
6180
26652
10477
12094
28980
24323
9008
29648
6318
23367
24464
3945
9967
5022
31354
11031
26077
6952
10275
8587
8058
17837
6079
9591
15033
8487
5875
10042
6800
10368
2444
15807
29518
5020
2417
5794
2607
26778
17110
12693
4909
12887
24755
27395
8474
52
7541
6643
23532
4890
19443
17710
29016
23483
27811
13220
29602
11802
8974
23564
6835
20045
8065
30667
7020
14977
20742
15639
2362
22080
29586
1116
30186
23279
20096
23774
17343
12699
14142
21665
24002
6645
11335
30598
19034
17050
7249
18870
19484
13976
11719
16707
1252
17454
6777
781
20261
16596
29587
26339
16765
20091
25035
1771
4237
1558
13791
24132
17159
11097
23871
15081
27656
19905
3846
1753
24489
31444
17711
11381
5585
26026
22022
6697
12109
10156
16860
10574
20770
32412
2303
27727
18977
11222
7658
10251
14013
22741
18360
31867
5914
9464
2271
149
2918
16518
24090
21872
10860
14577
27047
29864
9830
23127
24243
15876
13331
19022
16659
2134
26634
16353
19764
14755
32334
31958
7253
10884
16418
27699
22771
22732
31775
2560
6021
11627
17539
30797
10090
22931
26572
25975
28704
3865
22406
10152
11958
6173
29025
12701
10116
4589
24198
17580
8217
20263
32043
1029
13685
9502
2149
19768
25209
10367
29246
31223
19099
7477
9224
28445
7390
7561
6385
7408
8962
15502
1751
21667
20727
10172
2397
5920
26776
3035
830
16644
1430
16675
10721
14314
9650
673
28462
31980
304
13532
15777
18535
18312
32697
15004
4863
5214
16284
770
12259
12468
4560
5633
23634
29791
41
25135
26719
23479
4071
10457
23793
9619
14302
11159
17165
3445
468
22564
28760
30209
23339
26221
31959
6068
22720
7400
17914
2002
29202
12071
8921
11168
30631
27309
11709
27604
18603
9728
18146
15434
3035
9728
13435
19448
28577
28022
1015
28964
13696
10992
4227
9684
3251
14541
21200
10375
17
25492
24086
5410
31540
27274
11865
2605
10970
28291
11243
11839
15499
17144
2098
10679
16765
21850
22443
26797
14516
7846
3375
14633
1133
21306
14965
6546
20157
17639
14809
19305
8566
11079
9563
32311
13642
18000
16107
9923
15411
3882
11748
22153
11026
27454
13782
10088
18070
5520
19080
3995
30559
12878
9533
12778
10595
16553
16183
32289
14993
24291
21882
13762
15541
5289
22994
10487
3740
6052
29975
16330
4216
15947
32432
9112
30597
5371
3414
7363
1261
18761
1306
30888
9194
24471
18090
3025
13098
26341
25552
9323
32119
7914
32059
250
9623
17507
11650
8011
2417
30636
9574
30634
24690
29069
23896
30806
6447
31318
59
21810
14924
22318
29546
32701
19100
8616
8189
23364
1161
15767
24904
343
22711
24868
15525
10873
996
25373
18036
3867
15379
17296
22623
21708
14569
8857
31971
23466
6999
6520
13323
28
30841
10726
30079
9411
3006
14250
5054
6317
21578
16487
25768
11724
8600
17848
21311
5031
21348
7550
16046
19024
20680
7289
19083
16790
31397
20246
1113
30843
7492
13448
593
12521
9533
12314
24418
2976
7064
9412
14454
8307
11571
28412
3831
26292
16739
12494
13457
493
25566
9263
9274
18128
1497
26511
27760
3185
23149
30893
3778
7603
21055
20911
30866
24320
31328
23666
31001
31806
17010
12319
22700
13054
28173
19711
30013
3318
13665
19088
2084
7857
22812
11224
31008
7813
11662
19961
25240
26566
24842
9478
11047
15929
400
15125
22616
26059
1450
9621
32430
25219
23700
25826
29416
29878
18847
25111
8322
9594
3799
32548
10623
30556
10980
27936
13158
3926
11822
15584
1419
27131
27461
24008
23695
28917
1663
32481
5930
1201
10467
1580
8232
20057
23109
4662
14770
28163
18099
14829
3535
22824
29456
32434
10283
32087
9471
9391
15638
31530
515
25963
25039
3450
10724
12443
6659
28879
20564
28476
24209
24346
6610
31966
400
29607
16335
19267
5011
2893
16399
25640
11819
29928
6995
15715
18350
1545
26421
4910
29751
26603
14163
15555
14318
12457
8623
12073
20106
7343
25174
8781
3092
31854
25152
3156
15085
10837
9592
26416
6930
7420
25724
29809
26271
27042
21735
29534
32658
19161
25933
32069
10962
32640
28775
31759
31856
5618
11120
28439
22828
30589
21454
29245
12603
18454
24565
15158
22599
28234
14217
294
7864
22392
14018
624
4146
19518
277
7372
31582
26929
26385
11163
9966
4049
25479
8312
22491
25532
29677
2576
3313
10273
20484
32051
5006
4472
17593
5163
22951
24432
13897
30796
8459
21289
3497
10700
30700
21924
5413
31189
6811
25208
2119
27353
8851
2758
23290
27430
9913
9326
31727
7610
12514
31107
5696
9560
11414
3069
5716
9691
13076
16814
30210
28619
22677
3192
5113
2606
24277
25276
6751
3744
28880
7189
14520
2982
19401
1607
13578
24896
31121
18034
6206
19389
6
23180
31178
4307
10714
20237
11917
751
19606
31980
24314
20170
12254
25547
18553
18237
31222
29807
11786
9046
17797
24434
15404
25259
17561
15420
25597
19438
5356
7215
29090
14786
10598
24098
25065
10701
27874
22033
15149
16911
565
7442
28027
16498
17772
7563
32242
2210
29270
12195
368
17438
5187
23030
10859
18576
8970
2701
28188
14426
29009
23565
1251
4465
20488
15150
18919
7790
2871
111
15869
32226
9210
21001
12747
13290
27593
25121
23341
31236
25853
23873
22999
16673
3216
7433
28476
6652
28965
29474
28079
30633
15176
8308
8904
113
2806
19609
16650
24797
20064
4497
3266
21777
30188
28599
20530
23643
10621
15859
23279
19212
25332
27186
4232
11911
4599
7699
19048
14231
11505
7139
4350
7942
21337
26572
28699
14443
25912
4425
27291
10051
13285
12509
20807
27203
12307
28165
250
12525
14606
8555
19459
12130
28994
26460
4811
25719
15357
13948
20408
1546
18550
20153
6736
1943
19981
5245
26018
28422
24020
11304
32225
27591
27983
27069
2387
25633
32376
26843
4201
27847
2310
24816
20784
24237
2287
2473
25064
32537
22060
9133
26353
28157
10684
31114
24559
20100
29675
27887
20518
24043
26580
25629
17958
27794
24613
11160
1709
27987
290
8226
24265
3858
15341
13545
24893
5269
5892
10752
4902
24214
24587
1804
19422
23575
10956
11840
19489
21750
16764
7051
20590
17089
27199
9231
8880
11211
9711
18902
28446
13440
19481
30656
24672
23285
10313
14784
18163
4292
31880
17736
20430
10006
3362
26114
3654
16641
6573
8897
23855
16405
26438
11959
23364
24369
16414
31464
1737
28571
3126
31710
15470
27728
26470
30623
7543
22425
22692
28636
8474
5855
3715
31851
21800
16576
17658
10744
4592
4451
14439
12535
9569
30984
18899
6364
14702
30947
14456
7055
31159
16938
5248
23834
15461
19309
20240
19365
12885
20518
2949
15269
25210
28305
5630
5200
29820
22461
8986
8276
3749
17891
15619
22216
19198
11512
427
12387
1973
22910
5717
23788
5826
29087
29784
27889
4298
3196
29471
17340
20292
21443
13173
25987
20954
25471
20479
30175
4882
23605
30474
31359
4141
23340
20872
13854
2128
19724
23380
12210
14049
20139
4286
14823
3380
4131
5443
3787
12135
28200
14236
21451
14474
13720
30459
6622
2563
17748
28049
11776
10801
591
17491
19938
30288
20964
5118
5344
11165
3693
22360
13619
3002
10769
21177
20840
8275
29661
5323
2576
25090
13078
29838
5050
18032
3278
12447
26910
31166
26550
5049
28059
18211
16947
17020
5092
29910
11956
5741
23798
5934
27202
10815
17229
7943
16729
31569
26199
10089
14070
17527
2601
18020
8689
30205
16241
25918
13453
28393
18347
25553
8782
23425
2456
2862
22538
23821
10732
4998
31299
24286
7239
16715
7604
15503
16487
23954
28202
7563
24476
3516
14229
10703
7804
20053
1375
31730
14039
5436
19452
29794
3566
24324
20675
20976
31455
11163
17404
13199
20836
11817
16698
26456
1213
13371
10731
10962
30443
2081
3629
16497
18463
21140
6115
32348
14962
16285
11272
14963
32214
27314
13892
14225
30797
22049
21181
30734
24153
29106
18992
6537
12211
29831
5184
7652
27711
3656
21518
17807
5440
13181
777
24330
20169
2363
15880
12197
13684
13315
26774
22923
15445
3559
6796
25342
10033
2030
3046
17124
29932
15034
29391
5763
20033
27240
2046
25737
19638
440
9541
4431
11726
18542
12903
26718
18048
22776
21547
24371
19176
6480
4526
30015
15933
15140
25597
21810
7939
1845
25571
7033
9089
30717
2560
26117
6774
26516
13595
4431
17416
21716
27322
18073
14077
956
1519
16246
9773
32018
18548
25228
6711
12620
506
7577
29556
17073
16831
8372
18473
15036
18015
24278
29441
11969
8172
30616
26042
6098
14400
28222
5150
25060
13714
20981
2869
30254
27464
15193
2233
17618
19724
17210
9930
4543
6178
22176
28643
2262
9977
3084
28429
23884
8960
24065
4178
30799
2234
28355
25973
31468
12821
14687
8928
5936
23288
21483
26846
1165
21531
9999
11530
4992
22555
16069
22536
9329
14030
6236
27506
1499
19156
4547
17429
32172
28014
24068
19550
495
23699
8975
13071
25768
18241
9401
31286
30463
29714
8452
29280
26529
13839
16801
30218
24676
9160
18099
31064
10026
17573
20182
16906
17927
10359
24672
23467
32422
7506
6119
7179
3304
30623
8195
19440
31951
8301
22100
18441
6043
24072
16839
11811
11314
2765
15894
27295
14021
11836
142
14884
11185
11343
23061
29585
27043
32522
23147
11830
5888
11860
14512
6211
28292
31237
9511
4480
16169
27200
26681
24127
9034
14851
29373
1680
13064
20476
17270
13747
13805
14751
17885
11731
6095
23669
3617
9201
9463
20919
5741
6174
20867
8219
24937
32237
4105
18414
9731
18728
31613
21859
26735
12994
22613
27947
9324
18957
12522
1861
27850
9773
4386
19480
9257
19405
9548
18367
13059
6928
16459
26532
24301
22986
3319
30288
10009
11761
28352
2433
18976
7246
21909
5757
22782
24440
2308
8359
31582
11011
11938
13904
18713
12021
4013
12239
23801
28537
25072
25812
1218
17624
6119
19449
12915
6052
31780
14490
4809
11575
7153
10983
27909
6236
17719
26167
12271
8779
7070
16800
20507
16347
2294
26308
23403
26355
3286
29421
26069
22593
12162
11869
13158
12591
7186
19935
17287
23059
9681
29346
8576
9382
15588
23623
7738
11960
5676
313
22345
23842
2669
317
12073
763
28847
9802
6856
2319
30692
26522
26693
10636
17356
8961
25336
5119
20758
126
30898
3455
25800
13328
17478
24872
2784
4554
8520
13516
26683
10282
11540
5604
25527
21671
22802
21197
27285
1673
29241
29745
21537
9213
16850
27331
10388
17769
11135
17711
20281
15101
27771
592
26575
4235
24611
21412
21295
920
28086
25598
12078
8115
857
30331
18885
29957
16990
29111
20335
7466
16581
11073
14547
575
1027
1868
15267
7228
6403
16551
17092
6276
28011
27887
12719
8123
20000
4355
30487
11736
12044
22968
13004
12411
8223
19662
29407
24448
5011
1571
19463
980
22901
21799
20803
8327
29793
20112
11969
12835
11149
9807
27647
30781
32264
26050
6448
32073
23364
21035
27617
20659
17619
5985
3804
10027
15726
2757
10572
21824
10555
6776
24867
22576
848
15563
23737
24830
3187
29687
1973
5574
22307
14863
7985
32078
21725
26930
18713
18653
18584
29701
15060
28752
17042
608
13095
21610
2382
17992
19286
23404
5085
7454
25484
15333
31070
20757
11900
27084
31169
3818
8265
22988
976
25551
17571
3807
23663
22440
16436
9758
19234
30585
314
21720
28625
25631
25461
3297
9672
14655
19267
15148
6146
24701
31754
21660
27303
9454
11734
9496
7635
6863
9795
5342
3481
12151
22686
22553
13128
30090
20807
15541
3052
368
28761
2674
18456
27141
14221
10551
10467
16786
12124
426
11825
6909
10084
19453
31284
28476
22029
16650
3634
30479
7020
24995
17544
19695
27496
18467
11247
27457
8987
14409
10238
23248
19835
24903
31472
9594
6969
1557
7336
24874
4585
11
754
26374
13924
20399
16140
2793
13930
12236
5221
26387
21900
24260
27812
4127
8521
4646
19692
17718
12408
18563
12382
28803
29158
28030
27616
3046
20031
1059
32541
15853
8498
19322
30413
17152
19920
4443
17463
30427
29237
10115
11764
4674
32363
12008
15861
28911
12939
11594
20680
29648
18469
8459
10774
21359
19170
1856
12913
30386
25704
2056
16972
8644
8062
15645
7755
4435
26225
18088
2238
22012
16566
8794
3176
1027
5072
30904
25732
2888
27509
21686
9738
19318
3308
31112
3630
14462
22969
19125
6697
9028
17788
31341
19517
31383
25367
29212
16883
6247
19727
10559
32680
28466
27957
24183
5447
11200
26501
26331
88
7952
11342
1939
28474
1170
30099
3491
18860
30871
13233
6148
8851
13061
11587
18425
30455
23119
22083
19360
24142
676
8818
30407
4093
11623
22265
24066
25116
23776
8016
10234
9593
4145
26975
2312
736
15243
19683
7427
15770
4257
532
4950
32564
11101
11141
24917
4226
30418
30539
28369
9186
24179
23393
28905
5317
8066
29003
26404
16492
20171
13562
28349
23536
26257
10992
24638
27525
28873
12708
27472
16127
8582
552
9426
6038
30133
9225
15144
23270
10762
22647
17622
30522
7738
16549
23885
23817
30827
17267
1028
12737
7400
30283
29131
8132
19994
3400
22621
26544
2228
5790
16436
5860
28717
1334
30881
1856
24435
20120
19995
3115
29150
8206
31448
28891
6242
28422
1434
11217
3850
26809
716
27554
18081
1290
27597
24829
5810
16561
140
27114
19380
17048
26453
592
25982
28805
32490
7610
6657
14074
5846
20058
28725
2138
510
23887
1876
22348
14201
14371
24135
4196
30113
22424
12125
22273
7018
932
13379
2417
11251
6330
26161
20572
12379
12875
3681
15711
27606
24205
15045
15607
5632
16251
27385
24481
3953
15645
2423
15935
17553
11529
1290
32190
12973
4906
7813
13814
17227
24512
16052
16337
29115
20136
26771
11952
28399
19422
7102
30986
14221
320
15145
5206
20545
29076
19473
2092
7256
17613
8498
15527
651
10634
17979
2061
21528
28640
16255
16306
10776
16729
29165
20505
11532
6716
18242
8285
31417
26639
25213
17615
7734
29019
30867
17633
20035
27311
8549
30787
26076
23783
13551
16203
19214
16558
2242
6810
14346
29506
8628
26109
6776
26744
11734
14993
32013
15871
23206
15403
12128
5096
23430
22006
8185
20070
13421
10846
7339
9427
7389
14893
27941
8692
3861
1780
31683
31102
22407
13485
170
22233
14476
28318
25363
2339
30295
4993
17639
12408
24359
27873
27789
20593
9153
30151
255
27626
5150
29846
19492
3593
5217
27700
30554
25724
24076
10346
30289
20225
24946
27022
5152
2092
23408
29535
22162
19301
29528
816
11201
7216
29998
29001
5607
4785
31767
394
18800
20847
8462
10065
29012
2136
473
16542
3491
10501
13371
3189
8290
12352
31084
24708
7317
10435
17862
25094
19357
19267
28865
17895
7364
24493
8481
23593
4887
17328
18798
27270
17780
14971
18597
6743
9443
27080
813
32180
32041
10265
2060
28637
25499
65
5723
21720
2097
3623
5879
31836
7387
6343
24186
11246
18200
3449
19306
5194
20420
16502
5296
13828
1329
5784
23627
31087
890
31841
23109
32190
22292
20031
13286
25449
11686
5646
21289
5587
2331
16863
21100
22569
10485
14328
20587
6541
7652
27676
16495
21620
15255
23052
2755
32076
23762
2381
4456
17507
11713
32300
27913
12036
28812
15360
30257
19427
28715
15535
28348
1722
5500
371
24460
24373
21138
8414
32381
1804
22608
30236
12442
11118
18999
21881
31889
28070
25725
27170
356
20217
18527
8496
17762
5069
25272
17890
29014
25105
8401
13098
19454
7896
26491
15980
2494
20295
91
16258
17558
178
29062
23043
12370
31746
29518
27589
24320
18522
30811
17568
10663
16634
31741
2933
4406
16995
2752
29807
11195
12987
14657
11401
29141
26996
32065
7761
108
14889
7416
29675
8863
9928
10411
31320
14334
31990
12929
18937
19194
25263
14483
22606
27545
5677
30018
22276
8815
25868
2509
1071
4041
7851
14115
20436
2859
1493
6389
31402
22269
1441
5904
4641
15489
11670
234
28068
9224
14611
1914
4379
32102
9710
2381
6325
3235
7772
25815
4580
28403
14865
17671
26025
27624
23208
7198
14353
26343
10052
16576
24832
1241
27512
24907
25133
23074
23908
16745
32366
13527
3873
30177
22070
22315
3936
4787
11611
13867
32077
32611
15901
4268
5050
26005
15717
29313
28537
28122
29770
30705
5385
16074
4825
25960
31094
29267
8214
26476
4730
30032
11070
3795
12776
1373
8783
23859
12362
16618
29130
30107
10953
32143
20920
17792
22606
22687
25579
14842
14823
13824
1926
21809
10860
8506
1472
14353
4450
17613
31716
29766
15647
27592
9884
14948
10287
16791
29296
14437
11767
17437
30090
15449
29336
7171
14012
28505
535
20303
26052
15549
27322
568
26830
14735
22197
14904
25402
8255
26885
22372
6560
13463
24989
14329
22289
9202
19648
14903
14240
13737
16814
4210
31777
24527
29826
7014
19249
5150
8027
16075
887
22832
1722
25641
809
1011
7467
8174
2257
9559
2600
11454
4433
73
6202
12554
22308
7141
20065
740
22248
17895
14518
24081
32025
6499
9295
16480
24864
23991
21091
24635
12684
20925
26286
29052
13727
14149
5399
11394
2060
12994
21137
19331
28415
21315
3391
29219
30046
22181
12251
13126
10574
32263
29784
10531
9210
1663
18886
21403
16016
6667
20855
12488
6283
19659
14176
17368
21304
31341
27073
32284
9843
6120
29705
15964
12978
19821
244
23150
13382
27802
18422
26374
31709
5874
27100
12752
20554
10378
177
8636
7561
15108
26334
29082
5373
21697
31126
30950
8957
6227
23153
30437
23951
2097
29783
5105
20595
12975
18336
3344
19044
23085
16761
15820
3994
28046
8842
31807
5523
25836
14550
31598
11283
22153
28898
10200
14186
22537
537
12878
24565
32735
14959
15620
23271
6918
11589
24297
12361
27377
18828
28980
8768
32708
6958
23359
6543
708
15273
20633
15196
1292
13821
13655
3127
9859
25033
7338
17496
10506
31153
5559
14632
17402
28930
15010
4
19405
19609
13804
11837
539
769
12800
23139
8649
10203
26376
17091
31613
26243
15109
15662
13908
4080
10271
21500
2264
16348
23865
13393
32300
23845
19657
20895
7050
31092
7655
25196
31216
21532
13220
6742
10261
1093
16028
17748
26786
3657
3279
10302
8351
26718
2988
19088
2603
12918
12399
3435
32625
9571
15021
13276
29143
32063
1325
16481
24952
25355
22778
19369
26837
6550
30390
14492
12487
29088
18993
27035
24761
18752
31803
23305
24339
6787
22198
18186
30201
23894
12015
13962
12342
16550
18990
9090
627
32453
28811
4214
5293
20752
8708
14659
16358
18127
8653
16663
5146
860
19431
449
31348
10120
26868
24619
18370
27194
29770
18980
21287
9305
2118
16739
25871
21484
25826
6089
4712
23168
17546
16615
22544
31434
29484
23744
2697
22926
23439
24528
28148
1472
32485
31821
2621
19432
2723
12460
3987
22731
144
8039
24347
28487
9500
5118
3045
13695
10228
22844
26655
23864
15059
17595
29320
11139
2715
7082
14376
9117
20132
13518
32319
22803
25172
31687
18555
11561
7408
14741
3949
31613
23473
18010
15166
31208
29211
2145
13982
20389
29834
25696
11774
10165
4366
762
20223
17025
27256
3976
7210
19138
10677
21529
10465
29086
14683
22199
20885
5651
24450
23533
17466
31641
10709
29318
27896
21507
24553
27798
6948
8359
28621
27071
29294
11966
2274
22189
31836
13070
22764
1507
28151
18630
8042
17850
30148
22441
2851
6054
9717
9582
5634
27836
20193
5735
21283
2929
23986
24930
25390
677
4957
15053
740
19936
10200
15133
26615
3803
11655
1136
24607
66
18679
27504
26218
1464
4302
10107
8916
32028
10754
19970
2071
13578
29770
7471
964
11429
23250
22987
29843
148
7475
17502
23287
10571
9378
27032
30710
28300
14695
20975
20024
13357
11410
21642
14686
1051
18921
4446
3989
31135
9764
22167
362
29152
7517
30009
11232
9642
5570
18695
4287
4205
23181
30628
26928
18569
9014
11000
1671
11464
6886
19157
13664
2860
31792
31194
22253
9452
5372
22936
9358
13241
18115
23028
20898
21573
22274
6092
32670
31238
9192
3806
14428
20536
4434
8933
25269
11297
16890
17412
25937
29848
28907
12904
27582
8904
32569
9514
448
16434
2542
22642
30952
1521
7239
18146
19560
322
21025
4658
30502
24899
32430
24343
28687
20987
11116
10346
16558
2203
856
19846
27133
25859
32351
24562
2939
19592
24853
29760
126
8693
25769
31284
26571
32463
6937
24617
18788
4574
25506
1457
20129
18152
891
16764
16514
7104
14018
32379
16452
18048
19895
13380
28210
4370
10792
16057
29374
3573
12588
22756
7632
2621
1300
16166
4190
24796
7071
15505
9277
4897
1133
10130
1591
19070
29622
4563
13917
10126
25916
12127
25246
598
27518
14600
20377
32716
32559
19974
17328
8341
25318
6368
10334
11539
28439
15248
21962
8863
23106
18146
15516
1555
20842
16669
25103
16268
29897
32741
25159
25454
3266
22880
27878
3240
2839
28824
28634
11321
11356
8480
25720
29171
19884
19963
29391
12926
19098
6073
24374
28321
30570
15843
30248
24509
2946
12185
27218
11674
4123
3962
22761
12646
10044
11972
26689
27131
16105
17340
13468
1377
1176
24401
32576
9108
11492
26108
21452
13959
25477
4074
6091
9064
30592
13405
14474
2342
6043
25680
27431
20529
13076
6234
13035
26497
21138
30164
8665
21209
32092
28478
1927
28237
32457
17375
557
2818
8184
8876
9724
18741
10688
29803
11953
21374
17130
4376
28521
24406
32414
25736
29879
5848
12060
17996
3316
20420
20653
2264
10966
13257
8408
997
22084
15876
13784
7699
8041
12740
10830
6611
18440
28304
12596
10628
5903
17771
9746
3804
2670
13142
28020
18826
23337
9495
14747
6425
1964
10297
1907
22040
22624
11604
26565
26232
4731
16270
26798
20789
19740
21858
13136
13625
7319
7840
12743
10109
2061
29621
20830
15473
32065
18989
13571
16542
13990
21110
27641
25737
18365
8935
205
24539
17309
5120
29835
20416
12755
12788
31281
21645
17773
26468
1636
12965
2642
17774
1890
31389
31957
3302
22840
31902
16265
23779
18997
2827
25430
10878
17310
20580
30156
26070
27299
15467
18872
28760
19858
19589
11765
18493
29003
13154
1669
3411
21236
9184
31712
17153
12782
17197
13452
29573
13831
1580
19694
6273
17905
32283
352
27830
8691
22642
16004
2831
5854
5646
3031
32481
23875
15758
1161
10609
30947
3326
21132
8375
11367
28339
24555
27489
21841
13685
12893
15899
17459
25572
9498
7694
25886
788
29933
3238
19550
19579
21130
8345
31588
11021
28451
12325
29188
22437
14134
28825
24545
5287
12201
12054
2597
19683
10520
1687
14709
6589
15726
14127
17444
29835
19378
658
2214
5951
26148
12759
27720
20550
26249
10364
12831
19888
7363
10411
15934
9104
19364
11451
6444
4518
26628
31226
18326
19515
19985
20650
19008
19533
24807
23881
23105
27372
18529
20246
13680
19428
16686
14288
3866
23452
13095
6337
30966
25662
479
16635
22618
32280
19324
24802
15278
24387
2502
30442
9250
20098
18814
31138
6044
15724
27633
25330
3828
19918
9933
160
5220
17995
13874
11801
9786
14917
29964
23407
12752
26881
20385
1438
15038
6149
17510
1043
590
27845
26391
20335
17201
2431
6662
9608
21872
29028
29108
11952
20133
30712
30366
2107
29290
16315
14681
22587
1810
3081
27873
20110
25239
27199
31535
14107
17364
30239
18441
344
19444
15734
5662
24848
11307
1787
16978
27747
23460
123
18775
23310
27066
6195
19325
19180
16490
1406
715
11709
27400
17584
24398
17447
13618
2625
15793
18938
13827
28974
27662
14264
7048
26780
28932
15701
19064
9406
18698
23099
9759
5882
3586
13969
5276
12615
15634
8637
4940
30938
3759
23079
28550
11265
5370
576
30601
32591
5200
26308
14258
13817
18972
31292
6131
6528
5616
10694
28032
5264
14549
28440
21707
29993
7903
17347
26547
6652
26372
22965
9208
3864
7469
15618
5619
24005
23182
17124
7044
5040
16435
27136
21323
17737
32732
4074
3099
3946
26379
8172
18603
23609
8283
7939
11151
28495
7955
14635
24423
32026
26875
13276
20311
20863
12911
27093
17335
18884
177
13336
14091
9646
18052
25654
30517
29670
12022
13260
26345
7585
2685
19790
29538
21888
4677
20995
4691
28085
30153
337
23585
22888
26273
25915
5711
23897
5786
10280
16954
13254
23564
30694
1030
10127
28776
6638
30168
27288
32017
5354
15173
11119
27245
4980
26891
11823
9531
25633
5375
27812
20007
15038
8775
431
1947
5849
7625
25580
21977
29572
16099
13203
17735
9301
24669
8092
19209
945
1436
9767
5077
22090
16408
13338
13571
2023
2320
26636
29668
9572
25468
31842
5973
14329
23107
7351
30612
26047
11950
10882
16466
31599
19228
13554
6409
17261
19960
10269
10127
19974
16617
30554
8428
3830
20552
18155
23657
29742
5847
22752
7401
22996
20912
16695
1148
32650
4219
9544
26162
25331
13796
2657
27181
9075
23629
30637
14330
21303
29375
28506
6946
22902
9767
762
22011
18934
27327
1834
5828
21969
14794
10866
17137
14713
22404
29549
3268
19450
13657
27178
1821
4991
17493
28881
11155
792
19420
3978
1731
17850
6299
14234
32488
14984
6078
16847
26797
1616
12899
11295
24127
24153
32079
23180
3237
28764
4320
24395
27476
3024
7491
3620
4606
28778
3815
24348
8364
26085
22322
25682
28172
255
11634
22311
28684
14788
23574
161
4775
14094
28190
274
28927
29517
20688
15092
9389
7812
15789
25880
8021
24980
163
2048
17021
26301
28292
27273
10655
19298
8119
12748
23164
24332
17198
14407
20404
21426
7575
24632
4500
17208
2263
25930
20783
11829
1972
29043
14768
22521
16849
31005
27630
9167
31712
8836
22593
22399
24595
15455
27285
26391
10963
1986
15548
11755
4021
22851
17161
14555
27306
21852
10010
1492
4470
19472
17653
23706
22883
30673
32343
9412
9526
9122
22600
23816
3938
31865
5875
6072
1148
4583
19381
8333
25071
18938
2420
12196
27889
19555
13106
19910
13749
10452
6369
19948
15074
15532
22137
2
24901
7126
10569
236
5058
238
12170
19399
8081
2214
17978
28785
8359
15465
31016
4939
4721
12350
14667
6717
22728
14318
19799
11003
21794
30569
12434
24199
23557
21094
21476
19960
7874
32586
29998
23673
23903
16715
221
25236
29909
3541
12735
7857
7548
8492
25365
3801
28099
18004
18665
6080
29988
22062
674
7427
855
12771
15317
28334
28614
15493
20318
12289
30018
6132
8368
7028
30196
10495
8041
18424
15254
9932
10538
21376
2019
14714
15781
5824
2379
27652
14583
17972
2028
30057
2105
9317
24254
7434
3153
10600
5389
15955
7950
17319
11309
12189
28277
5604
30057
4179
8789
22138
1084
16980
34
13286
4292
4761
255
25223
24179
21784
3613
14242
31496
30696
22340
30121
27069
20901
30639
11709
3778
12054
23837
23153
28395
25613
9509
6097
6054
25487
25802
7331
17199
9013
3663
22764
3335
19922
26957
23990
19106
2390
20738
29201
23647
21491
11500
31064
2750
15486
22422
3765
17358
31255
26547
31207
19684
9996
3945
24899
15506
8955
1519
23801
20695
24631
12122
20377
30100
8301
30388
10198
3903
25736
3663
28553
24027
5073
2648
19449
3112
7771
2479
21337
16151
7838
24822
23442
14720
15970
31721
9795
26647
25311
26861
3590
27037
25634
17131
6390
26451
21426
27998
5230
20916
5748
22187
7699
21859
21964
13490
15892
7267
3077
28578
30384
12166
12275
12049
27897
3112
17366
15692
3800
16924
19330
13547
23122
11751
28093
11433
10761
9004
17641
21875
11014
7016
8931
16063
24501
15584
19498
13599
21553
19927
28228
28438
26562
26627
21853
31786
20389
66
9522
10810
14091
5770
6445
21778
8291
8734
4049
21565
27612
3592
25945
31514
10022
22979
24988
24371
2681
12856
15668
22729
18137
5868
479
29108
2456
24439
18981
13930
22812
13624
9276
7517
12003
21831
7208
30858
29379
11947
12582
9550
15223
12493
14923
28284
30807
24109
32361
21678
26727
30548
818
12504
659
21002
22432
25891
13113
12488
23956
4088
4840
11888
22205
30042
31336
4668
14523
4730
6138
8180
3204
3973
27104
14437
23815
961
16928
24078
30992
16344
14214
29212
3180
4724
10216
15769
21581
15115
12205
6880
29424
32509
14992
21332
9852
5340
4514
1361
26414
23050
2702
9827
12467
1674
15393
30134
31445
21264
23562
29390
9562
17754
10718
11384
23337
5827
2911
31745
12463
26902
15869
165
385
15776
16797
28490
20803
25225
24730
2671
13256
19044
30985
22111
122
516
27458
23978
21757
14481
20892
6613
11023
3548
25975
21585
1459
6896
13696
5034
31118
26858
4400
26881
5265
18954
19862
12732
26840
18697
18263
8572
16082
8877
17907
10319
12963
32156
9289
2344
16582
21614
25182
13452
1527
17925
1114
15245
13904
16417
25299
28412
4018
14383
20558
32475
19302
26210
14339
11793
21252
14085
6625
28257
15508
26128
2002
30877
20980
30969
2112
13591
10106
2764
472
2137
1497
7806
5262
22550
11081
27519
993
23648
10210
22670
5728
4378
22857
6353
3693
23473
18831
7973
8257
14599
30038
23475
2352
1968
15670
30660
11310
16993
1631
982
22419
16037
20095
19438
6171
17362
14054
17969
15665
3644
19176
20398
29293
4776
1410
11135
4699
5636
23105
30736
5758
27989
17760
3774
18580
31216
10032
420
6428
13805
28349
11185
16150
25817
22447
1790
1290
15531
16238
15711
26443
6905
21898
10041
26493
6764
11097
11411
14677
7282
26338
15471
11424
6962
7417
20058
30855
22469
5804
8770
19473
14499
1502
12936
18409
27739
27954
3158
17762
9352
16171
563
3768
32000
30865
27860
27801
25422
14870
28213
11491
4707
9529
27369
1712
30344
107
11695
32656
3479
26224
26949
13845
5995
1289
3201
13717
10901
11984
7325
14123
336
17507
2515
29695
4792
14532
12841
27847
19510
13568
1679
19086
32575
7951
1575
15540
22334
2044
996
30775
27598
17734
27222
15408
17197
14725
29124
32673
22765
4176
31868
11373
31981
29023
3431
2984
7816
28397
3296
18193
22540
13152
20422
9181
20078
12844
5328
23223
14652
24565
27681
12548
9938
13812
15645
14187
20689
1179
24186
20885
5325
22908
29850
27441
25926
31847
2584
32316
18138
18386
5793
20095
11704
24702
26629
32345
20312
4184
8589
24766
15466
18590
17808
11392
22284
3906
32065
29901
31039
23443
4811
2810
24476
9754
20896
11646
11331
12226
16653
10306
5653
17469
27923
18968
6179
31650
12658
21384
13669
16219
15110
17107
9392
5694
13142
8498
30946
31738
19051
13663
6496
18357
4830
16214
7874
26099
25653
8541
26572
27066
14192
6722
31392
14580
12766
29924
1587
22548
21045
20724
6142
6396
29666
26877
23030
12574
7326
31138
27837
31458
18498
11816
12826
26184
9948
13876
7079
23759
258
26837
20937
7317
13926
6340
18149
20159
2731
32235
2769
23835
13431
22565
29321
19204
25290
12101
26660
5511
11406
21593
30470
24260
7791
2096
26710
26774
23276
27417
947
8822
174
6638
18466
20124
19225
7249
12619
616
8482
2102
23782
1537
1632
32418
9328
22332
8805
26033
32546
21439
21070
990
16419
20070
30873
24703
1277
5093
32567
3471
26702
8879
16354
16048
19648
6679
18097
20848
21562
9397
8938
10956
22360
25100
14871
3571
28953
4969
20828
20556
29400
4110
16647
3769
21630
17552
1641
18462
29941
16766
10213
285
16096
7491
8006
21796
1417
11598
15957
6314
11802
23152
16812
28853
30993
5253
1477
928
32750
10582
4694
10011
15150
702
28641
12147
9341
4108
31622
17428
18728
24233
11549
23884
24785
9723
897
20305
15462
19080
2862
1670
8532
7263
13071
22778
25847
21684
25489
4401
23637
5834
3068
5672
29709
30742
6659
21651
1162
21409
3994
19817
13948
27822
11015
28066
2953
9373
21820
4928
24383
18447
19044
25484
29774
14155
12476
22178
25076
28128
4516
7215
30136
11660
26870
15738
23899
20573
16022
8353
11532
1558
32330
20773
5595
212
460
12713
24688
21745
286
31479
32765
4137
23838
11332
20849
19451
30810
20661
23279
16210
4645
15906
8062
4965
22507
12569
23298
32732
8385
27174
14955
29236
1856
12369
25644
17508
21908
23785
25838
18113
30672
21632
21638
8479
26756
4407
18213
20281
19346
8764
24271
15443
11069
17552
4367
16925
2947
30990
29928
3803
18349
15273
11534
14019
28196
16373
16983
29862
3718
22249
620
24019
11769
25059
14020
3385
21952
30444
18387
2507
28684
6717
8318
27689
26388
12547
26067
1916
14951
4448
22263
6561
32385
21426
26975
18059
31389
18711
30019
25314
22731
15153
1616
20976
7234
22822
9374
31422
20983
30187
10721
6266
12143
31683
30435
27164
5073
14594
7474
1354
7999
27159
20757
20600
21606
9417
14277
26707
30804
2241
26074
29792
9354
22857
8708
12000
16211
25683
16379
9208
20052
23229
10169
27662
22371
32211
23782
25974
17309
17942
6804
12622
30898
26428
22316
30630
7300
21879
17576
14053
14065
12282
8451
8807
9708
13498
27374
21611
6099
8561
20165
22317
32764
9705
24513
18767
14738
19319
29039
8573
19615
30149
9569
21841
2409
24789
291
26484
28162
16451
8304
8455
2587
25547
22438
31297
21785
1290
23160
30297
10859
8841
15075
30374
24602
3063
21603
18693
11169
950
30566
30075
18688
6554
26881
3867
6156
8941
2786
3114
9225
29622
16262
27010
18810
15674
24236
7476
28216
13764
19977
7281
32706
28066
4669
30891
11220
30064
27654
22519
1851
14745
21939
19638
5863
14106
29916
20596
28482
28041
21585
26128
24000
12886
31312
10013
20663
18770
12027
16521
29042
26221
1800
8828
9345
31940
1723
26499
25682
32475
28945
14062
10758
29734
5951
9847
22653
1999
15450
24356
23987
29875
24920
2414
32336
29358
3383
17570
32634
2328
25980
11656
8942
27279
10975
14403
10575
15863
28229
24952
20157
30912
4590
31410
30122
11879
27376
5637
29673
31040
5860
21746
13832
24690
23007
7819
11488
24387
6308
215
14698
29078
17175
16760
2773
18865
17141
24971
8917
4932
17091
6352
29757
26535
24836
3083
20432
22372
9135
17066
4948
11509
16352
8103
20201
19663
2510
25008
21657
22175
8445
28294
26160
27603
11445
28067
30030
16220
15538
30239
10682
21170
8733
21460
8697
1049
21691
10177
8736
21028
14437
26540
9446
30839
22200
267
765
18896
24845
8997
9379
27465
3755
29813
29044
21719
11068
14159
29314
15127
27006
8646
23207
17994
20027
27852
26906
15005
18299
24219
23105
30127
17400
21588
23238
25933
24274
3814
12525
23424
29572
18226
4133
25545
11799
19821
19165
32171
27542
14277
22168
24682
32449
25671
22084
11283
11525
20992
7879
11196
30636
5474
27100
3341
1362
27626
11037
12543
16280
13056
15200
31204
31004
17951
20039
15016
12200
2101
26131
11094
16041
7245
14777
1757
5603
4459
16696
13845
18532
1463
23593
11261
1974
1246
18072
22343
24409
9654
20498
19734
17520
11041
2303
4358
19899
11315
23091
7789
10181
1943
15039
5856
6495
9774
30733
14841
11340
20730
17452
2648
20030
7739
32360
17384
32258
14807
27166
1891
22775
3327
18382
24345
7364
2320
1138
237
29002
6583
29454
29088
3800
601
17545
27986
5278
10930
12731
14661
9061
7868
3015
17125
4221
17874
9899
12293
17654
5397
21013
17516
7443
16655
21625
16528
23547
12950
7264
7585
1970
17139
7171
19145
16712
836
792
20403
27984
4895
19180
30794
16532
19064
18610
28099
1287
15045
14874
24797
11003
19295
38
10599
31380
29996
31802
32515
31101
24955
17266
12075
22745
28719
7223
29809
32637
26912
31253
21259
1116
23742
27591
7822
11586
30712
12180
3322
17862
20316
25055
31479
25210
25983
31225
17758
25700
28831
2361
23547
20658
9095
28751
29074
20649
32179
32469
27935
28127
26293
12583
98
24234
6359
117
1947
30424
7938
30998
5779
4256
27102
2847
22235
473
16443
18741
7000
29034
3760
2463
19712
8450
23169
7583
5342
32521
23494
4867
26460
5334
714
13303
21697
9506
27826
14621
17145
3772
2911
25056
29845
18303
1173
26373
274
898
3164
31618
8798
23694
16038
20372
31640
3541
15411
18956
15639
6112
3762
27625
18863
24778
6185
4652
16687
9388
4502
2536
5166
19032
23767
10905
1288
28746
11719
27318
14883
17883
20138
8842
17783
1208
971
28991
17741
7827
21091
30780
582
29464
11965
24753
11936
8739
21912
24431
10933
20016
21709
11006
29380
25363
1841
6121
6644
13545
1981
20317
30358
2894
24556
21490
25515
27856
30053
18633
15270
16036
31450
11991
28787
3224
26672
3200
25783
3401
15840
13160
27226
13974
6045
6278
2627
30292
21047
29306
31074
25411
18623
4640
24308
31297
27884
10597
20482
15294
16061
29785
9259
15728
26464
30854
1956
1096
31571
20097
28285
15012
10185
10686
19750
5830
20303
4776
14897
1413
22959
1777
23897
27970
15124
29735
20420
7454
30320
16521
20869
15466
7963
22040
30821
20064
7613
25585
15331
7696
15469
18905
633
9884
15898
25114
5153
19368
1322
7566
5656
30221
3426
9721
29666
26829
15622
31387
22926
25164
20801
15110
9019
23997
27078
5166
26075
2266
30648
959
30007
16856
5064
26035
2868
12698
32669
35
29780
22053
22136
349
25983
4436
12568
9272
24324
4044
16603
28324
16603
7219
9767
16005
29741
12957
1544
6338
19989
26695
8986
28312
4009
31624
32170
19765
10036
8196
16152
11138
5830
23331
29823
19008
9199
1218
23704
23126
13511
16424
19676
23913
32305
315
29161
29870
26465
29171
28455
4604
18076
19472
8619
16166
23359
31496
2652
28551
10499
6724
9044
4062
6271
9099
9353
18525
239
25023
31660
9468
32563
31687
31569
6163
15899
11212
1361
2856
5089
30376
13420
29189
6391
30619
18739
5134
7171
5184
24102
32722
5929
11456
10009
23776
2696
7238
16348
4060
24583
7603
19994
25810
15441
26770
31362
13257
24862
6734
1317
13212
1205
16290
31007
28421
17070
4690
17274
4091
2557
16153
12623
30014
11308
18402
6446
17968
29160
22075
13248
30950
22719
4614
26539
32383
24104
20593
3254
2484
31684
12073
27182
9137
14563
28619
29832
803
30026
10140
3655
22931
20788
6009
20513
2802
22166
16401
7261
885
18343
1617
383
8099
13984
31776
12327
23212
19136
8525
2103
14076
22164
12485
308
5392
9077
19978
29167
27784
5714
9952
31588
7038
4528
23882
6882
16407
14574
19892
10092
20567
30926
1394
15968
25658
31025
32105
25430
26112
23586
27916
22347
7368
28182
18827
27391
17760
11122
17734
20635
11612
16206
25480
12439
1125
24441
29810
1499
22484
10685
3381
1316
27776
26212
20613
5034
27347
21498
6986
4352
4388
24661
27032
30779
24640
29395
2017
7254
30282
11235
25705
981
3014
15815
5371
10153
18160
17048
25819
6484
22866
13194
32507
21581
7061
25969
2161
16038
7064
11908
16169
7404
20671
6497
28887
32079
27278
18770
24112
24066
28022
29647
24154
4837
4590
4932
22177
11874
6598
14100
23147
29076
4024
5341
1902
1967
9537
16126
29216
4252
8879
9302
13935
16099
7546
15695
179
3278
26839
2587
8929
19660
29835
17982
2561
6419
3581
30029
10210
26249
14224
11509
9484
16101
2607
16446
28406
26129
21802
12305
30329
28371
28736
1273
12933
685
29693
30246
15123
24834
19526
439
4186
22905
22834
23097
25158
17831
4635
19818
27686
17896
24309
2115
14501
17805
7135
23606
25083
2621
31480
27061
8804
21141
14452
21491
18641
18450
21743
25070
26078
18481
18944
12461
17669
18644
27922
23238
1553
23528
29807
14628
27349
5701
21150
8455
11549
24021
23535
17228
28901
25337
27220
4335
9929
18728
29554
18638
29373
17114
17656
4784
27390
9380
23344
19333
17225
13220
1492
26352
14410
13087
20258
2562
20311
30057
22834
17225
15966
29701
9608
1033
4124
13070
31462
16073
22672
29653
23907
20241
3504
31436
19649
3699
22618
27811
15612
15048
29069
1712
32031
4540
24537
13972
91
17805
10516
21788
15706
12047
19535
2149
6097
24820
6152
4420
2133
74
12450
2020
30319
1605
23314
19377
30962
20287
24538
10869
28812
6909
6715
705
12444
25140
1958
25999
10819
9547
27509
31525
19902
6243
23256
12093
5619
20629
17682
26722
29257
22138
19429
20125
701
16881
74
25937
23091
17180
22374
31844
15113
15532
27578
15519
498
21343
24218
21336
13058
5830
28128
334
23813
10060
4577
4308
18197
32116
14240
30514
7276
13922
27458
9544
2678
2461
1730
19316
1322
19475
14566
5302
9627
9310
30834
7442
22218
21573
14235
10038
17599
15238
27582
21853
16856
30675
15698
26995
5728
17946
29724
20602
28259
2313
29601
32044
22977
6354
23521
21986
4738
16427
8770
14772
32105
2713
14027
24802
6348
18415
2450
7283
19875
26897
1144
14619
22238
6654
19731
2402
13052
15630
25324
23299
21465
11128
28139
23442
199
24342
20751
12386
7905
26989
21858
17830
21404
23528
301
6358
13727
1380
28520
597
32725
10481
15220
16976
31424
4567
21773
21737
4112
10456
20602
20885
15476
28341
1798
22978
21424
32756
7092
23230
19184
1503
14383
9940
32091
14544
5632
10680
7916
22444
10243
15397
20861
14510
30748
23236
4133
22374
3366
17488
25796
1025
27948
17144
7132
6090
4060
9476
27299
21233
21816
10428
15190
18315
21647
24453
5071
30171
6060
19534
19034
32208
5709
16682
31941
2510
1495
16446
32182
22194
20807
25566
11329
32016
19820
4595
27066
24510
32084
32416
8648
25495
31492
16933
6331
21625
22635
1539
29728
7056
3225
3425
12690
10967
16685
7342
32723
16859
5132
1160
11803
28611
8537
21468
9647
30349
27041
30031
8630
29594
26709
15325
6472
29037
28286
8896
4041
18096
5548
17556
16245
26231
24367
19896
21051
1481
21386
28151
7375
14941
13861
3432
4091
30369
8514
18578
21558
1792
7730
30676
17271
29797
3529
17925
13643
28667
29967
6743
20774
11320
568
22913
23286
18201
24023
16925
11774
10671
7246
26702
23010
218
25481
5287
5630
13141
6380
2632
32508
30962
11145
30794
21158
30503
20119
6750
7672
1738
14367
19632
4474
1817
14329
5906
28621
25085
15095
29526
19075
9616
3680
21243
308
22236
30624
10253
14029
25062
29757
30022
12588
19179
13837
10617
22250
1257
12199
18993
16248
4449
17687
12693
2414
19803
29910
25486
27423
4012
3321
15916
12657
31860
16552
2374
8428
12778
12754
10593
27920
12892
17183
31187
14828
12145
17958
4649
23532
6834
23009
31429
18931
8008
3421
5324
30121
26887
6838
14655
32279
23724
20035
21351
28785
9571
28174
31351
2866
15245
13703
20077
14190
18623
14713
7225
11364
3342
18492
3361
29012
10634
6701
25956
12688
29704
26203
5661
5844
14373
12163
9835
7642
2439
23871
14287
6442
2918
30074
10709
22064
20811
2599
8439
6288
15640
12082
29886
24510
32329
3255
18730
10953
5753
24947
22356
11895
1832
2424
10578
12695
3259
23844
19803
915
2756
31827
17451
16709
3460
22996
11945
23563
1199
6938
32456
5918
7022
8244
12203
28447
20906
18432
18700
8179
14984
17563
12766
15569
1072
5147
5681
3737
11475
29057
25687
11368
2284
20969
9541
617
32454
16900
13371
15086
6974
14280
6568
15807
25546
11366
3400
14769
2490
4733
25487
27771
25278
31885
27210
7366
19113
1966
30852
31363
21108
24194
13734
22913
24710
26728
23523
31295
9778
30962
31187
21759
3714
5018
30558
6939
2611
6064
25052
25244
23808
26775
17274
12297
20516
26161
2528
21117
28186
18840
16401
17916
11175
14863
8082
4103
8730
11832
15566
19054
16083
28039
21177
20582
3074
17910
29108
16859
30385
18938
5553
20744
13829
10934
26519
3652
14272
623
11752
9759
13835
9025
12449
17837
23155
15888
5217
6434
4657
30145
28878
6303
30638
12969
9780
5964
30022
19013
13936
18599
1356
20268
9485
12316
13135
7491
8876
11989
17052
30256
1961
9171
7684
16913
25083
21054
29920
18541
6748
505
10578
30058
29867
3706
29645
32577
28558
22489
24535
32752
18267
18982
1549
22319
8249
28416
10088
26788
7042
15715
3520
2650
23660
7106
21902
14192
16361
18518
1270
23310
19403
7093
5125
18333
6444
22950
18999
11832
15885
1076
5436
10845
31293
25857
15611
13801
11133
16605
6360
6467
19681
27031
10802
11223
1401
8723
16432
30918
2609
2205
2238
7131
22262
31613
13010
27330
794
11212
1524
15988
13562
21126
4861
28918
30942
15328
25119
25411
32544
7387
16933
8071
1425
26393
7420
27533
28696
3823
30067
24443
21660
30653
29247
21693
32292
31354
6722
16703
11069
14995
9741
21215
2973
15606
2723
24354
16645
30057
8575
31525
26476
15905
4569
20439
26713
28048
24358
32358
7569
32382
16606
10487
1778
32347
10113
29594
6047
13780
4828
4477
24157
16292
7561
12896
3389
429
25013
25672
9340
15431
6949
15736
17575
9176
10875
25245
27650
14501
23990
15689
9003
20711
8697
30370
23803
2338
653
2652
3501
3762
6440
1508
15682
30886
21360
18398
6435
8914
12731
21458
18697
16160
25369
3618
2842
4391
25236
29760
23381
2047
31158
9501
10799
10835
19532
19941
26238
2231
20842
20201
24215
10812
23983
11485
15539
10050
8906
8771
8856
26254
18493
25895
10357
12445
353
29965
17165
3383
17579
1320
21783
8007
2093
22220
28645
29417
10080
6182
1861
29125
22048
6955
7333
29084
17656
30926
9594
4384
23200
29814
12514
22281
9924
13231
4231
18277
29191
7711
2247
25391
3912
31165
19475
17956
21028
5949
17813
22226
20156
8910
30486
15602
18104
27912
28190
4599
26508
16416
5213
32743
15865
5471
24393
17002
727
16082
8969
15905
9491
22850
3218
8760
13556
6758
1808
18495
5282
20312
4231
17973
4584
8006
16826
26342
19769
26218
3404
31864
4593
15676
31269
16704
990
32742
23831
15066
17919
27128
21953
21368
32395
6749
4788
7546
23605
5006
8405
30015
175
3077
18947
30011
29805
8949
18169
28746
1963
19768
18549
26180
17585
3720
7066
9938
22358
21235
28050
5760
3523
31881
29305
18963
22137
31064
29558
27676
24470
30106
2091
8397
15187
32300
32592
23564
11730
10050
15002
24006
2071
2906
482
18566
13396
13934
4483
1606
22377
20846
26628
28549
11179
8685
5879
26777
30948
12827
6944
26951
19868
13555
32730
8849
23959
31413
20919
14031
10655
2455
9319
14337
21636
11959
12251
24676
18784
6997
18601
14659
5919
25151
14259
9232
9535
27020
13572
31155
9685
9357
2554
13346
26833
10753
7850
22066
29826
31368
30336
1453
1885
2907
24614
2980
26362
26937
23719
12038
8287
1957
469
7538
7553
4174
23528
22090
13320
18127
4711
19465
4435
21656
21580
12246
10172
4396
20323
7001
285
6798
14067
3277
6803
20981
7584
26966
11649
4295
9872
31125
2520
10693
20941
5242
26006
2691
26602
27738
17805
4380
18666
12866
25446
27171
8797
906
13541
2781
20684
21933
30831
7085
28759
21592
27337
26319
24733
26048
2594
8009
16348
18745
2644
5151
8537
1029
24167
9159
771
4201
31574
988
18003
774
14358
12567
12406
6759
28373
7034
13742
27863
17280
25294
5110
10357
13191
14160
229
6538
21220
12968
28372
27417
23130
15642
11587
21944
27386
21248
26745
12447
10988
15992
19563
6399
8044
6490
20191
9109
26643
11117
25809
19582
16216
30938
10006
6477
25686
5344
10815
8539
20944
3274
3520
28766
26226
32542
1618
30525
25177
13080
26517
32547
24022
17494
28922
21203
7535
14037
25056
4667
26407
1820
6397
25675
15616
2743
17152
31495
8381
13543
23668
7643
17644
5016
2792
11823
20260
6291
4429
23100
3980
757
25503
29214
20892
31968
7624
4906
10792
16752
25025
7553
26266
24305
24826
10213
383
26959
5372
26060
16453
12493
27469
13235
24130
20730
26771
15797
26873
11234
1789
29788
12697
9601
21471
17335
30663
13181
4252
16557
12701
5396
23241
16528
5363
18258
8079
3830
17885
2440
24145
13764
20084
1531
32399
2955
17370
29401
15627
31768
15480
16241
29738
16198
31626
8610
17308
29207
30174
6036
23359
17923
5080
12711
27969
14992
21690
14505
2950
5411
14114
1100
29769
2838
2773
5591
4613
21002
4026
19227
12950
2687
1578
15785
14747
14498
5223
8770
21024
16229
9577
15503
25466
4565
9441
15122
19825
3753
15480
3933
12197
14870
30295
5762
16426
18923
26861
9674
30070
14297
20460
20394
1917
19986
13973
29938
3098
25111
5942
30280
12977
12746
5105
6613
25363
5835
11454
31038
17313
1025
5811
3030
27317
375
6276
8466
16189
6762
4166
24381
19625
29088
1656
6764
3592
28667
29251
6069
29805
16717
4865
4252
11416
4974
765
2766
26578
19340
26489
22546
11289
9667
25078
21116
28541
29421
9903
10467
714
26812
23655
20374
3943
14342
10596
26955
11390
23903
4540
15448
20317
24557
2767
2086
6941
29304
26645
20194
21377
10945
1306
26485
30496
17173
20678
27575
17607
6689
7650
22239
12313
25864
23768
26687
2424
18355
8890
7726
23849
18281
8582
23877
19890
19359
30121
6094
28039
8465
27841
2425
23526
13073
10663
23377
10496
28447
18861
17391
17753
1723
28452
30701
113
887
21794
32414
23204
24912
20610
16124
11855
9022
25131
22754
29748
5642
16022
7804
10016
13664
28298
16891
2763
26405
27946
2957
23039
266
26418
11148
8188
19554
32638
31989
16668
31793
15564
19485
30387
18821
1218
30111
16953
10761
18483
29081
7083
21719
17566
7960
24366
2446
32503
25552
15862
19876
23466
29713
13926
5118
30686
22262
22392
702
10230
31456
21344
19293
16222
28194
9580
18681
1412
4094
20271
22768
31780
19921
28894
8621
23241
16522
16634
15298
25489
15968
10031
28983
30000
13509
32381
1826
32311
24213
17045
17784
13719
10900
11398
12579
15456
26135
664
11349
3279
1
8056
28955
23176
30705
29846
6709
18464
19898
3020
11813
5598
1300
19520
24710
11715
4497
1675
32159
12487
16082
3099
13368
26982
26874
21973
12716
18267
6499
32255
17472
18604
23440
4446
30643
29670
24163
31643
24599
18346
13712
4844
1759
17256
20306
1776
11832
28011
29277
14042
24221
31254
22547
13009
29349
30829
14074
27799
5408
10199
20846
23401
25955
23329
23699
5927
13792
3271
21390
11957
6394
2159
2805
15777
12311
19895
6275
1286
28918
4144
25361
2992
21827
30890
28353
2432
10344
2995
14717
8722
26535
22874
15264
12958
26725
23097
24818
14108
14537
7602
3546
2732
28294
11640
1231
1844
22517
19025
16400
18507
17255
26139
5013
5462
20665
32525
11077
14064
297
16448
14697
15248
31079
2926
26977
28517
10736
20473
27285
2949
20887
21295
10159
24647
3684
19916
32264
32493
28834
704
2399
9863
17460
13107
22481
30740
1064
5063
6661
13801
11407
10013
9128
4695
24203
8602
20505
20872
2729
14955
8037
17066
5489
3526
8053
21583
10812
29811
30086
18452
12358
29836
7130
18817
5636
12161
10157
27697
26296
29022
11115
21811
24130
17745
2336
5039
28473
13159
18736
27853
28474
2966
18760
7890
23936
25088
22420
24461
30645
8310
3635
6641
4360
20795
744
12035
24448
1803
7954
15863
13200
1628
13278
14229
19947
5092
7867
16610
18329
3163
4622
10493
16459
10626
22055
30279
18156
6244
5748
20166
12408
17628
3829
16332
20753
32343
11760
10451
19280
23003
32230
19884
27097
30025
27589
21465
14130
32735
15711
12087
18389
11264
19483
16864
27267
28216
22507
13135
13020
11643
1662
17093
4653
18605
25270
6380
29321
5480
28764
23738
2075
15353
10259
3993
19642
5291
28554
29893
22974
27209
25078
2037
5138
17886
31936
18237
24203
10175
1146
21555
18040
20939
13848
12369
24187
1778
6237
6298
15255
25588
403
17536
18569
13675
9599
3078
25436
28428
16276
14626
31032
10282
11623
2149
5243
16763
3427
7389
4362
6175
13758
27451
27370
27102
6059
24625
23306
20146
25298
17950
13923
27525
31997
11757
17219
16955
8724
24378
30950
17139
16459
5047
23879
650
25754
463
30005
14945
19310
31369
31401
30049
27038
7854
19799
3644
416
28462
20867
25333
6397
15552
12566
24994
25090
15049
13041
21105
28088
14719
7297
745
14871
19278
20884
13938
28791
22907
9835
24
26695
27655
6160
27020
16897
10454
24298
2923
11869
19984
3982
31427
13766
11208
15832
12244
5130
24795
22075
18963
31829
24347
8533
21877
22880
31405
9670
29929
24038
2224
23619
5670
31064
20767
27110
4776
1233
22521
21704
25077
15436
16799
26322
16677
22549
22141
13008
29601
23165
27116
28615
299
26066
10327
7817
5407
11918
4253
11654
25336
24015
7351
3813
13333
30727
23963
29908
702
7157
3680
10268
18018
11732
25250
11512
21794
17106
5160
10791
32404
24771
29636
17984
17344
26135
379
28486
20591
11785
20454
16508
6566
17690
14040
31354
17773
16830
6466
16769
16340
5461
16979
5644
8504
26972
7651
15271
18883
23781
20497
516
22066
13892
28715
9292
20955
23820
27343
12979
18926
12346
20304
14927
9723
3247
3163
7978
27060
6116
24539
23702
17397
8921
32281
8128
3841
14670
13352
28808
9743
12598
2432
23696
13317
20073
9449
22675
24451
20121
30875
19449
30755
29063
31139
31400
2303
20854
26248
16668
29812
8160
24879
22202
32038
6761
24572
2657
24644
19473
14906
11587
25870
28333
21437
8179
1428
152
11205
13758
5312
25254
21286
25151
1430
4697
3494
25902
14267
21592
8871
26745
27956
25372
8454
17558
19825
30189
6722
24343
6538
13325
6369
22399
30152
26675
22031
30292
27751
2106
29321
4725
3482
25883
14009
24750
20688
5913
7714
24970
6966
31291
12799
24936
3965
20223
30503
16081
2781
21325
29492
27401
29530
26538
3300
22756
15174
5294
19392
19931
15879
1208
15099
18783
23066
17888
29596
30318
27736
26669
4576
23395
4216
19465
6617
15378
19158
13553
3932
25108
32626
29809
17690
16224
23100
16720
9997
7963
3215
3848
1046
22706
1019
31096
6884
14629
32327
6365
28183
5798
7862
20991
9125
16994
26762
30376
29565
19615
17095
19034
26987
20231
26937
16193
32316
12611
28344
32615
19490
7116
13483
5671
25178
3326
31691
19940
31755
17519
29226
5627
7794
30846
25203
1269
25148
2607
26739
19202
27699
11062
20184
10403
22813
10833
31289
15782
8417
23003
1367
17495
13548
17567
29347
3317
24019
9450
5888
19811
7226
20964
8649
6432
4340
5919
26134
5497
12396
10865
18747
15869
17731
13311
31378
19762
1594
7323
22651
7558
17235
5712
9888
5768
28211
4922
31102
31320
459
7835
31521
10076
3383
19500
27950
8757
26086
12721
3111
31730
17660
7888
14315
26755
21492
1827
1404
6512
27786
21132
7685
12491
4056
1993
3868
24675
22719
1352
28740
2362
28040
15420
438
28473
13515
8688
10337
21795
20880
19291
27439
5320
10933
26358
21898
1915
400
2250
25375
21189
23508
31949
22753
27995
17593
4974
12113
28750
10583
7279
29181
2178
21587
1011
14407
7265
19646
17880
7016
31184
7226
11078
19893
8290
16479
1672
14112
31692
19293
24859
15105
8858
30690
20485
2839
27936
13374
25192
11209
30898
26821
24151
3506
27416
32116
16360
24669
2620
25304
11915
589
31782
8748
23706
12865
17194
14530
1329
26038
19040
17060
31807
26796
5717
14458
1245
10925
28160
17582
25055
23820
4088
29647
21673
18027
18404
17459
32325
28543
30770
22753
22194
3352
27660
21421
11902
19291
1415
6821
28311
24146
7198
3244
2654
31656
8032
26981
22525
8621
20965
28755
17146
20384
12422
31550
3341
4910
22989
6104
4399
3894
2475
25760
15604
24527
32105
13575
13338
32652
21473
16593
21090
4607
15854
25279
32670
14203
4897
10859
2572
19998
7862
17779
31458
17423
14534
985
6442
24325
32702
31658
3792
7433
17935
4062
25594
4732
2087
24192
17559
26971
32417
23055
17467
26050
8376
4643
5162
5039
11010
28499
24499
521
32347
26199
17087
12001
27422
26218
3753
2295
15516
1778
20816
10880
6342
14435
21099
12582
2093
31841
31517
22353
14893
26917
23498
12965
22884
31777
17448
15308
1129
32743
8601
885
16059
2375
6072
14492
28152
20407
