2985
11841
3487
4103
1400
21654
10397
14681
11743
13450
10879
18094
25641
12562
10240
299
30458
8201
6678
20022
1323
30652
25964
26915
24789
30123
30227
24592
10412
8846
17269
22541
2959
22423
20618
23681
27229
10487
31822
15817
19465
22947
13938
17185
22513
15448
27729
13256
19051
9692
16935
31583
6049
21640
27773
28050
12448
28931
15848
27899
7851
3152
15603
31043
26837
16139
22106
26763
30671
19951
32633
20490
27646
30620
23811
24567
6608
20375
16887
13993
8273
19091
6864
28413
19961
24559
6397
28152
18376
25727
12944
13229
9878
655
19002
13153
32420
29477
4983
30446
