2975
12364
15430
30217
3224
9873
1059
23463
27744
31895
11323
17962
24760
28459
9199
13820
15540
18461
1186
14984
32613
16977
13688
5871
13749
29715
31837
7933
13201
13227
8266
24667
26702
10801
195
27654
21061
2211
18085
21503
21953
4917
4638
12613
31516
30440
18941
17920
22564
7518
28716
4095
10435
29421
8058
24420
23264
21234
5790
17822
4480
3688
29817
28824
25393
16569
2460
17968
22440
26323
25354
21483
26793
27775
29247
26343
2599
9198
30321
24593
32173
23445
2837
6295
29948
1596
32677
27297
18422
10577
23713
12860
16826
1409
14804
23190
18705
11658
18904
19313
26633
32586
16092
19154
30431
13084
27813
9977
28194
30053
19411
15510
9238
15978
16998
11578
31063
23653
21888
23052
14526
25559
10348
30397
11912
31263
27872
18622
15029
11852
10367
26288
25263
21552
29602
3100
9772
5557
5464
21860
6997
11893
8364
30713
5672
1412
30502
19151
24347
6544
21652
13070
15618
29485
18441
18699
22066
4458
15911
18806
11495
1192
154
9941
15075
11180
20197
20272
28760
18162
29793
31246
6664
22084
32642
4769
29355
29836
32349
4670
25489
9703
25703
24336
14472
19450
32128
780
19200
13449
4656
20263
26733
30277
8496
16071
30701
4070
21036
12152
9003
32122
1479
16609
1667
14333
9952
28918
11367
21289
8467
18543
22529
11663
8323
11128
25369
26343
32471
8874
13114
4261
387
12346
2576
19661
19785
1392
13589
20231
13055
11355
24685
29686
14738
31172
4365
25286
2379
23392
2595
27908
7249
22089
8626
8371
22640
18863
18557
16540
30232
18891
18727
5861
22697
10005
664
21989
15341
30135
8611
31543
23270
10561
7653
26893
29643
6302
32240
10695
19789
32327
9897
4549
8478
18614
14830
13177
4020
20254
18556
22976
331
15961
23312
31858
6185
21026
5837
25399
6181
11908
222
27293
26474
28050
9564
8040
3193
13657
9586
9258
19821
27155
28863
5395
21635
20638
11771
24073
32217
13612
5854
14075
12918
27195
19261
14963
29835
13256
24439
19051
248
29375
10767
14178
10770
9399
5274
23983
20388
3036
29660
11540
6196
4908
11054
20118
20359
17127
7970
23692
3687
22848
15210
24823
4003
23385
4086
3601
22104
12910
18781
25897
2415
10577
2174
16301
10343
24086
23911
28297
32084
31759
26998
25519
28712
20987
27837
6647
7986
6266
17067
12074
24804
31940
4585
25689
4825
17307
13187
30836
23063
6270
5448
4376
14481
23840
7027
9639
7152
3352
17803
8350
18834
2522
6791
11043
19411
25318
8246
22238
17548
28223
25054
6666
18650
17695
18980
20940
10785
30953
21547
16067
20560
5215
22528
12256
2406
15637
30262
20344
29237
2341
26317
18071
23653
23845
12121
10904
21949
26198
1119
26866
13470
1310
23043
9557
19920
15289
26592
15862
14210
29995
9272
27175
15755
14457
31309
10026
27382
7192
16398
26439
19646
3494
12022
14108
20950
16856
25650
19765
27756
24756
11266
14300
22639
16896
7265
7474
11087
19962
17128
16767
4356
22089
27120
18375
23121
31540
14583
24734
16458
28946
13381
23356
276
14849
24526
19668
14828
10203
2395
16930
8810
14950
32229
12100
3335
11723
11841
4554
20702
19786
1795
30992
175
24107
32668
26828
4905
14072
9413
18915
24681
22249
8737
23937
6334
4512
3869
26216
6319
8982
796
31880
15935
16342
13521
16080
9071
30057
10475
22341
25093
28433
13304
1361
17548
29370
21379
8797
2204
10797
8832
21666
5723
3207
27883
25659
20804
31721
9899
26239
26151
27506
18876
13199
14961
8554
24461
23083
24750
27072
14759
1482
13900
19639
7568
2793
3746
7644
26607
3491
3889
30523
27376
30338
8489
29906
3050
10645
7215
17478
25664
13250
3677
23765
27013
25182
17802
29580
24803
30971
32204
32698
8637
31105
22844
25508
27539
12929
1273
3450
21286
1989
12144
9354
2781
10540
13274
5812
2664
11189
7941
6686
22947
14553
29016
30505
701
18462
16914
11939
28569
5865
10194
20542
13940
21139
2652
5440
6601
10432
16794
4989
16241
12780
9697
7298
25359
27207
30070
7444
1963
11459
13137
4313
27805
25707
25376
24148
18861
26614
18063
12055
5752
13212
32711
6195
24854
29992
15668
9972
30713
7759
21132
9675
27416
28992
25357
11660
10317
15228
262
22233
14076
13032
26264
8158
22262
10528
11198
23104
1693
2319
7563
13647
13384
21181
6835
14467
7913
2407
6477
16934
10733
18389
14807
24142
10339
28392
2939
2574
25441
8819
26000
14061
24483
2123
31332
8855
9846
32162
1849
22227
5588
13968
17805
26037
31697
31731
415
13845
310
31609
31278
29760
10091
24059
28036
31468
23962
6157
30643
18546
28945
10451
9759
21559
23784
15126
25660
22635
15588
23702
9625
25591
26524
16290
28958
18608
29658
15079
12690
14801
11588
31622
28511
11944
15420
7529
22426
23951
1284
7638
13374
25374
550
23620
14776
27039
7699
7534
19881
25794
20490
17575
10983
13715
59
14189
1733
19112
30509
8000
7060
4255
23645
32181
15465
18120
2088
18118
22049
3102
11498
30060
419
14460
7016
20080
2917
22029
9835
17789
5170
20229
27054
14459
12074
9102
30714
29976
8458
15365
13456
15527
9389
11111
23495
14894
22739
30214
32502
7866
15138
12417
30612
22518
21610
2802
5534
5372
31277
7273
3385
3435
18783
666
26521
16058
15978
10706
31521
5068
3701
20784
11980
10948
9702
7953
3275
11546
28709
22988
26736
28143
19619
6304
6986
17053
21788
234
7570
18835
22809
25499
32197
4960
12984
20202
31635
25101
22703
26694
18936
29360
20879
8847
15529
1342
27718
9349
25777
5793
25064
29569
24668
266
17583
13923
25172
30345
24640
9419
13322
2523
28463
30348
14167
14723
18886
26461
11108
12572
29186
8914
14535
13549
8415
11403
2286
27582
14549
6316
27841
31466
16803
10380
22147
10422
20811
8114
11001
30945
1630
25853
11727
30588
30585
17442
3383
9724
15376
25436
20691
16014
29290
16734
12245
16810
26349
20365
4709
491
16540
31852
16963
8734
22238
16983
3757
14745
5249
3701
26499
4814
3070
5096
13225
14367
8447
24390
26285
17140
27422
15949
6569
8459
13808
20434
11115
17424
16962
20475
11220
28526
11426
29870
5758
6244
7458
28233
8353
3163
9304
24724
7736
20855
27049
26612
16991
30060
3784
32481
16128
16019
27769
22425
1966
29501
3227
32278
15313
11079
1381
22078
31748
24558
6640
19035
11963
11749
17397
15818
30761
32165
2777
6135
26977
1541
19430
31625
10939
23818
22492
32217
9593
2816
2472
29353
28842
21449
14963
8211
1359
10870
14046
28351
32189
788
6540
27225
25666
30408
12002
9794
21771
28191
17930
23174
30533
17823
4926
19727
4483
8354
1859
23320
15712
24164
16435
14052
32357
25946
30592
11695
16429
14533
4406
2533
32710
3208
12416
26002
9307
19254
30062
281
19216
17008
18421
29226
2606
26990
21560
16110
28544
30171
7173
14724
15869
13030
16803
12209
11942
20118
28619
17107
14514
4445
756
31767
9449
13297
22484
28908
28750
18263
25379
3000
16896
25408
30370
19657
30818
3737
22364
6030
4474
5726
2347
24583
29335
18095
29567
19578
21303
14885
17243
8040
20263
13158
11936
32191
25580
13559
31886
25937
23906
19282
30600
26501
30115
15673
11287
31820
11306
5705
6450
343
6201
16338
13757
14728
14967
7142
28495
24742
4574
22192
1592
10068
30676
25095
27331
11076
1944
20291
32696
16296
5344
31568
26149
6633
30145
16641
13918
13980
9166
9638
19011
2738
30852
13280
31937
21742
2278
30900
668
9117
25700
22239
16491
25217
15105
9321
16868
1294
11957
18045
13913
8409
21520
16248
5763
3149
9761
25408
22399
21919
29078
9687
20246
9733
31524
14384
11585
25891
25898
26433
12012
12486
6289
29017
28155
31957
13558
17844
29323
28549
19467
25165
27002
19915
27706
17395
9257
3095
16012
7327
17792
22335
15306
17413
16435
10681
15586
5737
2628
16654
27275
13748
10698
1931
20524
24775
32496
17978
5626
21775
28480
13073
9825
28249
22050
12136
17062
30952
24223
19121
19146
27077
10859
23907
15537
29015
27171
20535
11908
7219
19155
25495
18515
30261
23739
2899
255
25552
22355
12951
8791
9634
24204
31770
22657
14924
11609
21143
20636
4736
18798
23937
10915
19292
9287
11763
17044
25334
19821
14310
5330
6968
6645
27558
16840
32494
25929
903
29904
15645
20267
22995
12883
20118
6902
23304
20785
6604
5159
26688
9059
2275
7197
15857
4575
17929
17693
13014
12219
4617
7833
25389
2198
26909
5810
7203
11828
27140
5371
7053
18792
13141
12928
30680
12855
11027
13063
17475
21306
25729
9109
17739
23620
6200
16948
18791
2117
25206
4852
31222
31342
15289
17968
14454
30358
24461
21522
23542
30941
5538
29017
25294
28815
4385
16730
27789
8779
23104
26949
4147
30052
30229
26794
25249
12423
16551
23356
16717
27038
11595
2004
13626
11509
24878
24761
552
8091
23598
22814
13832
8460
9198
13292
19634
12300
9513
12226
15322
5846
16198
13370
31552
8822
11821
25711
23848
26996
18010
15036
19210
26034
14127
4550
14986
26007
18319
16060
28330
6253
16552
8413
22847
14856
31504
19003
12450
8617
16916
9663
3495
14370
333
15982
9683
6458
28788
3050
30153
25682
12662
26684
28678
73
5323
4816
974
22174
30724
25793
4198
18900
29348
6744
6276
27419
17713
21967
18948
13100
16011
16218
11740
17013
2940
26216
5202
27766
9359
18469
4461
4715
20006
8004
7593
4395
24263
24829
12014
18000
16311
2897
24003
28824
23498
10389
27328
28555
28793
11310
14401
9822
30005
3226
3170
1560
3323
16048
12071
755
13865
30248
14586
30981
11408
20317
9563
17439
12746
18002
32211
3830
12237
7923
12585
7552
27073
8862
27353
5793
12047
22242
32450
4359
17595
4487
15647
26451
30963
3534
17080
6009
5352
26361
6490
12649
8412
7182
15492
6383
11900
217
22115
7895
7537
16432
18688
13654
3634
21371
22457
17317
30492
4979
1262
23791
4036
17961
30716
24173
1676
20042
32623
14544
13428
24482
883
26847
17203
23776
31884
25441
31111
17049
17031
30781
8649
17295
18353
28896
16068
31282
5190
28127
711
21351
5676
18397
15609
5769
6369
30640
12525
11949
31155
18879
3190
6443
27695
24750
28605
7514
25307
19262
15248
12698
28712
12654
6653
12696
13218
23783
29984
18893
10090
8342
20537
15432
25062
25499
14081
25262
8119
21346
14143
4479
10731
271
6294
16538
27764
28192
18081
7428
20697
19533
8514
26597
12588
29875
10038
18131
30524
23090
12013
26963
15371
31508
8601
10141
31619
5615
27782
32416
12388
9676
7337
3398
27777
27016
22651
30457
16684
31355
11272
20326
3055
13912
23362
29569
31613
84
11932
29641
24807
7563
28116
29645
8467
12447
32016
8943
23147
6306
20525
12904
4818
14134
10324
27788
476
25074
20430
20815
19262
776
18457
23561
15747
11557
7739
22134
26881
9881
22870
23809
8972
12216
14205
30786
18793
2176
11462
28613
23045
31100
22688
14861
13031
25575
25959
11736
3684
7445
1590
22693
3986
6415
1789
7796
29439
10366
8915
1741
14242
19914
5261
23299
21521
28034
5519
31162
19445
24063
16098
935
14779
6724
135
17815
8333
7209
8971
947
6785
8633
1884
2562
14096
25048
6363
9775
7625
29737
9650
28301
18758
28718
4456
31320
28256
1969
5555
28478
25503
8291
1421
2077
7412
12484
18057
30991
4011
25666
29800
21668
4763
19109
25319
22126
3744
5802
29148
14019
4939
12270
26497
27582
9175
7182
17680
31623
20575
781
18832
17364
28495
21238
5870
23216
2841
18114
11599
27772
22569
21627
12453
15155
18202
18082
11392
8946
1834
1231
18984
18359
3307
20375
11496
20584
28988
29618
26796
21272
15480
14429
18127
22151
29165
3326
19758
3303
28560
14855
15233
11238
30190
6428
29419
1512
27750
6264
31695
18580
13718
3469
7654
1171
10259
6890
16014
25236
32605
11618
31077
10644
22802
21611
10007
31324
4705
31172
18036
25675
6594
15451
31686
14165
2276
29293
6753
14156
6887
5871
27771
5214
21196
9773
11582
19680
26154
11697
26908
23626
16418
4966
14435
23426
12436
22525
2065
30301
7059
22672
25833
23139
15639
21381
31942
722
21746
13494
18992
1510
20230
27854
7725
18264
15284
22518
31833
13348
11416
30642
32057
27536
18803
1029
10957
31082
12648
6108
2916
1425
31852
31914
20148
7351
28920
22863
20778
30308
16896
18494
27007
23614
26921
6367
13452
5769
28983
16434
21343
490
17604
15542
20366
12912
21816
29065
6603
18388
11765
15568
22201
22272
18386
19801
28159
3279
12491
31615
3994
28180
23543
10574
9079
22749
11706
28136
22337
11001
6203
4135
15992
12727
23576
5252
14531
18161
16729
25144
4743
16201
23715
17313
5048
3507
13486
17894
28911
16436
23545
15326
21181
14825
21181
26670
26432
20042
17695
4786
12787
8624
31145
3359
3530
29461
1019
27366
5503
13083
4030
28763
26150
3152
22490
32022
28680
16561
7657
30105
18862
109
13803
28724
14652
7659
31291
10534
26625
17165
15298
517
29771
2999
618
4192
21888
10635
12757
32674
18026
29943
26192
19001
10707
3954
7682
3576
7506
31490
617
32698
11876
19202
26120
16969
26046
21026
19033
9342
7394
29103
521
2729
20977
28181
17252
1842
28096
27810
16143
26241
12333
32396
3829
12828
14004
23862
4483
28431
20797
15279
1304
7057
6456
20859
30647
12260
32492
663
24320
9853
16652
18615
27742
20325
652
16850
29057
29407
29362
2016
26895
1867
15216
13795
30614
32330
10737
15908
30918
27939
17778
30143
27869
5222
18515
31073
23138
2767
12142
20305
30742
3948
21415
27309
13096
18178
16836
29687
26024
26798
17536
31440
20798
7624
21722
29954
12828
6412
25779
11972
32305
10492
14232
4154
9375
18816
15837
23612
24944
30928
9707
19544
31108
21395
6106
11802
29390
15433
20291
25994
7361
4582
1871
30967
32004
14783
27924
2547
29805
170
3106
24479
12333
5985
26968
26153
15176
11816
16381
18322
17481
29616
5388
437
27443
31546
5326
7557
11194
19967
28334
27542
14259
11216
9034
27103
21962
16122
30918
14014
6259
18284
2405
13628
291
284
8282
18067
25535
18854
22747
15597
7765
18742
13176
27503
30986
8873
5547
30582
16979
28399
26544
20256
31592
1972
17558
26895
10486
25919
28823
12649
7188
5018
2469
18467
18297
755
9797
29824
29932
14146
22176
29140
28411
6956
15319
31118
29424
31271
10648
11893
32513
26080
1519
19762
20679
2778
23390
17935
10226
14423
20783
9214
8506
8059
32265
25821
15769
3503
18626
9976
27063
9796
19316
20432
6566
24408
27859
4123
19663
17918
9149
26891
3628
19865
6419
5843
17592
11913
7112
1128
26660
6154
6967
11396
28108
14680
7098
3057
489
26136
22904
2308
24840
23027
3454
29800
26043
24452
2322
1820
7822
24180
6979
447
60
5347
29893
20748
2083
10
32252
23457
25334
14367
21335
23812
27570
17273
23519
29159
5843
9461
11792
14763
7623
10648
14055
12580
32419
14710
22332
10908
9237
12242
27474
1818
18841
32390
28845
5348
28656
8358
15907
14146
30159
8288
566
15237
10452
13350
31649
32584
25277
14096
8241
19446
1756
123
9686
2956
29638
24311
8698
15008
15692
14944
13073
15267
17068
8522
26738
28515
29960
17826
23653
14035
25110
11411
13437
16911
22298
5543
31784
20635
12305
23855
3460
18155
10031
24036
31860
15657
14476
5582
14324
27442
28187
4709
21929
5602
10203
26615
15292
24977
13393
14409
7401
11741
19765
3201
31443
24234
19564
1603
8859
13928
11574
11291
22448
9621
11689
21787
8425
13186
9310
30661
27601
25689
24170
24619
31298
16479
6543
4436
20021
24695
28340
21986
2008
9192
16531
17394
27105
29535
690
14404
30754
13624
27796
3228
25694
22265
27952
3431
15708
4127
29346
29346
5177
16926
23073
24568
3074
6563
7217
12330
1923
21788
2329
4020
26969
21626
10648
10926
6735
22069
6100
29168
18919
1425
25747
15225
7478
15905
23725
16914
16373
10377
17090
18478
3030
5255
20776
25109
14868
13365
6183
11073
21326
7304
3177
27400
20885
12061
22956
27772
10436
20789
19898
3472
10511
5118
28571
18812
28639
12820
5897
16994
23262
1607
6180
3633
12621
24479
22375
19146
30622
22173
23003
15713
8511
1988
9610
294
5300
22360
1591
2341
13800
8806
2636
31083
27333
260
19476
7019
19970
32218
23338
29088
1084
26337
23090
11891
26441
7019
9414
4702
31689
31588
4531
30034
25853
23511
9574
32598
19165
9395
18593
21618
26212
31696
22387
14283
10287
8493
7270
27151
11590
24700
3066
18195
30266
15328
21586
26299
5232
13301
5422
17691
16828
20753
21529
13787
5681
20937
228
9952
20536
8887
7762
30248
25312
891
25365
24310
15989
32000
26361
16944
1876
3329
12384
19973
12029
10955
13806
18642
9066
2372
10373
839
2208
14892
6516
13766
12419
5795
20715
19723
17646
4331
26803
27154
22531
21360
32539
6453
20160
20741
5686
1174
22995
10865
29507
9660
28848
3370
4717
14977
736
28512
693
299
21404
19773
15916
32729
13210
19308
21093
23329
3367
25304
27946
32759
30326
31158
8558
9424
15928
3525
30851
26120
9836
21460
9101
385
16761
28806
24887
30094
9594
11858
27556
1807
27097
21709
681
29405
8991
1324
26169
20072
20746
16388
21792
23454
29409
30805
25588
21519
13828
22471
16457
28495
29383
6195
13349
10396
27520
5733
32180
1985
479
545
20284
28986
22142
20323
2898
16793
1721
19691
4431
14377
31936
1017
11774
29904
1514
17750
1175
3386
9037
1939
1009
32051
18571
31381
15347
30293
31982
29778
10060
21220
4792
6869
15715
12278
26804
28552
24721
29399
27153
8114
31887
15787
16496
15935
26922
5973
27708
19136
25918
19096
14138
10674
15841
16508
13665
29187
30175
23028
18411
13266
359
3261
22188
7287
27139
18313
13219
7107
28365
24925
23759
28296
29921
6200
4163
12892
23566
25333
26237
26267
3025
6770
26356
32427
19587
15858
19184
27012
16593
22208
25246
12911
4973
16150
20580
7949
11523
20540
3698
28316
1647
15348
29338
7798
27437
5398
9313
22490
16400
19320
14678
27375
8759
7952
27554
31494
29246
20061
7905
16416
8113
1026
10032
432
18630
18357
1671
11938
587
30295
5194
13979
23517
1380
17178
2179
29787
5518
30961
23105
12954
6309
11630
7621
30298
3770
17005
18252
21881
7812
19163
18655
14695
3331
13257
26397
28890
22626
958
19259
2499
31266
9298
30281
1920
5237
27128
31159
18771
3816
19996
6423
13587
26181
3950
14628
31265
13240
11389
16388
158
12080
27783
19146
22747
12552
27279
23615
16145
30439
22193
26850
1875
12261
25011
25645
1472
5103
1756
13082
18173
2668
10249
10214
11491
9248
12285
27413
17268
27729
12025
30134
25108
21801
9612
232
27894
17244
29101
3741
19156
32011
4615
28574
25315
32743
13204
27344
14086
665
15725
27061
28225
9570
20193
20021
25457
5630
25540
21919
3131
10959
4873
11499
19523
14647
7060
6722
2206
11078
13129
24512
3977
6293
19561
15224
10331
26225
17694
10424
24504
13116
13652
18063
25608
4369
20171
1933
1575
21415
874
3786
12894
30072
26071
24105
30099
22562
30788
14814
25276
25613
23948
25902
27802
19278
8318
7286
1955
29643
1400
28783
10304
19616
6713
26288
28984
4802
30704
885
9836
18658
27544
8350
14278
26261
30856
13819
30828
689
26950
30406
22073
31994
25245
26737
9581
27390
11503
22179
21667
19517
10188
18557
7428
18829
7106
23329
699
957
24183
9589
14760
13689
31990
2340
16985
11373
24647
5350
21302
23982
8258
23554
25083
6485
30884
26385
24940
8557
5219
8708
1860
10255
9023
27496
11886
30923
28058
10473
10615
20810
23177
1301
6468
11570
7211
14947
7168
2378
30266
3956
26713
25055
21215
26776
10476
28774
6603
4756
11261
27746
32131
10915
15212
21384
13051
18362
12516
32033
18279
18704
6742
31921
2126
28126
678
6102
12768
6755
12964
21362
22409
28204
32317
23564
15046
3986
29171
19828
1080
20612
29834
7590
4855
4231
12548
12017
22056
32762
23760
19801
25810
10399
11839
6969
18413
24407
5943
12589
10940
813
6187
29998
25949
11670
16202
27903
5535
14327
10231
4041
14867
14952
3706
23298
870
26552
19445
11922
20461
27313
20121
13369
1410
10397
25113
22059
15759
3337
23647
2302
30568
17096
639
27846
17630
32315
14825
2431
9489
15568
23010
10923
389
7625
12597
7739
376
14399
5157
23219
10099
4710
1703
20618
27936
7698
22222
27343
20827
24186
15239
787
3211
6972
19334
19586
24371
17570
24704
31315
11972
27940
15003
9571
25782
31790
30755
13596
17366
32291
13694
20380
10210
13729
26978
5395
25427
20999
20805
10861
12154
28468
533
22322
25294
17042
28970
15018
24965
6484
2425
23620
31841
3067
8458
6968
12749
2847
25260
16748
1320
10604
32743
15765
24673
18155
16178
18590
13252
386
14950
31309
18451
3775
24947
4388
30425
25297
5457
29061
15611
18647
28474
8218
23440
20574
2071
15220
31474
13348
21560
14578
1045
7714
26439
26853
9240
27850
13439
1521
11802
23950
7961
21431
20303
16545
28423
4272
18771
6657
32229
16220
9918
21429
12333
2717
7672
25939
3754
18781
5711
5318
5167
25975
838
13390
904
10709
2608
456
22961
15318
9726
2864
12358
17394
15702
15460
9275
2464
24293
31275
5325
1655
6133
28277
20152
13460
6466
27109
30635
7229
7689
32396
19961
25795
18787
14328
4241
27821
28113
5229
9008
11538
29464
9074
17109
27719
20047
28047
24182
955
16438
2390
26609
15646
19913
416
12613
2761
10005
28953
10754
8026
28747
30463
4350
10398
8467
26918
28234
12725
28194
26432
26980
28784
28943
13147
20398
510
610
29611
24351
23240
31215
16778
10553
28057
18786
10685
8763
19970
9498
505
12439
20989
12091
14245
20646
30416
22782
31714
8347
3380
28236
28873
26806
28855
32652
15347
29626
20063
7609
8767
19360
16016
7351
4303
11917
13871
20455
14164
20482
4872
29945
6028
14930
18285
16641
11785
25690
26912
17357
6195
20332
10100
5494
23440
16780
27822
566
12867
28639
11953
10361
211
11616
13019
15671
22830
29141
18730
27264
12014
19714
17059
31833
8410
6684
9972
20422
31664
1920
27992
14376
23074
18085
15547
20169
1566
30799
30495
24758
32594
10502
5182
28365
19184
29127
3952
29718
28846
4345
27856
26199
18706
4002
6554
9442
236
18139
11224
18866
30244
22914
17726
4278
20917
30254
7506
18797
762
30056
30416
1715
41
10264
1100
219
28701
27197
25
24061
8536
19937
31594
21649
29256
29261
10423
23613
3785
23417
9570
24812
9964
24006
1691
11296
758
29167
11649
30857
6316
1341
9865
25558
1486
6651
6180
13003
5090
19498
1180
7060
10546
3702
25407
2649
19224
13160
21696
5138
5497
5852
30426
2973
19344
31670
6966
27917
26093
29137
25999
4934
16829
22584
5396
27591
21835
20377
32014
7366
3527
12534
28866
20866
14919
23710
9881
8405
10251
30044
22142
16904
21509
23534
6024
1004
21912
32440
16601
14886
26273
20922
20934
5323
11444
704
9528
5677
10152
15832
29777
6900
26965
5641
27731
10352
31388
26178
23486
29997
4520
16017
15033
24520
32116
12693
4787
18434
27277
5686
2378
32275
25882
4499
4716
15425
15385
32060
3516
24240
10731
32162
21303
19836
26131
23756
29463
19717
1083
32075
11511
10378
17527
31087
25145
27386
14542
17083
1957
6662
25591
21911
23122
10107
13664
21829
23498
3279
1653
9238
22889
17657
32030
19422
774
6278
30601
19109
21718
28650
25899
6047
22668
8212
12545
29791
453
25925
8476
24135
10660
33
20316
13379
28089
10503
8060
25783
30248
19870
22094
14261
26375
19632
13896
2420
263
9276
17728
2301
13655
17862
8052
20264
12485
1266
31693
25031
8743
21585
17765
30497
16377
17531
28230
3490
20807
31070
24437
11216
15822
2517
10799
23681
26974
32125
24178
15179
24194
23748
10943
9533
3171
1858
10527
25036
7146
17485
32100
22544
8229
16839
10417
9265
9708
30011
13884
8476
26308
4904
9555
14970
8963
4253
13469
6882
26421
25350
29347
2637
16575
29254
14222
4299
9666
28934
27698
12661
5186
3916
16972
20899
11400
15183
16904
8287
19140
25738
20679
4633
25591
29967
5406
17564
10768
29982
23586
24384
15189
3318
25571
17249
24837
22763
12086
8465
8508
17337
18104
17418
10262
23320
2831
11494
19479
21136
31859
19091
12747
10383
7022
26625
21161
8633
18143
8733
27453
3711
15173
31235
5255
3827
5946
22383
3230
18650
2366
3957
29336
17411
2742
17267
31150
24792
19508
11331
22428
7475
14073
9653
29255
7027
10169
3644
4258
8142
18078
20199
4818
30697
8335
8083
30097
165
26033
23392
9424
15932
28974
31073
24992
14990
32310
32152
16210
7605
11844
30241
31709
13535
17571
22701
14209
23389
15152
21554
20394
31223
5217
27361
24855
4227
3718
26713
13627
32182
7247
2074
7908
31033
18063
24636
2586
29695
23359
25697
17226
21207
3526
5352
14756
14141
27768
11875
16577
19062
20316
27979
5513
16092
9266
14835
10836
31606
15284
20667
32335
9675
31773
14982
1058
32248
7400
10606
23503
16641
20442
3510
25565
1381
31554
30463
26039
17909
27008
5567
24911
3813
4548
28912
15366
292
24088
9221
22224
8169
4769
14626
20371
7311
14881
29580
29137
5282
15297
7775
6791
30266
32270
13183
4949
32391
15169
28368
10462
1710
27331
8618
114
4819
25584
23175
28907
22391
7708
13567
25300
10501
12755
26103
31697
2471
32613
22549
6458
18782
7842
27767
24074
27730
31715
13220
22520
19303
17994
12994
32739
8976
4938
2314
6515
1128
23401
2426
13822
23679
13380
7369
24232
1521
27604
32672
10703
6334
26865
12551
16294
27733
29972
9502
4639
32754
21345
4109
19471
15658
18661
23869
15245
18629
31260
9929
15258
21963
16822
16687
24840
12001
25754
12108
28308
27094
18220
4743
21590
31098
1995
27468
15963
4527
8862
15804
30352
4546
657
28322
7649
26875
9114
27817
163
10610
10817
31181
2607
15653
5215
10512
7120
29000
26406
25710
19168
19420
32353
3858
18989
24451
24829
6090
674
4499
16073
4025
7971
1641
31610
6476
4024
10240
27378
17263
18414
31426
8898
9472
15482
13469
1261
19587
25632
19034
26607
22552
16339
26410
32765
18859
11806
642
28047
27499
3522
2089
5404
22653
29601
18064
9252
32241
30682
5985
26484
10229
24118
30298
22182
28488
7619
31324
30951
6898
3006
25791
1789
18995
11702
15081
28296
31417
30447
7711
6791
16149
29957
21914
9503
14704
12241
16094
22168
11898
16528
6215
5545
17572
25666
23013
11509
17295
3409
4234
2517
26564
14451
28448
22616
7845
2257
2624
8328
16036
28521
29185
18671
4018
25009
7694
8794
14330
25469
24572
24797
24784
26658
20442
9751
10212
20188
26377
183
12476
32365
15694
1343
27233
25607
7205
25609
23896
22892
23640
8327
5587
13908
16849
19918
32297
4367
18860
29782
15748
29291
7825
1275
28377
216
10049
32072
17438
26314
25454
8437
27063
30815
2768
27822
15921
23618
8821
9751
12850
15311
31833
11532
25776
15992
21814
29229
20322
21607
1181
13978
6004
5220
29510
30971
22143
12538
19365
13252
28600
18645
6333
20663
17768
5743
18233
30122
25244
17132
15545
3722
27933
24642
31082
14496
29602
20124
30681
29459
27717
4353
16137
14510
30516
21808
23235
26340
14761
13007
11821
5649
25884
26053
21662
18179
16055
2021
1201
2489
15114
3532
10648
362
512
2828
9907
27082
28433
394
31073
392
25018
16420
11543
32283
29226
5271
21935
27838
24127
21664
1026
9401
17072
610
26808
12003
29836
4104
6495
18021
3811
1707
11195
22208
2242
5238
7005
6930
26469
17928
11639
17045
24745
28441
18159
15976
448
1633
26802
7314
11816
30901
17995
5188
2782
14196
10932
10078
10703
1569
8044
32053
2447
19281
2505
23187
15693
26824
12944
23296
20743
24287
27587
20288
15866
16169
18618
25885
861
12885
7285
31847
14158
5462
12849
19768
9229
29122
29753
17276
17768
21880
29951
13233
14966
19846
3691
19692
32648
2122
2931
27677
1117
25303
4076
13459
29333
26009
12960
4547
14440
29757
32160
1605
11160
13515
18652
27679
22692
29205
8944
2630
21055
32085
15425
9058
5376
21266
2121
25042
21339
1859
2351
17648
15824
15543
31131
29590
7010
11188
18632
6113
17995
31711
7387
10292
24814
30043
20339
16768
22285
19765
6273
30403
32572
4352
23386
14799
28822
30140
18954
16717
24750
3581
21227
4097
7625
11081
3191
336
31050
28353
4955
32511
13933
19715
3788
17469
20792
2384
20254
20964
12719
27626
14995
30716
8008
14272
31857
6273
2206
9037
10839
1893
29545
22718
21456
11225
10414
16723
12329
18121
28979
8199
24192
677
30262
16243
27678
12391
6750
14064
5383
21970
24306
2812
29390
28919
10569
11487
3502
5374
31874
7566
983
17443
31605
14287
15110
11007
18152
26014
20568
8457
3079
17615
14944
4700
22286
32502
20855
14011
32329
22660
12883
14802
14654
15154
11996
14526
14377
16291
16698
14544
20392
31300
13619
31630
3256
3960
31668
21499
17632
21234
23725
24857
30380
30305
31522
20907
3677
2899
24448
5439
25311
23635
31789
7788
32507
24917
24674
6745
2766
21333
3389
16766
27002
9018
8466
9647
24347
22528
19715
8534
21245
6166
18640
19456
524
25093
14576
6171
13707
14419
15072
32253
21001
17575
3003
22569
21137
13869
32011
21710
1058
24380
11230
8337
5470
22071
11805
11916
20102
7601
10778
16791
1446
6100
3176
6854
8973
18691
20463
28979
18944
11710
3135
5885
31152
10182
15909
28560
14953
18050
32380
6951
11019
28322
6982
31632
702
9474
18172
30255
23266
209
21026
5958
21829
2290
8989
31348
29337
162
24649
7291
11557
26460
71
31302
11194
12281
13460
8490
8425
29468
25184
5228
10867
8397
7581
11267
17665
30052
23126
20640
10261
13737
18498
14572
7745
30265
3225
3088
11671
29228
20006
3451
9312
13556
18334
13791
24081
7048
21552
23933
21626
28867
10845
23459
20801
10502
14602
16243
21391
293
23251
1509
32265
1153
21411
28944
8450
15985
19585
25765
13550
6887
16813
27580
22810
14928
5868
19411
10907
15547
17952
18707
1925
18494
23579
32726
4701
20117
14261
30567
2512
22029
16156
21000
18596
18849
32620
15930
496
5218
27264
3384
3464
3100
9991
4805
22716
28470
9946
12839
20290
31194
30605
15476
20592
22102
323
1036
1198
27842
10183
18791
10028
21987
473
25873
6096
30032
6854
21234
18803
32467
29244
723
24652
27410
11867
4638
5292
8047
13327
21221
11756
19756
6558
17446
10660
19411
10109
24398
25374
29397
23400
24315
20235
13937
8625
25350
8052
3031
14553
5569
25587
22670
29533
13949
31266
28947
19410
11600
25172
27331
32564
3093
19587
17658
8572
8371
29066
11645
24688
31907
3220
25621
26815
5548
2261
381
8525
25585
14200
9598
12492
8494
8664
20569
396
3391
19442
27493
14228
23522
31515
17657
19697
12221
21742
908
18510
18083
27273
21531
16837
15123
1017
22476
10741
32513
16370
5328
1877
29657
23491
28301
7623
17346
14218
26877
13425
24608
27300
15185
28104
18780
31848
30171
26093
999
5397
16170
2877
24188
15112
27767
25892
28070
28723
31040
15665
24707
17354
8754
24176
4807
11327
10060
24308
3
15729
31042
10163
31784
3873
22047
11927
21831
26533
6447
5841
17050
32480
16924
11121
17608
28017
30551
26675
23397
7211
1977
1180
13240
18373
12139
13638
13506
27859
9219
6009
3195
12277
11247
31482
8799
5711
17687
32296
4905
8761
7870
12356
6623
10295
27305
11793
2574
28715
18820
27805
16215
30409
22145
9822
9770
25420
5698
7808
16850
1383
19705
11902
21426
28543
32718
20976
1998
279
9601
9380
19085
30092
19024
1775
11197
19202
11035
23621
29399
5534
3014
6152
18564
4854
19679
3230
6497
4549
1152
12486
5631
484
7799
20268
29743
16501
18341
21563
21884
29793
10404
11826
30456
3846
13229
29562
3644
17705
2488
17207
30634
5170
15076
5149
6645
10136
26138
25988
8932
12954
31725
1727
338
4656
10437
26794
16506
19265
10813
11651
10353
14614
5065
27387
18420
15
18076
21132
19300
6292
8393
13324
17679
1615
10152
3715
19121
3992
12667
9018
3131
2353
21073
16148
18386
2612
4139
11809
16155
7241
8798
3441
4534
15388
16440
28454
8456
15887
17126
1229
24894
27436
7829
17391
15246
27229
30424
14562
26048
18911
21066
31717
21230
15604
12660
31853
8584
25048
3313
5817
10906
9207
32463
10156
5714
3677
6969
4828
6589
8814
15443
28391
16849
1751
17766
19462
28592
8900
8509
18660
27179
31060
32719
27056
10373
22857
5918
25968
14970
13573
27486
23961
29056
14002
25178
13277
12109
25792
9748
29253
32153
27284
6827
31103
21285
22910
27522
27001
10748
30188
29599
30767
19193
25822
1361
10945
29321
19866
21782
9416
12978
17313
3003
490
13909
3297
17349
28076
18864
6188
30224
28040
19494
14313
6582
4416
28483
29962
31538
32113
26363
3646
3782
1131
28466
30567
16922
16704
19074
27982
4389
26907
7736
29077
25168
18131
20383
17134
28121
5312
18050
9611
13430
10446
14572
4054
18748
9935
25650
3937
29374
11542
22323
31264
26489
12097
12767
16342
10608
29526
32246
28621
17683
25874
1298
18122
30565
13181
18408
22848
32606
27842
31435
11716
7822
3134
11122
23489
3332
11991
29690
621
25710
24975
24366
11259
18050
15960
25095
28947
17052
19243
3695
28799
16040
20308
25418
28455
26434
4880
23991
13375
27420
15705
12179
30143
1440
17409
16192
26899
7383
8702
21668
19476
30346
18437
6004
31288
18599
31578
17074
25093
10469
5862
12660
28364
8107
25226
10472
14995
25135
29875
917
7251
30683
21038
8675
26212
20212
16446
17374
26933
1149
31980
12343
3648
25433
20895
19595
7997
24241
13292
2792
3478
2965
26799
20622
19996
24038
23899
14834
7416
11379
11150
24585
15844
16482
31465
706
3227
29650
13598
15573
29069
9150
16458
9403
3800
31012
13190
32509
14708
19815
14776
26034
4781
11763
5808
2371
21975
17183
624
28274
11837
7767
20170
19867
10586
13178
2865
30521
6476
385
6857
25003
31621
11874
28864
17465
14276
6707
26337
25426
19267
11667
25190
29207
13362
26438
15118
11550
12645
27935
6256
4719
10826
9251
14735
23251
21277
5099
23214
6223
24927
6474
11622
7659
25732
11312
5877
5303
5868
15566
10457
25104
15124
27643
1950
17184
22798
8919
13300
16804
28718
19886
27140
26098
28935
15903
2820
19002
5013
30845
17673
29452
23996
28789
27933
4378
28145
30961
16274
4160
24120
27453
31382
6081
21326
18792
1799
24532
3111
24558
9096
95
1435
10899
17876
7426
1628
146
9810
4695
10027
19447
10730
2168
11083
20554
7704
3778
15670
17517
31550
9433
25488
17351
8511
21740
16985
23203
16969
17211
31846
12754
28658
22230
18706
7576
32391
24487
4657
5062
12960
23986
11845
19747
27896
19868
2805
5648
18556
7786
23482
4716
24226
13452
8412
30902
9724
7706
6813
2161
7949
23645
31923
16333
17243
26257
30204
5251
27333
18921
24686
13313
6935
2772
11597
3783
30172
11135
24992
13073
14452
31643
14053
15030
614
5472
13316
20560
22007
11218
21122
3997
1787
3651
1015
17701
3051
1305
11202
20765
25912
27601
24827
12684
3807
11332
3241
30636
12350
32553
14389
11411
32293
5596
8223
26898
817
4446
24304
9438
16981
27292
17520
237
26554
12276
11544
4387
31689
15349
28106
26926
19590
18790
10176
28847
287
2186
6339
17050
3012
6563
15261
7135
28090
4277
19664
7498
427
26252
1928
25767
16449
31488
11983
16683
13043
3192
14080
1807
2334
18605
9086
18046
855
23217
27813
27057
10496
6703
513
32345
31769
16372
15550
11837
8025
17326
22112
11044
8829
18164
14261
4597
26849
12679
13319
2333
24141
25304
1173
7729
28177
7370
6213
9940
28756
3000
2963
10460
425
4026
23757
3504
30947
11044
12418
9460
28459
14928
14904
14953
3663
22686
7517
17166
6493
5816
23168
25996
25457
26139
7361
25040
10443
24019
31622
7162
32292
15493
1136
20086
19010
19379
8590
10088
32203
2108
12240
21838
32087
13346
22974
18145
29128
13712
2665
8763
29406
26396
3234
14143
16390
15689
10859
28982
31603
25936
24747
2998
7024
16672
31526
3784
1525
25763
11435
22089
2680
30787
30607
10385
11781
9389
31323
8275
32145
27604
29890
28100
23180
4921
6358
13056
30133
875
31867
32681
27698
16585
16155
12241
15072
24975
14235
12826
31720
9489
16014
31003
8851
4161
26793
7174
10591
13175
17783
27272
26194
32114
30286
30705
31118
16282
12674
24981
2598
18311
1496
21618
17712
12743
29246
5651
21275
23004
9657
5300
14147
2949
31646
17062
19907
22847
2053
16629
23434
15370
18555
7497
25778
24688
19703
9994
15629
17604
27920
8135
1792
3240
23916
19161
5268
11729
14716
8259
24266
23055
21862
9949
1839
19079
27715
14770
6065
20547
32395
15526
29873
19950
29901
1116
13657
32472
23204
30038
22064
12097
17894
7774
31211
18899
15902
21029
11399
24176
14397
1067
23700
1582
31372
27870
32468
18592
31973
14598
4100
26200
6435
18528
26874
11433
8151
16265
6384
14002
9533
28958
14880
16279
6766
25122
29841
27154
1750
28064
9008
8491
30185
19345
20258
30275
27922
32511
30041
8279
32236
28523
19045
131
18613
12653
28813
20421
768
17050
21535
23044
22185
15530
8708
27217
11534
17371
3223
19564
14972
13456
21176
1930
24040
21566
15643
13909
10464
2440
1510
8245
9153
24489
24188
30670
8745
22803
1939
25290
15279
21845
12173
11992
15570
3650
2821
22516
9264
28752
23464
17386
32761
21054
22854
22293
16290
20474
12584
18029
19934
19649
4005
19137
1738
24712
26608
6464
24167
13467
28212
17726
19278
4996
30691
28469
18847
12334
13899
25866
2619
26698
32618
6034
8755
1522
6403
2389
20096
17548
14833
6802
8180
7410
13756
22147
9072
7376
1642
9697
23128
19789
10391
2731
5956
27885
32200
18724
4856
181
10493
8731
19863
145
6533
622
4115
8948
14358
19409
8680
3006
27165
6860
1802
25186
24403
11779
23067
4936
23953
21178
5858
16496
32485
31384
26873
9561
5605
24235
21189
29217
11331
21421
16555
25069
20386
13190
23681
4235
8360
17
13635
21334
22613
8995
3848
6490
14227
28618
28468
5817
5390
18642
14574
16206
32069
4238
28117
21647
6370
17877
26350
2744
19782
29258
6625
2342
19305
19936
15974
18944
225
15262
26618
7453
8000
928
26582
21026
11683
28255
2849
19947
22664
9522
2405
3885
29664
31764
14144
26201
25446
2215
20828
25795
23854
10873
29600
18179
14977
26758
4264
24219
19176
18431
32115
16091
23943
74
25948
12546
29868
12362
14924
13222
22440
30944
29997
2390
30430
8370
15010
6781
22041
9515
14325
11913
28963
23747
19537
16461
20115
3712
21041
29092
13542
8892
7448
25176
13777
20778
32643
28226
982
28692
27931
5810
17942
18662
3376
6929
24166
5616
20835
1220
21924
3432
25762
10836
25164
7598
1626
28108
15686
16084
9703
14947
14594
32094
21072
1371
20167
8774
21041
22057
5704
7236
30712
6614
23417
3660
1620
17829
18080
10071
14571
3318
19119
10086
17740
11882
19921
13764
26660
7240
16451
27788
21172
1056
5477
15724
3202
31150
21265
5032
7503
18688
11051
22370
4938
13275
21369
13848
14723
7772
4021
21614
4770
28379
8673
19758
27609
9492
5339
8589
7191
27785
5425
32432
17279
11810
19510
31854
7960
25879
29014
14680
17606
15119
1446
30710
23417
12170
28095
8532
9124
20092
24013
20669
25585
14906
19427
19655
3635
3226
23698
4496
12443
21334
32185
20550
1840
11186
9118
2029
16761
16735
23614
7004
20604
13470
11490
2185
20717
11177
28147
9479
26015
4942
6415
973
5694
21213
15708
26681
1600
30532
3613
27221
6169
6521
16259
12376
20654
1048
9669
24944
3853
23630
19059
13758
27739
20981
27655
18338
22541
6912
7101
2618
17500
15898
28068
2341
30450
28810
28405
21901
20970
2906
22180
17508
10487
23480
9270
25069
30435
21148
8402
15999
1852
22443
30362
30854
26698
17244
21052
10186
14659
17497
17091
3572
10434
13352
19380
12366
14198
7946
23894
16074
4887
803
10065
27718
7583
2780
31098
7182
29878
18054
9966
2210
3438
10560
8030
18362
14384
19738
12969
20360
8439
17018
12976
24893
8123
28351
26470
31950
27953
15909
2342
16888
4017
11496
13642
25218
5239
27565
4345
2498
26895
8989
3648
23906
26891
6867
1892
31588
29687
18296
9335
6500
8079
1068
16170
10525
23087
31528
14562
9775
4490
418
30478
28960
12703
27377
31159
23456
4073
5874
16472
18961
5846
16298
28913
3654
17787
18989
30039
24459
22406
7870
718
5094
10612
19511
16345
32413
11524
31404
31825
6136
491
29003
12213
21064
1737
13190
12737
16424
30300
31093
24898
28675
25843
1909
11560
8407
12838
10518
13277
13368
17093
21300
27861
407
5902
12643
4199
28356
4387
8849
12763
29106
32699
26854
16324
24443
16663
4335
24208
11427
4664
21500
20829
673
24143
31174
25870
20123
8821
32085
4510
11634
14748
31009
17845
22782
9413
7800
4217
31387
9076
15391
7591
1764
12385
6204
14306
1726
13937
8563
17739
29081
4580
15184
29265
31986
12752
10725
32459
1308
28110
24756
24900
29505
25587
14543
13461
17572
29442
21053
9146
5928
9439
9376
18398
24342
7495
789
11448
10779
24767
5980
28442
5008
1994
6201
10695
19966
12895
16153
9350
26082
20378
16633
31092
8621
3506
20100
9374
8975
1579
24443
12751
11637
31309
19802
31911
13777
13268
313
14061
8089
24041
14576
10534
19218
27217
10110
24935
22734
22245
29868
17511
18035
26434
24557
13528
18623
9921
2697
17656
1737
18090
11514
9827
6794
11428
15254
19499
31387
17776
15983
29482
12608
28631
24696
1175
1190
5089
31209
1752
29801
14920
6628
4247
12377
14380
21336
29208
27774
17160
20774
2250
13914
229
30082
28956
12141
26830
2204
2705
20735
1923
14976
535
7449
31858
31803
22165
24789
17122
29760
3011
27607
7026
4618
32574
24860
10690
1282
5084
1267
6768
6818
10044
11336
25926
18395
1442
12584
32689
25012
20482
4226
4981
18741
2139
5419
3488
3715
14407
13349
6588
20300
26063
32289
23881
21605
19075
19010
1899
12978
203
32292
2271
29511
7032
5917
2099
1740
23454
22723
26167
2086
30886
17582
26287
4692
11935
16255
20810
11670
1749
1824
7896
6101
3749
24142
1719
27711
28815
4437
142
28210
9101
14363
3646
31579
9379
22880
25110
26911
28344
21316
13639
20793
9380
11530
25239
4517
8586
13851
6489
957
25448
5710
15516
11939
1004
13158
17059
30942
13194
4061
10389
7496
27339
1760
20086
26407
17896
2458
20310
31130
16023
16821
10696
9783
14373
15646
19606
5874
4549
1801
23475
20288
13096
21046
16753
18557
18253
6258
24564
11659
6555
21344
30439
31165
18733
12921
4461
32499
18029
29266
4187
5894
20196
14621
9380
1126
23376
7283
19989
17921
13303
13393
12866
25191
7996
24416
24512
28204
24176
7289
20884
20878
27882
7528
18156
4440
13658
30448
17165
7943
12634
4624
18829
29738
10054
17029
10946
32015
31310
9872
29818
5787
16585
13305
23276
9082
5324
5716
11759
31865
21244
17027
11882
16431
15264
25468
22540
17891
10747
1101
29501
14250
21976
7005
852
6096
21350
23284
25866
13689
17734
27389
12590
21640
29923
28683
14235
3264
17666
923
9832
9257
12954
409
12638
26806
22501
20261
19887
19748
9655
32406
21988
19749
18191
29887
10776
23742
25323
29554
8292
26350
12385
11587
22938
8080
4332
18062
20022
11394
9476
26556
10129
27143
3825
17601
14680
20074
22496
15849
12093
12517
11063
32213
17132
30656
23590
14528
3649
29117
27006
28936
19896
24244
29639
25833
10021
27515
22925
2443
18597
9480
28154
14143
29652
9946
32170
27397
18752
2197
5562
16723
26654
20204
16674
3601
13884
25539
12357
13800
25655
22933
32455
11452
494
32276
2975
15735
14134
16
5997
32521
29904
11418
7437
6829
12696
1897
6252
18285
2046
17021
12186
7912
18362
22785
29217
12115
20412
20854
8854
28350
17506
27406
15981
29592
30190
14934
14353
5750
2871
31000
5941
24848
17567
3456
29540
28300
27460
3197
31968
8448
16507
15210
1961
20530
378
21742
19676
21922
21332
5409
22078
6602
11051
20720
18457
1700
1696
7362
32071
877
2191
18012
10636
23977
19962
9729
30249
17255
3906
2782
19629
12998
24989
18086
17423
696
11460
7290
25594
26886
10476
5899
12904
8596
30968
2562
16242
6887
13549
17056
9062
19428
30886
11169
8987
5850
19145
26727
28289
24003
28665
11092
11644
11207
32333
19320
20211
6146
17665
23916
20004
17799
23660
21373
25146
9381
29234
26893
19489
22889
9659
23863
13977
27491
2276
16562
23689
8877
6388
23288
27030
13866
17361
27303
18677
12044
19828
17703
22141
9625
10650
6541
9729
15150
7612
23231
21724
30084
16194
5337
6605
24370
8692
12752
1798
4467
19121
29014
12927
2858
14947
6141
14480
31011
9522
6558
19647
21404
10744
17148
19671
29956
7669
9893
2618
3586
16581
20761
15735
6841
27790
2094
22559
15691
5758
6579
10453
8603
13173
32084
1445
20056
21758
19901
28823
1847
4740
23811
27267
9343
4803
26687
26662
971
18812
11900
7542
30219
15725
28371
4915
20173
27264
4564
15039
30907
5187
552
29743
13156
7320
30837
15010
24127
12974
16002
27345
29932
28207
11676
22504
8382
10939
27704
8853
887
14230
11993
1630
8018
12189
52
4407
71
3455
21650
31060
2698
20521
27767
1340
4693
17282
19073
14879
8423
16729
16530
17513
2765
32411
22578
20119
15200
14538
6702
14921
22927
22442
31109
28569
10718
22334
25989
13996
20911
3570
18226
20358
24512
8986
28135
15395
15862
18843
12096
28867
28761
4840
15926
24197
17759
28209
32140
3127
23405
10199
20843
12653
8091
32034
13385
2000
10680
6198
4879
18105
6542
2115
13434
31999
22886
2557
12225
15629
27087
13388
13945
20279
6812
23876
13750
24142
21804
19287
4724
21105
23534
1737
1333
20007
8995
24421
22763
427
9958
31343
4375
18567
25194
31961
15155
17764
19588
9657
28494
28705
32105
27899
17398
18978
25016
31315
14682
11499
7867
2166
24496
26349
3050
2186
15573
6815
26032
6619
13619
5073
7538
10703
31720
1854
27342
20508
20005
28768
544
15160
32211
392
5195
16658
3965
23085
31670
26623
28522
30596
14996
31735
521
4946
11881
1025
5011
25855
7369
11244
27371
30955
32099
30272
969
4613
9535
19060
13335
18841
14148
13153
16539
24937
32253
25079
9431
31744
4765
18479
4653
12099
30016
24640
27207
9545
31347
29718
14518
16236
12791
30976
28633
28576
10946
21417
27905
15364
14407
6217
2002
8375
7415
6940
12525
17389
15880
25876
25548
12354
17525
24779
28652
2382
20294
21435
23858
28281
6929
30641
28552
16
17089
18559
3527
15001
32150
23025
4057
7268
32365
18947
14367
18787
22594
9041
23568
8507
3059
17359
35
31643
9030
7098
27375
32461
32046
22735
29585
17547
12106
20922
3919
16659
8367
17873
25211
8318
16871
17666
22681
3661
1593
21514
1988
6981
555
8424
25421
13693
21318
23442
422
26293
13593
1766
31102
19689
26497
21987
6702
294
18983
26905
852
24733
20809
94
24509
27638
14270
29891
18313
12518
4660
3783
3465
29188
10173
3274
31724
216
13194
28100
17435
32309
29685
21558
9697
29897
10949
5473
4559
499
29358
18615
19167
212
3608
27535
19287
27561
4898
27932
28912
26456
6373
13984
13368
11592
18941
989
28469
18294
70
8140
30539
21190
19939
22930
3679
15255
6021
17840
28477
10393
9193
8058
31031
2019
17571
24266
16143
29248
31771
22005
32024
22730
17621
27646
14999
12475
24053
18186
6767
4479
16642
31508
7934
30990
9450
4322
25922
10872
12870
31032
6976
23233
19680
16459
13734
8176
5746
5496
10415
22115
3761
31542
10311
28773
29834
13130
13168
25603
19628
15162
28388
11035
12614
27907
4859
2485
20242
6158
28880
3734
13202
9825
21151
531
20634
8723
15218
14116
22798
12034
18941
29369
23277
19656
17094
23889
14990
29930
1417
13000
29482
26963
29146
9328
16539
18177
32524
8548
5731
12543
2898
31001
2032
10131
9764
3126
1567
24504
23012
32678
5630
11982
14530
9707
25814
24209
12509
4789
23913
32072
27562
3251
8824
32318
15514
20905
4744
15990
25335
24771
14566
16795
8975
16169
20457
15158
31381
27347
14455
14372
29764
28575
2762
31814
24261
21152
9332
26746
27347
18361
22433
31946
29853
25963
8093
19172
31852
19180
32406
27850
4741
27769
26786
21451
14929
31212
24580
946
2235
5009
9899
3645
474
16694
10491
25297
31184
24449
1488
18027
31986
30599
22464
2010
809
13465
9121
17452
29335
27745
4171
20326
13694
27951
19359
5496
26462
1677
16585
1903
23902
25
961
26861
3565
29332
5656
4566
7081
14134
26865
30797
1920
24900
16462
5855
19989
30181
23437
765
29797
22066
1842
18352
18346
3980
31718
22664
21632
1586
11968
12502
22854
11794
30404
29466
14279
17888
11177
7359
10777
18534
8672
8710
16070
2075
10193
1601
24618
10486
26728
17473
27420
27780
22224
6929
6353
1081
1918
4837
16380
24068
6770
20045
12602
7973
6841
31662
12974
16707
30519
31475
24296
1465
30883
2944
27404
13106
22739
5735
6192
20853
24378
26847
21509
22402
9903
29426
19642
32733
28783
24181
31773
14122
10342
4669
28164
22778
32426
30096
17899
12005
14921
2010
18398
26073
10564
8353
26778
28081
20955
27579
10479
30473
18699
30143
16488
849
21078
23737
23342
15137
11458
31010
28458
32460
12580
4879
27754
25912
9630
30632
19654
7405
27239
732
18115
25451
25546
29011
10167
1729
17778
3748
6446
9563
8932
5065
21901
8220
26957
18896
4085
29357
9854
17618
4970
26132
16693
19241
23861
20872
1694
15582
13958
23939
12569
3937
4446
32026
19518
12669
11436
4490
6686
27530
17335
27667
24012
4069
19643
8713
12061
3997
2775
26408
15275
18287
30502
25128
6432
6389
17709
12177
3249
9242
1653
1745
27624
13521
12664
13707
31399
14599
4034
25907
27242
21205
22352
24280
24268
23291
29500
16704
6989
26506
16284
23866
15954
10976
15527
11312
11629
16089
32025
5372
5855
12356
21465
29436
11355
24212
1241
4969
31501
984
32062
7396
1243
30958
22210
5458
32491
2547
10838
31210
22885
28413
30219
7564
29818
15629
6706
16725
9893
25407
12738
7024
30768
2116
18939
16431
14331
23570
15689
8538
19833
12762
13675
6087
27643
30267
6356
11050
2865
21941
26450
3119
18669
10080
18925
29894
6187
28638
23058
25278
24911
4238
25585
24726
30637
30466
10275
20624
2126
24756
24720
28166
26097
1780
3216
30977
22097
18213
18512
16392
17574
6953
13176
31798
32110
30234
11018
13200
22381
22843
23181
5525
28147
13614
26732
1558
20573
27495
16793
19015
19166
992
18549
3095
11392
27406
27380
10173
11877
19477
25596
30611
24659
23352
11279
4648
15984
9363
23850
11920
21577
13068
3565
8959
4377
9095
26619
12695
12617
30809
32164
6013
24883
16639
8898
4658
32043
27153
19680
20257
4800
18801
16034
31092
1855
15048
609
23084
1913
24627
30741
15985
9414
23353
31352
6182
17226
4609
24424
3265
15735
21697
22413
26202
24787
30586
28989
6913
10236
13283
17052
24149
21993
26530
32520
29011
22130
706
31668
9323
2067
14946
26514
16345
21229
21418
14967
17970
12557
6916
8058
17725
3057
23432
24221
10501
4936
27319
2479
17708
28922
7277
28784
2178
32360
13073
8183
3798
24309
8207
29009
1293
9157
10376
27499
4977
23749
16968
31793
16971
15083
15608
19704
3251
10175
2964
13849
5543
30234
16928
5599
13147
4141
7063
3748
17616
18118
7205
28726
1448
9679
9109
20608
21561
29207
1037
5990
7648
13398
28921
496
26007
30059
23109
24747
6346
4071
1999
5452
9831
15055
2332
5015
3125
12702
19786
27007
20070
7562
30533
4751
3439
9224
16958
6792
11799
16018
2649
21324
18382
16296
19878
8698
19777
10517
14675
10075
9003
14195
5920
18301
6510
18161
12050
21661
31330
30036
29036
24906
9325
9532
31963
32200
25044
18089
21745
25779
29392
2237
23764
23268
32229
22724
27192
18073
23151
21105
1162
16847
27006
1386
9326
11251
28899
13320
1900
32442
11403
28503
27622
27214
2572
13413
18766
31914
17022
28345
22678
22599
18060
1057
231
15864
12490
19889
31893
28178
12874
8712
19027
9425
11626
21717
16035
13815
29423
20378
18833
2998
21848
10160
17569
3280
1644
21900
23814
11773
29462
28992
28180
12941
4466
6212
24568
24654
21800
24695
24231
10928
15865
31841
32020
6439
13463
29883
6310
27857
10682
6961
4329
18777
11120
6758
10116
25883
25780
18233
7275
1161
15171
5959
23125
17613
32683
24752
18289
31152
25509
18207
3668
8890
10916
31236
29494
15258
18606
10276
2399
27593
25451
19540
23772
22891
27004
14209
25718
9078
13325
31732
20453
18197
26286
7636
1600
29775
350
11501
26808
5604
22761
11183
11654
4215
26997
26490
26402
31986
14167
9753
2998
25127
12843
19596
4306
12723
20003
25354
28513
3112
18335
6726
9180
4203
17662
13810
32445
14938
19124
129
22839
5298
13725
11314
548
16944
12178
17738
30527
8695
21049
6560
16019
4914
27681
14687
29747
7162
7182
29960
24620
30586
13969
31926
10424
20305
10716
1190
29876
9271
21461
4854
4692
10724
32361
23213
30230
6702
30243
18428
9716
17265
28413
8644
25822
22067
11126
25687
12903
13832
6628
14723
29375
20916
23564
12749
21217
18064
27888
8954
15629
21295
22760
20436
29049
23872
15348
15658
5956
3766
31313
22553
22955
20007
26442
20874
25983
5746
20049
21244
23254
29093
4686
28804
1794
6942
22327
31761
31423
3312
27105
7669
20656
31880
23062
22177
14349
2704
31463
19888
6038
10771
15683
4648
23755
738
6345
12284
19294
21303
30427
16085
24809
5273
21492
19985
8413
26623
2875
21004
23738
3384
88
30367
19590
27018
7046
31463
2936
24986
19433
31304
19700
2699
1059
18097
23996
30314
25890
14369
17764
8138
2875
5482
7174
14507
12669
31285
26680
24737
7999
24134
6459
1586
5116
8705
29045
30591
9569
17453
29985
26151
17315
9465
12614
25192
22550
31292
28389
4487
12796
22785
9847
9074
13722
30787
18327
19365
402
4341
10491
16714
32364
32582
13480
2724
3190
2338
9318
6061
17358
28156
25202
28670
31421
9163
25204
30704
1606
25938
1712
4353
26879
30117
25984
6521
25632
15593
770
3917
7898
8795
21262
23107
22506
18324
5995
343
21869
2315
28226
20317
1782
26587
9426
10985
3550
16582
8806
9580
8155
29818
32644
1439
30676
25876
7528
20773
18676
27875
20913
6508
26622
12910
31321
4052
7904
32184
3562
9491
24202
29378
31727
14296
17152
21842
29097
5806
7598
14835
22276
22819
31229
18493
6089
21546
20515
29270
3349
11711
23103
17849
6922
21449
16293
14646
22212
23108
2678
7226
18575
1183
7029
2897
7767
32355
4117
3561
25184
1814
20183
16729
2615
5471
11730
13602
29160
13675
26515
23668
6001
9870
21032
14580
10871
31790
3192
8892
17464
17885
5590
20899
23489
709
981
3007
19040
25673
19037
7465
29789
9193
18942
32000
27109
28774
6277
17329
5191
13863
14285
22133
17251
18140
11992
27675
12126
9313
14622
20231
17051
29413
37
123
16359
22091
4946
8469
6388
16080
4607
17049
2313
26863
15310
1777
18423
5250
23356
12402
26959
14121
15993
1889
15314
11759
12919
14518
15657
12843
13376
4639
30167
5541
19598
16200
20843
2554
18837
27738
18170
30530
19236
29122
26060
9711
21740
27955
6742
16376
23327
27630
16232
27960
32062
2625
20392
3857
25388
11341
19263
24404
28806
13325
9682
30309
16951
22676
20660
31898
10822
662
13658
2789
7667
21034
13327
32435
18947
12750
31464
17683
16728
6828
18683
24859
31172
28188
29132
12679
2847
2153
13576
14756
25751
28888
15990
29037
27720
19174
25130
24819
15629
27858
26876
2818
30357
16219
312
27393
21433
19147
10135
2586
31500
5428
7278
28571
15796
13818
14630
28828
14457
17041
14828
8931
2844
30856
20393
30468
6634
18631
3637
15820
3472
10261
2760
7392
1329
18653
16049
13986
11958
8753
586
2388
14694
26639
13355
18816
22198
22755
24734
15255
15714
1102
32083
20696
25276
28454
3413
2931
24132
14526
16701
28143
11130
9575
26534
31177
15856
12854
16864
350
7075
5640
4329
20746
29067
21444
28312
29586
22129
16864
18204
5567
12289
11047
1701
19788
28192
27833
20321
18179
4224
13651
19370
8226
10865
18896
28798
28419
22778
29424
17455
16124
24360
30809
32091
901
23718
19675
3615
18072
21134
20472
28552
5726
27263
18596
16714
30215
13296
32073
4533
22009
19395
3342
25060
22318
8733
28249
14904
24023
21110
13970
25349
14150
16876
3883
5514
22282
30685
31709
14631
28508
25780
22068
202
26810
2819
8781
31915
31953
16083
8415
29753
30880
28472
17016
7251
27099
11816
24585
32188
15245
27276
23717
8137
1538
4248
5254
19293
5604
1112
15697
31255
28324
10892
7066
17866
19483
29622
12715
27694
26482
7537
19329
15061
831
7684
3096
30560
752
28215
24553
6130
4461
9574
30896
24549
6905
7123
13938
13500
7769
1856
8639
16217
6457
17854
23349
11633
5067
19136
9285
10044
4017
25203
25914
19825
24093
16210
21622
21361
8503
1525
8959
2498
31935
19241
21051
27840
14835
14406
5880
2959
25267
18877
28079
23380
6115
23537
17418
19109
10001
31304
23459
10558
9047
9345
18959
14325
1411
32328
14875
29936
6006
7431
21077
30741
11978
26624
25807
29634
31416
16025
19487
11710
26936
22774
6570
1136
26473
5837
31011
21583
308
12406
27982
20890
9260
32322
18954
10825
2489
18958
3982
1091
3190
24344
2803
11217
27863
19473
24563
1619
18703
2931
24560
7474
19505
1556
21047
21781
22677
9212
4487
9560
12669
24435
8909
25530
26616
3679
10546
30805
3847
21965
23383
3540
31487
31694
24031
4576
4142
2948
10031
6619
25793
32636
20593
32721
14821
26174
30687
19371
4141
13603
6206
15526
23348
15719
31144
1796
6275
30591
8079
6658
19893
6317
22527
521
12761
9937
20515
15144
1559
32386
21003
1986
24983
32605
4012
8068
29854
21149
7977
19098
1786
32749
3153
15651
13729
17530
9064
18146
13205
24651
22826
11062
4618
19925
29709
13644
21451
6090
23239
23699
20442
16691
11280
3440
10070
29630
937
27188
21154
26713
4253
6219
2500
15871
24775
28085
3083
13010
1428
4795
2805
29547
30218
27610
15439
29806
21001
24580
22430
2657
27345
20232
702
13246
13509
19534
29129
18758
1647
29127
15931
2201
18627
24356
14675
11524
31912
14662
15804
2714
14772
15862
17516
24454
2615
16343
16589
20383
18556
7832
2074
15933
24907
3950
18444
31307
8114
18882
20663
28830
26118
27687
13742
22661
30756
11662
2670
3746
15100
11965
15866
4600
3409
32765
22978
22340
7610
12051
10185
26257
25069
29042
1031
30471
4924
16047
23821
32004
21600
28469
10215
24174
25718
13114
19270
16711
839
30194
17887
10369
27340
258
5134
21268
498
29751
6335
4431
11418
25976
3470
1131
23780
15609
15917
31846
18861
8626
4870
26639
28246
2576
12066
2909
14279
17642
9546
28676
692
3766
2156
17482
20255
1789
23360
7191
19743
6668
9002
18508
9951
13037
8803
14422
11241
18837
32084
6659
16805
8543
20290
11156
15644
19385
29232
29715
2562
17181
32257
21991
17140
12868
17118
12197
7934
15254
17111
32553
22624
21732
28365
15078
28818
2905
10895
21882
30085
17326
23619
8069
11308
19102
2824
31676
17467
18842
20697
6457
31023
29629
9140
10261
17550
32514
14844
15417
1392
15797
3613
21105
16702
27687
17774
11203
25018
1702
32347
29438
5183
15276
18883
24725
11850
20055
21407
20654
15162
32025
32485
32631
5972
16561
30892
24505
15370
30554
1680
16303
8573
20546
5208
12312
22848
2877
17622
24971
18015
24763
2575
27659
5792
9720
2204
13531
24840
370
19024
26259
3489
17312
1051
12148
27259
14305
29486
14841
4593
435
5472
5038
1581
23077
16593
30277
9711
16783
24269
9959
24201
31104
19955
24520
16175
23288
12182
30718
20845
23767
9315
15763
23289
24214
15428
13785
27819
2869
7557
14333
25290
26740
10038
5599
14985
26182
4816
18209
24785
643
22811
19071
24129
21725
24142
12638
1140
5909
10616
2471
130
32111
11040
6613
30409
29539
22312
9037
3053
4245
5624
7918
32541
23047
20696
10218
14744
9101
7580
2260
30576
9602
19847
7930
28046
6842
25450
2036
4343
31415
13580
19837
25422
9248
15310
898
26777
2926
22671
3193
10824
16873
3790
30708
27507
26835
31502
12150
29283
25827
2175
25989
2900
26101
10714
31488
10361
5887
6541
20147
17217
2631
25880
11049
25305
13779
18359
18113
27634
5153
6209
2564
7620
15641
20048
4150
24658
2880
25250
5675
18416
8494
3775
19293
29187
25410
12252
14651
7945
14740
20736
13507
11737
11819
8293
3666
23595
15217
21537
29627
28762
24291
16901
14487
12393
17421
11974
30941
19013
7094
6234
18867
4425
29528
32677
27779
13575
8403
30037
14416
21830
5729
28171
11595
5959
13005
8635
26273
8269
25056
31317
24216
6491
8477
21925
14554
8256
15534
7800
1808
18897
22685
256
15283
6518
6727
15993
16159
4584
1550
25613
23274
17208
25935
26869
28531
31252
18580
30690
10174
29766
31242
26523
8063
15997
29749
9959
12148
8016
12514
8109
21496
13184
25693
21850
25046
8061
30949
17027
32091
31276
24157
14796
1967
21736
580
19976
30309
1223
999
1441
18768
4382
30933
23866
4760
27463
21908
23956
17678
21409
20114
18606
15549
4057
17758
8753
13761
22120
5656
5898
9565
4957
22823
2137
10567
27229
27945
15754
326
6632
23856
449
18175
9181
30507
12412
22540
24385
9890
30068
9807
22332
26535
17348
25222
7012
26121
18508
13599
25919
7370
23384
31053
14082
2515
13693
11867
22431
18919
27588
4929
20479
12502
30475
8309
19852
12787
19111
21507
3571
11463
15950
992
14376
29191
20277
10875
18090
5316
31861
24982
26376
23522
17075
32596
29348
26571
31488
2451
25783
24676
8446
29563
29077
16193
17476
22871
9011
2581
10500
11940
7910
4460
23531
4712
30829
1948
15689
15814
13874
1016
18290
16590
27341
17992
5220
410
1994
20086
26282
12694
19884
7306
14720
11551
32049
11480
7223
31056
11736
1144
23771
21528
28065
25079
17940
2704
3604
26188
29770
2444
17028
18958
1548
23665
29589
29412
11187
3654
27644
32060
23106
8461
17030
3648
9617
3923
9564
517
1451
3078
27269
18950
2932
29831
2476
4050
18575
10496
25380
28673
28286
16120
30761
24940
26891
16932
30825
7326
30695
30592
18627
6021
2962
22175
26446
26989
27002
11583
20637
11056
